0.000000000000000000e+00 1.905930000000000107e-10
2.192982456140350755e-02 1.906021024841416569e-10
4.385964912280701511e-02 1.906391049682832787e-10
6.578947368421052266e-02 1.906482074524249249e-10
8.771929824561403022e-02 1.906413099365665630e-10
1.096491228070175378e-01 1.906504124207081833e-10
1.315789473684210453e-01 1.906595149048498295e-10
1.535087719298245390e-01 1.906761173889914625e-10
1.754385964912280604e-01 1.906852198731330828e-10
1.973684210526315819e-01 1.906971223572747426e-10
2.192982456140350755e-01 1.907062248414163888e-10
2.412280701754385692e-01 1.907153273255580091e-10
2.631578947368420907e-01 1.906921298096996470e-10
2.850877192982456121e-01 1.907012322938412673e-10
3.070175438596490780e-01 1.907188347779829088e-10
3.289473684210525994e-01 1.907279372621245550e-10
3.508771929824561209e-01 1.907313397462661936e-10
3.728070175438596423e-01 1.907404422304078398e-10
3.947368421052631637e-01 1.907495447145494859e-10
4.166666666666666297e-01 1.907804471986911020e-10
4.385964912280701511e-01 1.907895496828327481e-10
4.605263157894736725e-01 1.908083521669743845e-10
4.824561403508771384e-01 1.908174546511160048e-10
5.043859649122807154e-01 1.908199571352576667e-10
5.263157894736841813e-01 1.908290596193993129e-10
5.482456140350876472e-01 1.908381621035409332e-10
5.701754385964912242e-01 1.908628645876825632e-10
5.921052631578946901e-01 1.908719670718242094e-10
6.140350877192981560e-01 1.908523695559658316e-10
6.359649122807017330e-01 1.908614720401074778e-10
6.578947368421051989e-01 1.908846745242491208e-10
6.798245614035087758e-01 1.908937770083907412e-10
7.017543859649122417e-01 1.909028794925323873e-10
7.236842105263157077e-01 1.909099819766740422e-10
7.456140350877192846e-01 1.909190844608156625e-10
7.675438596491227505e-01 1.909152869449573066e-10
7.894736842105263275e-01 1.909243894290989269e-10
8.114035087719297934e-01 1.909629919132405676e-10
8.333333333333332593e-01 1.909720943973822138e-10
8.552631578947368363e-01 1.909783968815238462e-10
8.771929824561403022e-01 1.909874993656654924e-10
8.991228070175437681e-01 1.909966018498071386e-10
9.210526315789473450e-01 1.909984043339487583e-10
9.429824561403508110e-01 1.910075068180904045e-10
9.649122807017542769e-01 1.910158093022320541e-10
9.868421052631578538e-01 1.910249117863736744e-10
1.008771929824561431e+00 1.910386142705153135e-10
1.030701754385964897e+00 1.910477167546569597e-10
1.052631578947368363e+00 1.910568192387985800e-10
1.074561403508771829e+00 1.910374217229402143e-10
1.096491228070175294e+00 1.910465242070818605e-10
1.118421052631578982e+00 1.910705266912235000e-10
1.140350877192982448e+00 1.910796291753651462e-10
1.162280701754385914e+00 1.910899316595067871e-10
1.184210526315789380e+00 1.910990341436484074e-10
1.206140350877192846e+00 1.910899366277900422e-10
1.228070175438596312e+00 1.910990391119316884e-10
1.250000000000000000e+00 1.911081415960733087e-10
1.271929824561403466e+00 1.911420440802149505e-10
1.293859649122806932e+00 1.911511465643565708e-10
1.315789473684210398e+00 1.911632490484982168e-10
1.337719298245613864e+00 1.911723515326398630e-10
1.359649122807017552e+00 1.911753540167815034e-10
1.381578947368421018e+00 1.911844565009231495e-10
1.403508771929824483e+00 1.911935589850647957e-10
1.425438596491227949e+00 1.912026614692064160e-10
1.447368421052631415e+00 1.912140639533480457e-10
1.469298245614035103e+00 1.912231664374896919e-10
1.491228070175438569e+00 1.912188689216313058e-10
1.513157894736842035e+00 1.912279714057729519e-10
1.535087719298245501e+00 1.912292738899146191e-10
1.557017543859648967e+00 1.912383763740562394e-10
1.578947368421052655e+00 1.912671788581978839e-10
1.600877192982456121e+00 1.912762813423395301e-10
1.622807017543859587e+00 1.912853838264811504e-10
1.644736842105263053e+00 1.912814863106227885e-10
1.666666666666666519e+00 1.912905887947644346e-10
1.688596491228069985e+00 1.913179912789060465e-10
1.710526315789473673e+00 1.913270937630476926e-10
1.732456140350877138e+00 1.913467962471893315e-10
1.754385964912280604e+00 1.913558987313309777e-10
1.776315789473684070e+00 1.913650012154726238e-10
1.798245614035087536e+00 1.913727036996142373e-10
1.820175438596491224e+00 1.913818061837558835e-10
1.842105263157894690e+00 1.913609086678975308e-10
1.864035087719298156e+00 1.913700111520391511e-10
1.885964912280701622e+00 1.914028136361808041e-10
1.907894736842105088e+00 1.914119161203224503e-10
1.929824561403508554e+00 1.914210186044640706e-10
1.951754385964912242e+00 1.914145210886057070e-10
1.973684210526315708e+00 1.914236235727473531e-10
1.995614035087719174e+00 1.914243260568889841e-10
2.017543859649122862e+00 1.914334285410306303e-10
2.039473684210526105e+00 1.914743310251722545e-10
2.061403508771929793e+00 1.914834335093138749e-10
2.083333333333333037e+00 1.914662359934555384e-10
2.105263157894736725e+00 1.914753384775971846e-10
2.127192982456140413e+00 1.914844409617388049e-10
2.149122807017543657e+00 1.915143434458804382e-10
2.171052631578947345e+00 1.915234459300220843e-10
2.192982456140350589e+00 1.915301484141637151e-10
2.214912280701754277e+00 1.915392508983053612e-10
2.236842105263157965e+00 1.915215533824469688e-10
2.258771929824561209e+00 1.915306558665886149e-10
2.280701754385964897e+00 1.915397583507302611e-10
2.302631578947368141e+00 1.915497608348718840e-10
2.324561403508771829e+00 1.915588633190135301e-10
2.346491228070175517e+00 1.915615658031551783e-10
2.368421052631578760e+00 1.915706682872967986e-10
2.390350877192982448e+00 1.915856707714384385e-10
2.412280701754385692e+00 1.915947732555800846e-10
2.434210526315789380e+00 1.916038757397217049e-10
2.456140350877192624e+00 1.916007782238633654e-10
2.478070175438596312e+00 1.916098807080050115e-10
2.500000000000000000e+00 1.916512831921466401e-10
2.521929824561403244e+00 1.916603856762882862e-10
2.543859649122806932e+00 1.916715881604299297e-10
2.565789473684210176e+00 1.916806906445715501e-10
2.587719298245613864e+00 1.916897931287131962e-10
2.609649122807017552e+00 1.916745956128548252e-10
2.631578947368420796e+00 1.916836980969964455e-10
2.653508771929824483e+00 1.917190005811380941e-10
2.675438596491227727e+00 1.917281030652797403e-10
2.697368421052631415e+00 1.917372055494213606e-10
2.719298245614035103e+00 1.917303080335630246e-10
2.741228070175438347e+00 1.917394105177046449e-10
2.763157894736842035e+00 1.917386130018462889e-10
2.785087719298245279e+00 1.917477154859879350e-10
2.807017543859648967e+00 1.917740179701295581e-10
2.828947368421052655e+00 1.917831204542712043e-10
2.850877192982455899e+00 1.917844229384128456e-10
2.872807017543859587e+00 1.917935254225544659e-10
2.894736842105262831e+00 1.918026279066961121e-10
2.916666666666666519e+00 1.918197303908377493e-10
2.938596491228070207e+00 1.918288328749793696e-10
2.960526315789473450e+00 1.918517353591210204e-10
2.982456140350877138e+00 1.918608378432626666e-10
3.004385964912280382e+00 1.918699403274042869e-10
3.026315789473684070e+00 1.918790428115459331e-10
3.048245614035087758e+00 1.918631452956875715e-10
3.070175438596491002e+00 1.918722477798291919e-10
3.092105263157894690e+00 1.918857502639708447e-10
3.114035087719297934e+00 1.918948527481124909e-10
3.135964912280701622e+00 1.919044552322541155e-10
3.157894736842105310e+00 1.919135577163957617e-10
3.179824561403508554e+00 1.919226602005374078e-10
3.201754385964912242e+00 1.919174626846790192e-10
3.223684210526315486e+00 1.919265651688206654e-10
3.245614035087719174e+00 1.919482676529622955e-10
3.267543859649122417e+00 1.919573701371039417e-10
3.289473684210526105e+00 1.919815726212455675e-10
3.311403508771929793e+00 1.919906751053871878e-10
3.333333333333333037e+00 1.919832775895288475e-10
3.355263157894736725e+00 1.919923800736704937e-10
3.377192982456139969e+00 1.920014825578121140e-10
3.399122807017543657e+00 1.920157850419537634e-10
3.421052631578947345e+00 1.920248875260954095e-10
3.442982456140350589e+00 1.920451900102370329e-10
3.464912280701754277e+00 1.920542924943786790e-10
3.486842105263157521e+00 1.920341949785203229e-10
3.508771929824561209e+00 1.920432974626619432e-10
3.530701754385964897e+00 1.920523999468035893e-10
3.552631578947368141e+00 1.920810024309452218e-10
3.574561403508771829e+00 1.920901049150868421e-10
3.596491228070175072e+00 1.920952073992285057e-10
3.618421052631578760e+00 1.921043098833701519e-10
3.640350877192982448e+00 1.921136123675117584e-10
3.662280701754385692e+00 1.921227148516534045e-10
3.684210526315789380e+00 1.921619173357950556e-10
3.706140350877192624e+00 1.921710198199366759e-10
3.728070175438596312e+00 1.921801223040783221e-10
3.750000000000000000e+00 1.921746247882199412e-10
3.771929824561403244e+00 1.921837272723615874e-10
3.793859649122806932e+00 1.922047297565032270e-10
3.815789473684210176e+00 1.922138322406448474e-10
3.837719298245613864e+00 1.922051347247865063e-10
3.859649122807017108e+00 1.922142372089281524e-10
3.881578947368420796e+00 1.922233396930697727e-10
3.903508771929824483e+00 1.922500421772114199e-10
3.925438596491227727e+00 1.922591446613530661e-10
3.947368421052631415e+00 1.922437471454946830e-10
3.969298245614034659e+00 1.922528496296363292e-10
3.991228070175438347e+00 1.922509521137779844e-10
4.013157894736841591e+00 1.922600545979196047e-10
4.035087719298245723e+00 1.922999570820612463e-10
4.057017543859648967e+00 1.923090595662028924e-10
4.078947368421052211e+00 1.923181620503445127e-10
4.100877192982456343e+00 1.923015645344861607e-10
4.122807017543859587e+00 1.923106670186278069e-10
4.144736842105262831e+00 1.923312695027694225e-10
4.166666666666666075e+00 1.923403719869110686e-10
4.188596491228070207e+00 1.923598744710527213e-10
4.210526315789473450e+00 1.923689769551943416e-10
4.232456140350876694e+00 1.923619794393359737e-10
4.254385964912280826e+00 1.923710819234775940e-10
4.276315789473684070e+00 1.923801844076192402e-10
4.298245614035087314e+00 1.923814868917608815e-10
4.320175438596490558e+00 1.923905893759025018e-10
4.342105263157894690e+00 1.923969918600441661e-10
4.364035087719297934e+00 1.924060943441858123e-10
4.385964912280701178e+00 1.924181968283274325e-10
4.407894736842105310e+00 1.924272993124690787e-10
4.429824561403508554e+00 1.924364017966107248e-10
4.451754385964911798e+00 1.924429042807523435e-10
4.473684210526315930e+00 1.924520067648939897e-10
4.495614035087719174e+00 1.924785092490356248e-10
4.517543859649122417e+00 1.924876117331772451e-10
4.539473684210525661e+00 1.924915142173188881e-10
4.561403508771929793e+00 1.925006167014605342e-10
4.583333333333333037e+00 1.925131191856021527e-10
4.605263157894736281e+00 1.925222216697437988e-10
4.627192982456140413e+00 1.925403241538854447e-10
4.649122807017543657e+00 1.925494266380270650e-10
4.671052631578946901e+00 1.925585291221687111e-10
4.692982456140351033e+00 1.925471316063103624e-10
4.714912280701754277e+00 1.925562340904519827e-10
4.736842105263157521e+00 1.925565365745936413e-10
4.758771929824560765e+00 1.925656390587352616e-10
4.780701754385964897e+00 1.925747415428769077e-10
4.802631578947368141e+00 1.925838440270185539e-10
4.824561403508771384e+00 1.926178465111601758e-10
4.846491228070175517e+00 1.926269489953018220e-10
4.868421052631578760e+00 1.926141514794434664e-10
4.890350877192982004e+00 1.926232539635850867e-10
4.912280701754385248e+00 1.926527564477267218e-10
4.934210526315789380e+00 1.926618589318683679e-10
4.956140350877192624e+00 1.926709614160099882e-10
4.978070175438595868e+00 1.926809639001516370e-10
5.000000000000000000e+00 1.926900663842932831e-10
5.021929824561403244e+00 1.926934688684348959e-10
5.043859649122806488e+00 1.927025713525765420e-10
5.065789473684210620e+00 1.927063738367182048e-10
5.087719298245613864e+00 1.927154763208598251e-10
5.109649122807017108e+00 1.927251788050014557e-10
5.131578947368420351e+00 1.927342812891431019e-10
5.153508771929824483e+00 1.927433837732847222e-10
5.175438596491227727e+00 1.927361862574263681e-10
5.197368421052630971e+00 1.927452887415679884e-10
5.219298245614035103e+00 1.927670912257096505e-10
5.241228070175438347e+00 1.927761937098512966e-10
5.263157894736841591e+00 1.928006961939929146e-10
5.285087719298245723e+00 1.928097986781345608e-10
5.307017543859648967e+00 1.928031011622762110e-10
5.328947368421052211e+00 1.928122036464178313e-10
5.350877192982455455e+00 1.928213061305594775e-10
5.372807017543859587e+00 1.928413086147011086e-10
5.394736842105262831e+00 1.928504110988427289e-10
5.416666666666666075e+00 1.928654135829843688e-10
5.438596491228070207e+00 1.928745160671260150e-10
5.460526315789473450e+00 1.928553185512676355e-10
5.482456140350876694e+00 1.928644210354092816e-10
5.504385964912280826e+00 1.928735235195509278e-10
5.526315789473684070e+00 1.928936260036925649e-10
5.548245614035087314e+00 1.929027284878342111e-10
5.570175438596490558e+00 1.929154309719758416e-10
5.592105263157894690e+00 1.929245334561174619e-10
5.614035087719297934e+00 1.929360359402591235e-10
5.635964912280701178e+00 1.929451384244007697e-10
5.657894736842105310e+00 1.929542409085423900e-10
5.679824561403508554e+00 1.929579433926840208e-10
5.701754385964911798e+00 1.929670458768256411e-10
5.723684210526315042e+00 1.930015483609672932e-10
5.745614035087719174e+00 1.930106508451089394e-10
5.767543859649122417e+00 1.930252533292505552e-10
5.789473684210525661e+00 1.930343558133922014e-10
5.811403508771929793e+00 1.930209582975338613e-10
5.833333333333333037e+00 1.930300607816754816e-10
5.855263157894736281e+00 1.930391632658171278e-10
5.877192982456140413e+00 1.930656657499587629e-10
5.899122807017543657e+00 1.930747682341003832e-10
5.921052631578946901e+00 1.930666707182420266e-10
5.942982456140350145e+00 1.930757732023836728e-10
5.964912280701754277e+00 1.930759756865252995e-10
5.986842105263157521e+00 1.930850781706669456e-10
6.008771929824560765e+00 1.931271806548085905e-10
6.030701754385964897e+00 1.931362831389502108e-10
6.052631578947368141e+00 1.931453856230918570e-10
6.074561403508771384e+00 1.931204881072334958e-10
6.096491228070175517e+00 1.931295905913751161e-10
6.118421052631578760e+00 1.931773930755167686e-10
6.140350877192982004e+00 1.931864955596584148e-10
6.162280701754385248e+00 1.931765980438000272e-10
6.184210526315789380e+00 1.931857005279416733e-10
6.206140350877192624e+00 1.931812030120833011e-10
6.228070175438595868e+00 1.931903054962249472e-10
6.250000000000000000e+00 1.931994079803665934e-10
6.271929824561403244e+00 1.932020104645082096e-10
6.293859649122806488e+00 1.932111129486498558e-10
6.315789473684210620e+00 1.932214154327914967e-10
6.337719298245613864e+00 1.932305179169331170e-10
6.359649122807017108e+00 1.932396204010747632e-10
6.381578947368420351e+00 1.932487228852164094e-10
6.403508771929824483e+00 1.932516253693580437e-10
6.425438596491227727e+00 1.932607278534996899e-10
6.447368421052630971e+00 1.932979303376413238e-10
6.469298245614035103e+00 1.933070328217829441e-10
6.491228070175438347e+00 1.933128353059245981e-10
6.513157894736841591e+00 1.933219377900662443e-10
6.535087719298244835e+00 1.933310402742078646e-10
6.557017543859648967e+00 1.933344427583495032e-10
6.578947368421052211e+00 1.933435452424911494e-10
6.600877192982455455e+00 1.933532477266327800e-10
6.622807017543859587e+00 1.933623502107744262e-10
6.644736842105262831e+00 1.933770526949160738e-10
6.666666666666666075e+00 1.933861551790576941e-10
6.688596491228070207e+00 1.933702576631993326e-10
6.710526315789473450e+00 1.933793601473409530e-10
6.732456140350876694e+00 1.933884626314825991e-10
6.754385964912279938e+00 1.934075651156242535e-10
6.776315789473684070e+00 1.934166675997658738e-10
6.798245614035087314e+00 1.934361700839075265e-10
6.820175438596490558e+00 1.934452725680491726e-10
6.842105263157894690e+00 1.934323750521907852e-10
6.864035087719297934e+00 1.934414775363324313e-10
6.885964912280701178e+00 1.934505800204740775e-10
6.907894736842105310e+00 1.934877825046156855e-10
6.929824561403508554e+00 1.934968849887573317e-10
6.951754385964911798e+00 1.935002874728989962e-10
6.973684210526315042e+00 1.935093899570406165e-10
6.995614035087719174e+00 1.935048924411822442e-10
7.017543859649122417e+00 1.935139949253238904e-10
7.039473684210525661e+00 1.935282974094655139e-10
7.061403508771929793e+00 1.935373998936071601e-10
7.083333333333333037e+00 1.935545023777488232e-10
7.105263157894736281e+00 1.935636048618904435e-10
7.127192982456139525e+00 1.935727073460320897e-10
7.149122807017543657e+00 1.935606098301737246e-10
7.171052631578946901e+00 1.935697123143153449e-10
7.192982456140350145e+00 1.935845147984569986e-10
7.214912280701754277e+00 1.935936172825986189e-10
7.236842105263157521e+00 1.936198197667402618e-10
7.258771929824560765e+00 1.936289222508819080e-10
7.280701754385964897e+00 1.936380247350235283e-10
7.302631578947368141e+00 1.936313272191651785e-10
7.324561403508771384e+00 1.936404297033068247e-10
7.346491228070174628e+00 1.936614321874484385e-10
7.368421052631578760e+00 1.936705346715900846e-10
7.390350877192982004e+00 1.936898371557317252e-10
7.412280701754385248e+00 1.936989396398733456e-10
7.434210526315789380e+00 1.937080421240149917e-10
7.456140350877192624e+00 1.936826446081566521e-10
7.478070175438595868e+00 1.936917470922982724e-10
7.500000000000000000e+00 1.937230495764399126e-10
7.521929824561403244e+00 1.937321520605815587e-10
7.543859649122806488e+00 1.937312545447231708e-10
7.565789473684209732e+00 1.937403570288648170e-10
7.587719298245613864e+00 1.937461595130064710e-10
7.609649122807017108e+00 1.937552619971480913e-10
7.631578947368420351e+00 1.937643644812897375e-10
7.653508771929824483e+00 1.938110669654313753e-10
7.675438596491227727e+00 1.938201694495729956e-10
7.697368421052630971e+00 1.938174719337146543e-10
7.719298245614034215e+00 1.938265744178562746e-10
7.741228070175438347e+00 1.938493769019979194e-10
7.763157894736841591e+00 1.938584793861395656e-10
7.785087719298244835e+00 1.938457818702811902e-10
7.807017543859648967e+00 1.938548843544228363e-10
7.828947368421052211e+00 1.938639868385644825e-10
7.850877192982455455e+00 1.938897893227061013e-10
7.872807017543859587e+00 1.938988918068477475e-10
7.894736842105262831e+00 1.938843942909893928e-10
7.916666666666666075e+00 1.938934967751310131e-10
7.938596491228069318e+00 1.939025992592726593e-10
7.960526315789473450e+00 1.939204017434142870e-10
7.982456140350876694e+00 1.939295042275559073e-10
8.004385964912280826e+00 1.939386067116975535e-10
8.026315789473683182e+00 1.939432091958392127e-10
8.048245614035087314e+00 1.939523116799808330e-10
8.070175438596491446e+00 1.939650141641224894e-10
8.092105263157893802e+00 1.939741166482641356e-10
8.114035087719297934e+00 1.848388191324057425e-10
8.135964912280702066e+00 1.848479216165473886e-10
8.157894736842104422e+00 1.848570241006890089e-10
8.179824561403508554e+00 1.764758265848306536e-10
8.201754385964912686e+00 1.764849290689722997e-10
8.223684210526315042e+00 1.641011315531139307e-10
8.245614035087719174e+00 1.641102340372555769e-10
8.267543859649121529e+00 1.330069365213972241e-10
8.289473684210525661e+00 1.330160390055388444e-10
8.311403508771929793e+00 1.330251414896804905e-10
8.333333333333332149e+00 1.940774439738221260e-10
8.355263157894736281e+00 1.940865464579637464e-10
8.377192982456140413e+00 1.672065489421053980e-10
8.399122807017542769e+00 1.672156514262470441e-10
8.421052631578946901e+00 1.545000539103886567e-10
8.442982456140351033e+00 1.545091563945303028e-10
8.464912280701753389e+00 1.606533588786719550e-10
8.486842105263157521e+00 1.606624613628135753e-10
8.508771929824561653e+00 1.606715638469552215e-10
8.530701754385964009e+00 1.781822663310968778e-10
8.552631578947368141e+00 1.781913688152384981e-10
8.574561403508772273e+00 1.892164712993801402e-10
8.596491228070174628e+00 1.892255737835217863e-10
8.618421052631578760e+00 1.941958762676634029e-10
8.640350877192981116e+00 1.942049787518050491e-10
8.662280701754385248e+00 1.942140812359466694e-10
8.684210526315789380e+00 1.942003837200883112e-10
8.706140350877191736e+00 1.942094862042299574e-10
8.728070175438595868e+00 1.942282886883715679e-10
8.750000000000000000e+00 1.942373911725132140e-10
8.771929824561402356e+00 1.942542936566548651e-10
8.793859649122806488e+00 1.942633961407964854e-10
8.815789473684210620e+00 1.942552986249381288e-10
8.837719298245612976e+00 1.942644011090797749e-10
8.859649122807017108e+00 1.942735035932213952e-10
8.881578947368421240e+00 1.943098060773630524e-10
8.903508771929823595e+00 1.943189085615046986e-10
8.925438596491227727e+00 1.927064110456463097e-10
8.947368421052631859e+00 1.927155135297879559e-10
8.969298245614034215e+00 1.888297160139296179e-10
8.991228070175438347e+00 1.888388184980712382e-10
9.013157894736842479e+00 1.888479209822128844e-10
9.035087719298244835e+00 1.917596234663545170e-10
9.057017543859648967e+00 1.917687259504961373e-10
9.078947368421051323e+00 1.918612284346377958e-10
9.100877192982455455e+00 1.918703309187794420e-10
9.122807017543859587e+00 1.763141334029210571e-10
9.144736842105261942e+00 1.763232358870627033e-10
9.166666666666666075e+00 1.787161383712043159e-10
9.188596491228070207e+00 1.787252408553459621e-10
9.210526315789472562e+00 1.787343433394876082e-10
9.232456140350876694e+00 1.771371458236292369e-10
9.254385964912280826e+00 1.771462483077708830e-10
9.276315789473683182e+00 1.729025507919125302e-10
9.298245614035087314e+00 1.729116532760541505e-10
9.320175438596491446e+00 1.782670557601957930e-10
9.342105263157893802e+00 1.782761582443374392e-10
9.364035087719297934e+00 1.782852607284790595e-10
9.385964912280702066e+00 1.856062632126207153e-10
9.407894736842104422e+00 1.856153656967623615e-10
9.429824561403508554e+00 1.893837681809039607e-10
9.451754385964910909e+00 1.893928706650456069e-10
9.473684210526315042e+00 1.901623731491872569e-10
9.495614035087719174e+00 1.901714756333288773e-10
9.517543859649121529e+00 1.901805781174705234e-10
9.539473684210525661e+00 1.901896806016121696e-10
9.561403508771929793e+00 1.936723830857537891e-10
9.583333333333332149e+00 1.936814855698954353e-10
9.605263157894736281e+00 1.937781880540370885e-10
9.627192982456140413e+00 1.937872905381787088e-10
9.649122807017542769e+00 1.937392930223203511e-10
9.671052631578946901e+00 1.937483955064619714e-10
9.692982456140351033e+00 1.937574979906036176e-10
9.714912280701753389e+00 1.939251004747452793e-10
9.736842105263157521e+00 1.939342029588868996e-10
9.758771929824561653e+00 1.937808054430285476e-10
9.780701754385964009e+00 1.937899079271701937e-10
9.802631578947368141e+00 1.936864104113117994e-10
9.824561403508770496e+00 1.936955128954534455e-10
9.846491228070174628e+00 1.932177153795950817e-10
9.868421052631578760e+00 1.932268178637367020e-10
9.890350877192981116e+00 1.932359203478783482e-10
9.912280701754385248e+00 1.943387228320200037e-10
9.934210526315789380e+00 1.943478253161616240e-10
9.956140350877191736e+00 1.938638278003032742e-10
9.978070175438595868e+00 1.938729302844449204e-10
1.000000000000000000e+01 1.277760327685865314e-10
1.002192982456140236e+01 1.277851352527281776e-10
1.004385964912280649e+01 1.347249377368698358e-10
1.006578947368421062e+01 1.347340402210114561e-10
1.008771929824561298e+01 1.347431427051531022e-10
1.010964912280701711e+01 1.676495451892947254e-10
1.013157894736842124e+01 1.676586476734363715e-10
1.015350877192982360e+01 1.929256501575780189e-10
1.017543859649122773e+01 1.929347526417196393e-10
1.019736842105263186e+01 1.941104551258612688e-10
1.021929824561403422e+01 1.941195576100029149e-10
1.024122807017543835e+01 1.941286600941445352e-10
1.026315789473684070e+01 1.943378625782861971e-10
1.028508771929824483e+01 1.943469650624278432e-10
1.030701754385964897e+01 1.945350675465694481e-10
1.032894736842105132e+01 1.945441700307110943e-10
1.035087719298245545e+01 1.944441725148527558e-10
1.037280701754385959e+01 1.944532749989943761e-10
1.039473684210526194e+01 1.946177774831360060e-10
1.041666666666666607e+01 1.946268799672776522e-10
1.043859649122807021e+01 1.946359824514192725e-10
1.046052631578947256e+01 1.945793849355609393e-10
1.048245614035087669e+01 1.945884874197025854e-10
1.050438596491228083e+01 1.947213899038441976e-10
1.052631578947368318e+01 1.947304923879858438e-10
1.054824561403508731e+01 1.947610948721274934e-10
1.057017543859649145e+01 1.947701973562691137e-10
1.059210526315789380e+01 1.947787998404107556e-10
1.061403508771929793e+01 1.947879023245523759e-10
1.063596491228070029e+01 1.947970048086940221e-10
1.065789473684210442e+01 1.948400072928356695e-10
1.067982456140350855e+01 1.948491097769772898e-10
1.070175438596491091e+01 1.948572122611189274e-10
1.072368421052631504e+01 1.948663147452605736e-10
1.074561403508771917e+01 1.948182172294022099e-10
1.076754385964912153e+01 1.948273197135438560e-10
1.078947368421052566e+01 1.948364221976855022e-10
1.081140350877192979e+01 1.948961246818271223e-10
1.083333333333333215e+01 1.949052271659687685e-10
1.085526315789473628e+01 1.949238296501103927e-10
1.087719298245614041e+01 1.949329321342520130e-10
1.089912280701754277e+01 1.949546346183936690e-10
1.092105263157894690e+01 1.949637371025353152e-10
1.094298245614035103e+01 1.949768395866769440e-10
1.096491228070175339e+01 1.949859420708185901e-10
1.098684210526315752e+01 1.949950445549602363e-10
1.100877192982456165e+01 1.950304470391018393e-10
1.103070175438596401e+01 1.950395495232434854e-10
1.105263157894736814e+01 1.950220520073851309e-10
1.107456140350877050e+01 1.950311544915267512e-10
1.109649122807017463e+01 1.950504569756684176e-10
1.111842105263157876e+01 1.950595594598100638e-10
1.114035087719298112e+01 1.950686619439516841e-10
1.116228070175438525e+01 1.951045644280933172e-10
1.118421052631578938e+01 1.951136669122349375e-10
1.120614035087719174e+01 1.951263693963765939e-10
1.122807017543859587e+01 1.951354718805182400e-10
1.125000000000000000e+01 1.951506743646598661e-10
1.127192982456140236e+01 1.951597768488015123e-10
1.129385964912280649e+01 1.951688793329431585e-10
1.131578947368421062e+01 1.952300818170847656e-10
1.133771929824561298e+01 1.952391843012264118e-10
1.135964912280701711e+01 1.952482867853680579e-10
1.138157894736842124e+01 1.952041892695096768e-10
1.140350877192982360e+01 1.952132917536513230e-10
1.142543859649122773e+01 1.952669942377929692e-10
1.144736842105263008e+01 1.952760967219345895e-10
1.146929824561403422e+01 1.952904992060762449e-10
1.149122807017543835e+01 1.952996016902178911e-10
1.151315789473684070e+01 1.953087041743595114e-10
1.153508771929824483e+01 1.953113066585011535e-10
1.155701754385964897e+01 1.953204091426427996e-10
1.157894736842105132e+01 1.953249116267844270e-10
1.160087719298245545e+01 1.953340141109260732e-10
1.162280701754385959e+01 1.953441165950676762e-10
1.164473684210526194e+01 1.953532190792093224e-10
1.166666666666666607e+01 1.953623215633509685e-10
1.168859649122807021e+01 1.953922240474926019e-10
1.171052631578947256e+01 1.954013265316342480e-10
1.173245614035087669e+01 1.954197290157758861e-10
1.175438596491228083e+01 1.954288314999175064e-10
1.177631578947368318e+01 1.954321339840591648e-10
1.179824561403508731e+01 1.954412364682008110e-10
1.182017543859649145e+01 1.954583389523424224e-10
1.184210526315789380e+01 1.954674414364840685e-10
1.186403508771929793e+01 1.954765439206257147e-10
1.188596491228070029e+01 1.954415464047673393e-10
1.190789473684210442e+01 1.954506488889089854e-10
1.192982456140350855e+01 1.954698513730506200e-10
1.195175438596491091e+01 1.954789538571922403e-10
1.197368421052631504e+01 1.954859563413338891e-10
1.199561403508771917e+01 1.954950588254755353e-10
1.201754385964912153e+01 1.955041613096171556e-10
1.203947368421052566e+01 1.955411637937588033e-10
1.206140350877192979e+01 1.955502662779004495e-10
1.208333333333333215e+01 1.955525687620420735e-10
1.210526315789473628e+01 1.955616712461837196e-10
1.212719298245614041e+01 1.955959737303253597e-10
1.214912280701754277e+01 1.956050762144669800e-10
1.217105263157894690e+01 1.956110786986086202e-10
1.219298245614035103e+01 1.956201811827502406e-10
1.221491228070175339e+01 1.955942836668918967e-10
1.223684210526315752e+01 1.956033861510335428e-10
1.225877192982455988e+01 1.956124886351751631e-10
1.228070175438596401e+01 1.956171911193168026e-10
1.230263157894736814e+01 1.956262936034584487e-10
1.232456140350877050e+01 1.956475960876000806e-10
1.234649122807017463e+01 1.956566985717417268e-10
1.236842105263157876e+01 1.956691010558833651e-10
1.239035087719298112e+01 1.956782035400249854e-10
1.241228070175438525e+01 1.956873060241666316e-10
1.243421052631578938e+01 1.956909085083082822e-10
1.245614035087719174e+01 1.957000109924499025e-10
1.247807017543859587e+01 1.956737134765915604e-10
1.250000000000000000e+01 1.956828159607332066e-10
1.252192982456140236e+01 1.957045184448748109e-10
1.254385964912280649e+01 1.957136209290164570e-10
1.256578947368421062e+01 1.957227234131581032e-10
1.258771929824561298e+01 1.957149258972997388e-10
1.260964912280701711e+01 1.957240283814413850e-10
1.263157894736842124e+01 1.957389308655830188e-10
1.265350877192982360e+01 1.957480333497246392e-10
1.267543859649122773e+01 1.957397358338662963e-10
1.269736842105263008e+01 1.957488383180079166e-10
1.271929824561403422e+01 1.957571408021495404e-10
1.274122807017543835e+01 1.957662432862911866e-10
1.276315789473684070e+01 1.957753457704328069e-10
1.278508771929824483e+01 1.958193482545744629e-10
1.280701754385964897e+01 1.958284507387161091e-10
1.282894736842105132e+01 1.958288532228577220e-10
1.285087719298245545e+01 1.958379557069993681e-10
1.287280701754385959e+01 1.958470581911410143e-10
1.289473684210526194e+01 1.958561606752826346e-10
1.291666666666666607e+01 1.958635631594242817e-10
1.293859649122807021e+01 1.958726656435659279e-10
1.296052631578947256e+01 1.958859681277075687e-10
1.298245614035087669e+01 1.958950706118492149e-10
1.300438596491228083e+01 1.958777730959908465e-10
1.302631578947368318e+01 1.958868755801324668e-10
1.304824561403508731e+01 1.959057780642741092e-10
1.307017543859648967e+01 1.959148805484157553e-10
1.309210526315789380e+01 1.959239830325573756e-10
1.311403508771929793e+01 1.959417855166990292e-10
1.313596491228070029e+01 1.959508880008406495e-10
1.315789473684210442e+01 1.959443904849822859e-10
1.317982456140350855e+01 1.959534929691239321e-10
1.320175438596491091e+01 1.959869954532655498e-10
1.322368421052631504e+01 1.959960979374071959e-10
1.324561403508771917e+01 1.960052004215488421e-10
1.326754385964912153e+01 1.960099029056904815e-10
1.328947368421052566e+01 1.960190053898321277e-10
1.331140350877192979e+01 1.960109078739737711e-10
1.333333333333333215e+01 1.960200103581153914e-10
1.335526315789473628e+01 1.960064128422570393e-10
1.337719298245614041e+01 1.960155153263986854e-10
1.339912280701754277e+01 1.960250178105403040e-10
1.342105263157894690e+01 1.960341202946819501e-10
1.344298245614034926e+01 1.960432227788235963e-10
1.346491228070175339e+01 1.960444252629652057e-10
1.348684210526315752e+01 1.960535277471068519e-10
1.350877192982455988e+01 1.960821302312485102e-10
1.353070175438596401e+01 1.960912327153901305e-10
1.355263157894736814e+01 1.961163351995317589e-10
1.357456140350877050e+01 1.961254376836734050e-10
1.359649122807017463e+01 1.961345401678150253e-10
1.361842105263157876e+01 1.961304426519566772e-10
1.364035087719298112e+01 1.961395451360982975e-10
1.366228070175438525e+01 1.961045476202399479e-10
1.368421052631578938e+01 1.961136501043815941e-10
1.370614035087719174e+01 1.961372525885232095e-10
1.372807017543859587e+01 1.961463550726648557e-10
1.375000000000000000e+01 1.961185575568065007e-10
1.377192982456140236e+01 1.961276600409481210e-10
1.379385964912280649e+01 1.961263625250897865e-10
1.381578947368421062e+01 1.961354650092314326e-10
1.383771929824561298e+01 1.961445674933730529e-10
1.385964912280701711e+01 1.961700699775146795e-10
1.388157894736841946e+01 1.961791724616563257e-10
1.390350877192982360e+01 1.961862749457979547e-10
1.392543859649122773e+01 1.961953774299396009e-10
1.394736842105263008e+01 1.962565799140812338e-10
1.396929824561403422e+01 1.962656823982228542e-10
1.399122807017543835e+01 1.962747848823645003e-10
1.401315789473684070e+01 1.962542873665061459e-10
1.403508771929824483e+01 1.962633898506477662e-10
1.405701754385964897e+01 1.962940923347894219e-10
1.407894736842105132e+01 1.963031948189310422e-10
1.410087719298245545e+01 1.963163973030727028e-10
1.412280701754385959e+01 1.963254997872143490e-10
1.414473684210526194e+01 1.963346022713559693e-10
1.416666666666666607e+01 1.963285047554976040e-10
1.418859649122807021e+01 1.963376072396392501e-10
1.421052631578947256e+01 1.963695097237808748e-10
1.423245614035087669e+01 1.963786122079225209e-10
1.425438596491227905e+01 1.963904146920641747e-10
1.427631578947368318e+01 1.963995171762057951e-10
1.429824561403508731e+01 1.964250196603474216e-10
1.432017543859648967e+01 1.964341221444890678e-10
1.434210526315789380e+01 1.964432246286306881e-10
1.436403508771929793e+01 1.964551271127723479e-10
1.438596491228070029e+01 1.964642295969139941e-10
1.440789473684210442e+01 1.964717320810556214e-10
1.442982456140350855e+01 1.964808345651972675e-10
1.445175438596491091e+01 1.964899370493389137e-10
1.447368421052631504e+01 1.964990395334805340e-10
1.449561403508771917e+01 1.964883420176221758e-10
1.451754385964912153e+01 1.964974445017638219e-10
1.453947368421052566e+01 1.964889469859054412e-10
1.456140350877192979e+01 1.964980494700470873e-10
1.458333333333333215e+01 1.965224519541887252e-10
1.460526315789473628e+01 1.965315544383303455e-10
1.462719298245614041e+01 1.965406569224719916e-10
1.464912280701754277e+01 1.965403594066136140e-10
1.467105263157894690e+01 1.965494618907552602e-10
1.469298245614034926e+01 1.965752643748969049e-10
1.471491228070175339e+01 1.965843668590385252e-10
1.473684210526315752e+01 1.966069693431801837e-10
1.475877192982455988e+01 1.966160718273218299e-10
1.478070175438596401e+01 1.965792743114634494e-10
1.480263157894736814e+01 1.965883767956050955e-10
1.482456140350877050e+01 1.965974792797467417e-10
1.484649122807017463e+01 1.966402817638883512e-10
1.486842105263157876e+01 1.966493842480299974e-10
1.489035087719298112e+01 1.966781867321716420e-10
1.491228070175438525e+01 1.966872892163132623e-10
1.493421052631578938e+01 1.966778917004549048e-10
1.495614035087719174e+01 1.966869941845965510e-10
1.497807017543859587e+01 1.967134966687381862e-10
1.500000000000000000e+01 1.967225991528798323e-10
1.502192982456140236e+01 1.967317016370214785e-10
1.504385964912280649e+01 1.967349041211630792e-10
1.506578947368420884e+01 1.967440066053047254e-10
1.508771929824561298e+01 1.967666090894463581e-10
1.510964912280701711e+01 1.967757115735880042e-10
1.513157894736841946e+01 1.967791140577296429e-10
1.515350877192982360e+01 1.967882165418712632e-10
1.517543859649122773e+01 1.968175190260129120e-10
1.519736842105263008e+01 1.968266215101545582e-10
1.521929824561403422e+01 1.968357239942961785e-10
1.524122807017543835e+01 1.968030264784378383e-10
1.526315789473684070e+01 1.968121289625794845e-10
1.528508771929824483e+01 1.968551314467210802e-10
1.530701754385964897e+01 1.968642339308627264e-10
1.532894736842105132e+01 1.968600364150043980e-10
1.535087719298245545e+01 1.968691388991460183e-10
1.537280701754385959e+01 1.968782413832876645e-10
1.539473684210526194e+01 1.968805438674292885e-10
1.541666666666666607e+01 1.968896463515709088e-10
1.543859649122806843e+01 1.969151488357125613e-10
1.546052631578947256e+01 1.969242513198542074e-10
1.548245614035087669e+01 1.969365538039958397e-10
1.550438596491227905e+01 1.969456562881374858e-10
1.552631578947368318e+01 1.969493587722791167e-10
1.554824561403508731e+01 1.969584612564207370e-10
1.557017543859648967e+01 1.969675637405623832e-10
1.559210526315789380e+01 1.969750662247040104e-10
1.561403508771929793e+01 1.969841687088456566e-10
1.563596491228070029e+01 1.969844711929873152e-10
1.565789473684210442e+01 1.969935736771289355e-10
1.567982456140350855e+01 1.969754761612705706e-10
1.570175438596491091e+01 1.969845786454122168e-10
1.572368421052631504e+01 1.969936811295538371e-10
1.574561403508771917e+01 1.970162836136954698e-10
1.576754385964912153e+01 1.970253860978371160e-10
1.578947368421052566e+01 1.970494885819787357e-10
1.581140350877192979e+01 1.970585910661203819e-10
1.583333333333333215e+01 1.970533935502620449e-10
1.585526315789473628e+01 1.970624960344036653e-10
1.587719298245613864e+01 1.970910985185452978e-10
1.589912280701754277e+01 1.971002010026869439e-10
1.592105263157894690e+01 1.971093034868285642e-10
1.594298245614034926e+01 1.971209059709702318e-10
1.596491228070175339e+01 1.971300084551118780e-10
1.598684210526315752e+01 1.971205109392534887e-10
1.600877192982456165e+01 1.971296134233951348e-10
1.603070175438596578e+01 1.971387159075367810e-10
1.605263157894736636e+01 1.971478183916784013e-10
1.607456140350877050e+01 1.971761208758200416e-10
1.609649122807017463e+01 1.971852233599616619e-10
1.611842105263157876e+01 1.971872258441033195e-10
1.614035087719298289e+01 1.971963283282449657e-10
1.616228070175438347e+01 1.971745308123865846e-10
1.618421052631578760e+01 1.971836332965282307e-10
1.620614035087719174e+01 1.971927357806698769e-10
1.622807017543859587e+01 1.972446382648114921e-10
1.625000000000000000e+01 1.972537407489531383e-10
1.627192982456140413e+01 1.972036432330947833e-10
1.629385964912280471e+01 1.972127457172364036e-10
1.631578947368420884e+01 1.972533482013780615e-10
1.633771929824561298e+01 1.972624506855197076e-10
1.635964912280701711e+01 1.972810531696613060e-10
1.638157894736842124e+01 1.972901556538029522e-10
1.640350877192982537e+01 1.972992581379445984e-10
1.642543859649122595e+01 1.972863606220862367e-10
1.644736842105263008e+01 1.972954631062278829e-10
1.646929824561403422e+01 1.973156655903695261e-10
1.649122807017543835e+01 1.973247680745111464e-10
1.651315789473684248e+01 1.973325705586527917e-10
1.653508771929824306e+01 1.973416730427944120e-10
1.655701754385964719e+01 1.973642755269360448e-10
1.657894736842105132e+01 1.973733780110776909e-10
1.660087719298245545e+01 1.973824804952193112e-10
1.662280701754385959e+01 1.973906829793609548e-10
1.664473684210526372e+01 1.973997854635026010e-10
1.666666666666666430e+01 1.974301879476442386e-10
1.668859649122806843e+01 1.974392904317858848e-10
1.671052631578947256e+01 1.974437929159275121e-10
1.673245614035087669e+01 1.974528954000691325e-10
1.675438596491228083e+01 1.974619978842107786e-10
1.677631578947368496e+01 1.974707003683524265e-10
1.679824561403508554e+01 1.974798028524940468e-10
1.682017543859648967e+01 1.975023053366356994e-10
1.684210526315789380e+01 1.975114078207773455e-10
1.686403508771929793e+01 1.974868103049189766e-10
1.688596491228070207e+01 1.974959127890606228e-10
1.690789473684210265e+01 1.975075152732022645e-10
1.692982456140350678e+01 1.975166177573438848e-10
1.695175438596491091e+01 1.975257202414855310e-10
1.697368421052631504e+01 1.975353227256271814e-10
1.699561403508771917e+01 1.975444252097688018e-10
1.701754385964912331e+01 1.975519276939104290e-10
1.703947368421052388e+01 1.975610301780520493e-10
1.706140350877192802e+01 1.975742326621937100e-10
1.708333333333333215e+01 1.975833351463353562e-10
1.710526315789473628e+01 1.975924376304769765e-10
1.712719298245614041e+01 1.976176401146186108e-10
1.714912280701754455e+01 1.976267425987602570e-10
1.717105263157894512e+01 1.976252450829018846e-10
1.719298245614034926e+01 1.976343475670435307e-10
1.721491228070175339e+01 1.976390500511851702e-10
1.723684210526315752e+01 1.976481525353267905e-10
1.725877192982456165e+01 1.976755550194684541e-10
1.728070175438596223e+01 1.976846575036101002e-10
1.730263157894736636e+01 1.976937599877517205e-10
1.732456140350877050e+01 1.976763624718933461e-10
1.734649122807017463e+01 1.976854649560349923e-10
1.736842105263157876e+01 1.976969674401766280e-10
1.739035087719298289e+01 1.977060699243182742e-10
1.741228070175438347e+01 1.977164724084599212e-10
1.743421052631578760e+01 1.977255748926015415e-10
1.745614035087719174e+01 1.977292773767431723e-10
1.747807017543859587e+01 1.977383798608848185e-10
1.750000000000000000e+01 1.977474823450264388e-10
1.752192982456140413e+01 1.977900848291680880e-10
1.754385964912280471e+01 1.977991873133097083e-10
1.756578947368420884e+01 1.978013897974513522e-10
1.758771929824561298e+01 1.978104922815929983e-10
1.760964912280701711e+01 1.978166947657346248e-10
1.763157894736842124e+01 1.978257972498762709e-10
1.765350877192982182e+01 1.978348997340179171e-10
1.767543859649122595e+01 1.978175022181595427e-10
1.769736842105263008e+01 1.978266047023011889e-10
1.771929824561403422e+01 1.978491071864428414e-10
1.774122807017543835e+01 1.978582096705844618e-10
1.776315789473684248e+01 1.978593121547260910e-10
1.778508771929824306e+01 1.978684146388677371e-10
1.780701754385964719e+01 1.978775171230093575e-10
1.782894736842105132e+01 1.978866196071510036e-10
1.785087719298245545e+01 1.978863220912926519e-10
1.787280701754385959e+01 1.978954245754342722e-10
1.789473684210526372e+01 1.979201270595759281e-10
1.791666666666666430e+01 1.979292295437175742e-10
1.793859649122806843e+01 1.979447320278591926e-10
1.796052631578947256e+01 1.979538345120008387e-10
1.798245614035087669e+01 1.979629369961424849e-10
1.800438596491228083e+01 1.979539394802840999e-10
1.802631578947368496e+01 1.979630419644257460e-10
1.804824561403508554e+01 1.979746444485673878e-10
1.807017543859648967e+01 1.979837469327090081e-10
1.809210526315789380e+01 1.979941494168506551e-10
1.811403508771929793e+01 1.980032519009922754e-10
1.813596491228070207e+01 1.979897543851339293e-10
1.815789473684210265e+01 1.979988568692755755e-10
1.817982456140350678e+01 1.980469593534171943e-10
1.820175438596491091e+01 1.980560618375588405e-10
1.822368421052631504e+01 1.980651643217004866e-10
1.824561403508771917e+01 1.980637668058421203e-10
1.826754385964912331e+01 1.980728692899837664e-10
1.828947368421052388e+01 1.980834717741253996e-10
1.831140350877192802e+01 1.980925742582670199e-10
1.833333333333333215e+01 1.981016767424086661e-10
1.835526315789473628e+01 1.981113792265503226e-10
1.837719298245614041e+01 1.981204817106919429e-10
1.839912280701754455e+01 1.981233841948335772e-10
1.842105263157894512e+01 1.981324866789752234e-10
1.844298245614034926e+01 1.981259891631168598e-10
1.846491228070175339e+01 1.981350916472585059e-10
1.848684210526315752e+01 1.981494941314001355e-10
1.850877192982456165e+01 1.981585966155417558e-10
1.853070175438596223e+01 1.981676990996834020e-10
1.855263157894736636e+01 1.981920015838250338e-10
1.857456140350877050e+01 1.982011040679666800e-10
1.859649122807017463e+01 1.981840065521083237e-10
1.861842105263157876e+01 1.981931090362499440e-10
1.864035087719298289e+01 1.982335115203915898e-10
1.866228070175438347e+01 1.982426140045332360e-10
1.868421052631578760e+01 1.982462164886748608e-10
1.870614035087719174e+01 1.982553189728165070e-10
1.872807017543859587e+01 1.982644214569581531e-10
1.875000000000000000e+01 1.982730239410997691e-10
1.877192982456140413e+01 1.982821264252414153e-10
1.879385964912280471e+01 1.982807289093830489e-10
1.881578947368420884e+01 1.982898313935246693e-10
1.883771929824561298e+01 1.982936338776663320e-10
1.885964912280701711e+01 1.983027363618079782e-10
1.888157894736842124e+01 1.983031388459495910e-10
1.890350877192982182e+01 1.983122413300912372e-10
1.892543859649122595e+01 1.983213438142328834e-10
1.894736842105263008e+01 1.983462462983744996e-10
1.896929824561403422e+01 1.983553487825161458e-10
1.899122807017543835e+01 1.983799512666577957e-10
1.901315789473684248e+01 1.983890537507994160e-10
1.903508771929824306e+01 1.983773562349410491e-10
1.905701754385964719e+01 1.983864587190826695e-10
1.907894736842105132e+01 1.983955612032243156e-10
1.910087719298245545e+01 1.984184636873659664e-10
1.912280701754385959e+01 1.984275661715075867e-10
1.914473684210526372e+01 1.984189686556492517e-10
1.916666666666666430e+01 1.984280711397908978e-10
1.918859649122806843e+01 1.984039736239325073e-10
1.921052631578947256e+01 1.984130761080741535e-10
1.923245614035087669e+01 1.984619785922157947e-10
1.925438596491228083e+01 1.984710810763574150e-10
1.927631578947368141e+01 1.984801835604990612e-10
1.929824561403508554e+01 1.984546860446407155e-10
1.932017543859648967e+01 1.984637885287823359e-10
1.934210526315789380e+01 1.984720910129239855e-10
1.936403508771929793e+01 1.984811934970656317e-10
1.938596491228070207e+01 1.984902959812072520e-10
1.940789473684210265e+01 1.984993984653488981e-10
1.942982456140350678e+01 1.985362009494905338e-10
1.945175438596491091e+01 1.985453034336321541e-10
1.947368421052631504e+01 1.985186059177738137e-10
1.949561403508771917e+01 1.985277084019154598e-10
1.951754385964912331e+01 1.985607108860570732e-10
1.953947368421052388e+01 1.985698133701987194e-10
1.956140350877192802e+01 1.985789158543403397e-10
1.958333333333333215e+01 1.985785183384819819e-10
1.960526315789473628e+01 1.985876208226236280e-10
1.962719298245614041e+01 1.985874233067652565e-10
1.964912280701754099e+01 1.985965257909069026e-10
1.967105263157894512e+01 1.985912282750485338e-10
1.969298245614034926e+01 1.986003307591901541e-10
1.971491228070175339e+01 1.985931332433318000e-10
1.973684210526315752e+01 1.986022357274734462e-10
1.975877192982456165e+01 1.986113382116150665e-10
1.978070175438596223e+01 1.986551406957567105e-10
1.980263157894736636e+01 1.986642431798983567e-10
1.982456140350877050e+01 1.986607456640399930e-10
1.984649122807017463e+01 1.986698481481816391e-10
1.986842105263157876e+01 1.986751506323232889e-10
1.989035087719298289e+01 1.986842531164649092e-10
1.991228070175438347e+01 1.986933556006065554e-10
1.993421052631578760e+01 1.986795580847481912e-10
1.995614035087719174e+01 1.986886605688898115e-10
1.997807017543859587e+01 1.987044630530314479e-10
