0.000000000000000000e+00 1.791904000000000019e-10
2.173913043478260809e-02 1.791903925188297787e-10
4.347826086956521618e-02 1.791903850376595555e-10
6.521739130434782428e-02 1.791972775564893605e-10
8.695652173913043237e-02 1.791972700753191373e-10
1.086956521739130405e-01 1.791944625941489005e-10
1.304347826086956486e-01 1.791944551129786773e-10
1.521739130434782705e-01 1.791944476318084799e-10
1.739130434782608647e-01 1.791971401506382644e-10
1.956521739130434590e-01 1.791971326694680412e-10
2.173913043478260809e-01 1.792005251882978161e-10
2.391304347826087029e-01 1.792005177071275930e-10
2.608695652173912971e-01 1.792012102259574120e-10
2.826086956521738913e-01 1.792012027447871888e-10
3.043478260869565410e-01 1.792011952636169656e-10
3.260869565217391353e-01 1.791969877824467219e-10
3.478260869565217295e-01 1.791969803012765245e-10
3.695652173913043237e-01 1.791920728201063161e-10
3.913043478260869179e-01 1.791920653389360930e-10
4.130434782608695676e-01 1.791968578577658748e-10
4.347826086956521618e-01 1.791968503765956516e-10
4.565217391304347561e-01 1.791968428954254542e-10
4.782608695652174058e-01 1.791976354142552275e-10
5.000000000000000000e-01 1.791976279330850044e-10
5.217391304347825942e-01 1.791951204519147597e-10
5.434782608695651884e-01 1.791951129707445624e-10
5.652173913043477826e-01 1.791951054895743392e-10
5.869565217391303769e-01 1.791987980084041322e-10
6.086956521739130821e-01 1.791987905272339090e-10
6.304347826086956763e-01 1.791987830460637117e-10
6.521739130434782705e-01 1.791988755648934945e-10
6.739130434782608647e-01 1.791988680837232713e-10
6.956521739130434590e-01 1.791988606025530481e-10
7.173913043478260532e-01 1.792025531213828153e-10
7.391304347826086474e-01 1.792025456402126180e-10
7.608695652173912416e-01 1.791982381590423941e-10
7.826086956521738358e-01 1.791982306778721709e-10
8.043478260869565410e-01 1.791987231967019520e-10
8.260869565217391353e-01 1.791987157155317546e-10
8.478260869565217295e-01 1.791987082343615314e-10
8.695652173913043237e-01 1.791971007531913152e-10
8.913043478260869179e-01 1.791970932720210920e-10
9.130434782608695121e-01 1.791963857908508525e-10
9.347826086956521063e-01 1.791963783096806551e-10
9.565217391304348116e-01 1.791963708285104319e-10
9.782608695652174058e-01 1.791947633473402157e-10
1.000000000000000000e+00 1.791947558661699925e-10
1.021739130434782483e+00 1.791985483849997916e-10
1.043478260869565188e+00 1.791985409038295684e-10
1.065217391304347894e+00 1.791988334226593374e-10
1.086956521739130377e+00 1.791988259414891142e-10
1.108695652173913082e+00 1.791988184603188910e-10
1.130434782608695565e+00 1.791979109791487170e-10
1.152173913043478271e+00 1.791979034979784938e-10
1.173913043478260754e+00 1.791995960168082697e-10
1.195652173913043459e+00 1.791995885356380465e-10
1.217391304347826164e+00 1.791995810544678491e-10
1.239130434782608647e+00 1.791996735732976061e-10
1.260869565217391353e+00 1.791996660921273829e-10
1.282608695652173836e+00 1.791976586109571684e-10
1.304347826086956541e+00 1.791976511297869452e-10
1.326086956521739024e+00 1.791972436486167496e-10
1.347826086956521729e+00 1.791972361674465264e-10
1.369565217391304213e+00 1.791972286862763033e-10
1.391304347826086918e+00 1.791941212051060741e-10
1.413043478260869623e+00 1.791941137239358768e-10
1.434782608695652106e+00 1.791928062427656528e-10
1.456521739130434812e+00 1.791927987615954296e-10
1.478260869565217295e+00 1.791987912804252062e-10
1.500000000000000000e+00 1.791987837992550088e-10
1.521739130434782483e+00 1.792002763180847985e-10
1.543478260869565188e+00 1.792002688369145753e-10
1.565217391304347672e+00 1.792002613557443521e-10
1.586956521739130377e+00 1.791992538745741204e-10
1.608695652173913082e+00 1.791992463934039230e-10
1.630434782608695565e+00 1.792053389122337056e-10
1.652173913043478271e+00 1.792053314310634824e-10
1.673913043478260754e+00 1.791981239498932647e-10
1.695652173913043459e+00 1.791981164687230673e-10
1.717391304347825942e+00 1.791981089875528441e-10
1.739130434782608647e+00 1.791981015063826210e-10
1.760869565217391353e+00 1.791980940252123978e-10
1.782608695652173836e+00 1.792001865440421719e-10
1.804347826086956541e+00 1.792001790628719746e-10
1.826086956521739024e+00 1.792001715817017514e-10
1.847826086956521729e+00 1.791884641005315209e-10
1.869565217391304213e+00 1.791884566193612977e-10
1.891304347826086918e+00 1.791914491381911002e-10
1.913043478260869623e+00 1.791914416570208770e-10
1.934782608695652106e+00 1.792011341758506440e-10
1.956521739130434812e+00 1.792011266946804208e-10
1.978260869565217295e+00 1.792011192135101976e-10
2.000000000000000000e+00 1.791904117323400015e-10
2.021739130434782705e+00 1.791904042511697783e-10
2.043478260869564966e+00 1.791948967699995679e-10
2.065217391304347672e+00 1.791948892888293447e-10
2.086956521739130377e+00 1.791948818076591474e-10
2.108695652173913082e+00 1.791996743264889291e-10
2.130434782608695787e+00 1.791996668453187060e-10
2.152173913043478048e+00 1.791928593641484606e-10
2.173913043478260754e+00 1.791928518829782374e-10
2.195652173913043459e+00 1.791928444018080401e-10
2.217391304347826164e+00 1.791905369206378333e-10
2.239130434782608425e+00 1.791905294394676102e-10
2.260869565217391131e+00 1.791963219582973747e-10
2.282608695652173836e+00 1.791963144771271773e-10
2.304347826086956541e+00 1.791963069959569541e-10
2.326086956521739246e+00 1.791885995147867321e-10
2.347826086956521507e+00 1.791885920336165089e-10
2.369565217391304213e+00 1.791941845524463131e-10
2.391304347826086918e+00 1.791941770712760899e-10
2.413043478260869623e+00 1.791963695901058701e-10
2.434782608695652328e+00 1.791963621089356469e-10
2.456521739130434590e+00 1.791963546277654237e-10
2.478260869565217295e+00 1.791981471465952314e-10
2.500000000000000000e+00 1.791981396654250082e-10
2.521739130434782705e+00 1.791981321842547850e-10
2.543478260869564966e+00 1.791986247030845661e-10
2.565217391304347672e+00 1.791986172219143688e-10
2.586956521739130377e+00 1.791945097407441311e-10
2.608695652173913082e+00 1.791945022595739079e-10
2.630434782608695787e+00 1.791960947784037036e-10
2.652173913043478048e+00 1.791960872972334804e-10
2.673913043478260754e+00 1.791960798160632831e-10
2.695652173913043459e+00 1.791955723348930556e-10
2.717391304347826164e+00 1.791955648537228324e-10
2.739130434782608425e+00 1.791962573725525997e-10
2.760869565217391131e+00 1.791962498913824024e-10
2.782608695652173836e+00 1.791935424102121715e-10
2.804347826086956541e+00 1.791935349290419483e-10
2.826086956521739246e+00 1.791935274478717251e-10
2.847826086956521507e+00 1.791974199667015044e-10
2.869565217391304213e+00 1.791974124855313070e-10
2.891304347826086918e+00 1.791990050043611027e-10
2.913043478260869623e+00 1.791989975231908795e-10
2.934782608695651884e+00 1.792020900420206364e-10
2.956521739130434590e+00 1.792020825608504391e-10
2.978260869565217295e+00 1.792020750796802159e-10
3.000000000000000000e+00 1.792016675985099944e-10
3.021739130434782705e+00 1.792016601173397712e-10
3.043478260869564966e+00 1.791997526361695628e-10
3.065217391304347672e+00 1.791997451549993654e-10
3.086956521739130377e+00 1.791997376738291422e-10
3.108695652173913082e+00 1.791984301926589182e-10
3.130434782608695343e+00 1.791984227114886950e-10
3.152173913043478048e+00 1.791949152303184935e-10
3.173913043478260754e+00 1.791949077491482703e-10
3.195652173913043459e+00 1.791896002679780378e-10
3.217391304347826164e+00 1.791895927868078146e-10
3.239130434782608425e+00 1.791895853056376173e-10
3.260869565217391131e+00 1.791896778244674001e-10
3.282608695652173836e+00 1.791896703432971769e-10
3.304347826086956541e+00 1.791923628621269614e-10
3.326086956521739246e+00 1.791923553809567382e-10
3.347826086956521507e+00 1.791923478997865409e-10
3.369565217391304213e+00 1.791952404186163115e-10
3.391304347826086918e+00 1.791952329374460883e-10
3.413043478260869623e+00 1.791929254562758558e-10
3.434782608695651884e+00 1.791929179751056584e-10
3.456521739130434590e+00 1.792023104939354331e-10
3.478260869565217295e+00 1.792023030127652100e-10
3.500000000000000000e+00 1.792022955315949868e-10
3.521739130434782705e+00 1.791908880504247743e-10
3.543478260869564966e+00 1.791908805692545770e-10
3.565217391304347672e+00 1.791943730880843580e-10
3.586956521739130377e+00 1.791943656069141348e-10
3.608695652173913082e+00 1.791943581257439116e-10
3.630434782608695343e+00 1.791984506445737029e-10
3.652173913043478048e+00 1.791984431634034797e-10
3.673913043478260754e+00 1.791891356822332646e-10
3.695652173913043459e+00 1.791891282010630414e-10
3.717391304347826164e+00 1.791927207198928284e-10
3.739130434782608425e+00 1.791927132387226311e-10
3.760869565217391131e+00 1.791927057575524079e-10
3.782608695652173836e+00 1.792006982763821758e-10
3.804347826086956541e+00 1.792006907952119526e-10
3.826086956521739246e+00 1.791923833140417461e-10
3.847826086956521507e+00 1.791923758328715229e-10
3.869565217391304213e+00 1.791942683517013108e-10
3.891304347826086918e+00 1.791942608705310876e-10
3.913043478260869623e+00 1.791952533893608472e-10
3.934782608695651884e+00 1.791952459081906498e-10
3.956521739130434590e+00 1.791952384270204266e-10
3.978260869565217295e+00 1.791940309458502087e-10
4.000000000000000000e+00 1.791940234646799855e-10
4.021739130434782261e+00 1.791919159835097908e-10
4.043478260869565410e+00 1.791919085023395676e-10
4.065217391304347672e+00 1.791880010211693420e-10
4.086956521739129933e+00 1.791879935399991188e-10
4.108695652173913082e+00 1.791879860588289214e-10
4.130434782608695343e+00 1.791862785776586992e-10
4.152173913043478493e+00 1.791862710964884760e-10
4.173913043478260754e+00 1.791897636153182569e-10
4.195652173913043015e+00 1.791897561341480338e-10
4.217391304347826164e+00 1.791897486529778364e-10
4.239130434782608425e+00 1.791910411718076140e-10
4.260869565217391575e+00 1.791910336906373908e-10
4.282608695652173836e+00 1.791910262094671676e-10
4.304347826086956097e+00 1.791998187282969838e-10
4.326086956521739246e+00 1.791998112471267606e-10
4.347826086956521507e+00 1.791998037659565374e-10
4.369565217391304657e+00 1.791994962847862961e-10
4.391304347826086918e+00 1.791994888036160729e-10
4.413043478260869179e+00 1.792034813224458840e-10
4.434782608695652328e+00 1.792034738412756608e-10
4.456521739130434590e+00 1.791967663601054474e-10
4.478260869565216851e+00 1.791967588789352242e-10
4.500000000000000000e+00 1.791967513977650268e-10
4.521739130434782261e+00 1.791950439165947787e-10
4.543478260869565410e+00 1.791950364354245555e-10
4.565217391304347672e+00 1.791969289542543435e-10
4.586956521739129933e+00 1.791969214730841203e-10
4.608695652173913082e+00 1.791969139919139229e-10
4.630434782608695343e+00 1.791911065107437120e-10
4.652173913043478493e+00 1.791910990295734888e-10
4.673913043478260754e+00 1.791910915484032656e-10
4.695652173913043015e+00 1.791910840672330683e-10
4.717391304347826164e+00 1.791970765860628449e-10
4.739130434782608425e+00 1.791970691048926217e-10
4.760869565217391575e+00 1.791945616237223770e-10
4.782608695652173836e+00 1.791945541425521538e-10
4.804347826086956097e+00 1.791945466613819565e-10
4.826086956521739246e+00 1.791937391802117368e-10
4.847826086956521507e+00 1.791937316990415136e-10
4.869565217391304657e+00 1.791948242178713050e-10
4.891304347826086918e+00 1.791948167367011077e-10
4.913043478260869179e+00 1.791948092555308845e-10
4.934782608695652328e+00 1.792008017743606610e-10
4.956521739130434590e+00 1.792007942931904378e-10
4.978260869565216851e+00 1.791923868120202253e-10
5.000000000000000000e+00 1.791923793308500021e-10
5.021739130434782261e+00 1.791898718496797833e-10
5.043478260869565410e+00 1.791898643685095601e-10
5.065217391304347672e+00 1.791898568873393369e-10
5.086956521739129933e+00 1.791929494061691455e-10
5.108695652173913082e+00 1.791929419249989223e-10
5.130434782608695343e+00 1.791950344438286965e-10
5.152173913043478493e+00 1.791950269626584733e-10
5.173913043478260754e+00 1.791908194814882813e-10
5.195652173913043015e+00 1.791908120003180581e-10
5.217391304347826164e+00 1.791908045191478349e-10
5.239130434782608425e+00 1.791945970379776081e-10
5.260869565217391575e+00 1.791945895568073849e-10
5.282608695652173836e+00 1.791945820756371876e-10
5.304347826086956097e+00 1.791945745944669644e-10
5.326086956521739246e+00 1.791940671132967369e-10
5.347826086956521507e+00 1.791940596321265137e-10
5.369565217391303769e+00 1.791940521509563163e-10
5.391304347826086918e+00 1.791944446697860914e-10
5.413043478260869179e+00 1.791944371886158682e-10
5.434782608695652328e+00 1.791887297074456375e-10
5.456521739130434590e+00 1.791887222262754143e-10
5.478260869565216851e+00 1.791865147451052394e-10
5.500000000000000000e+00 1.791865072639350162e-10
5.521739130434782261e+00 1.791920997827647946e-10
5.543478260869565410e+00 1.791920923015945714e-10
5.565217391304347672e+00 1.791920848204243740e-10
5.586956521739129933e+00 1.791921773392541310e-10
5.608695652173913082e+00 1.791921698580839078e-10
5.630434782608695343e+00 1.791919623769136984e-10
5.652173913043478493e+00 1.791919548957434752e-10
5.673913043478260754e+00 1.791919474145732779e-10
5.695652173913043015e+00 1.791933399334030357e-10
5.717391304347826164e+00 1.791933324522328125e-10
5.739130434782608425e+00 1.791967249710626133e-10
5.760869565217391575e+00 1.791967174898924159e-10
5.782608695652173836e+00 1.791967100087221928e-10
5.804347826086956097e+00 1.791984025275519686e-10
5.826086956521739246e+00 1.791983950463817454e-10
5.847826086956521507e+00 1.791982875652115421e-10
5.869565217391303769e+00 1.791982800840413189e-10
5.891304347826086918e+00 1.791942726028710872e-10
5.913043478260869179e+00 1.791942651217008640e-10
5.934782608695652328e+00 1.791942576405306408e-10
5.956521739130434590e+00 1.791934501593604470e-10
5.978260869565216851e+00 1.791934426781902238e-10
6.000000000000000000e+00 1.791949351970200134e-10
6.021739130434782261e+00 1.791949277158497903e-10
6.043478260869565410e+00 1.791986202346795833e-10
6.065217391304347672e+00 1.791986127535093601e-10
6.086956521739129933e+00 1.791986052723391369e-10
6.108695652173913082e+00 1.791963977911689104e-10
6.130434782608695343e+00 1.791963903099986872e-10
6.152173913043478493e+00 1.791963828288284898e-10
6.173913043478260754e+00 1.791932753476582607e-10
6.195652173913043015e+00 1.791932678664880375e-10
6.217391304347826164e+00 1.791957603853178099e-10
6.239130434782608425e+00 1.791957529041476126e-10
6.260869565217390686e+00 1.791957454229773894e-10
6.282608695652173836e+00 1.791946379418071774e-10
6.304347826086956097e+00 1.791946304606369542e-10
6.326086956521739246e+00 1.791978229794667430e-10
6.347826086956521507e+00 1.791978154982965456e-10
6.369565217391303769e+00 1.791852080171263126e-10
6.391304347826086918e+00 1.791852005359560894e-10
6.413043478260869179e+00 1.791987930547858588e-10
6.434782608695652328e+00 1.791987855736156615e-10
6.456521739130434590e+00 1.791987780924454383e-10
6.478260869565216851e+00 1.791904706112752318e-10
6.500000000000000000e+00 1.791904631301050086e-10
6.521739130434782261e+00 1.791920556489347784e-10
6.543478260869565410e+00 1.791920481677645811e-10
6.565217391304347672e+00 1.791976406865943594e-10
6.586956521739129933e+00 1.791976332054241362e-10
6.608695652173913082e+00 1.791976257242539130e-10
6.630434782608695343e+00 1.791971182430837114e-10
6.652173913043478493e+00 1.791971107619134882e-10
6.673913043478260754e+00 1.791893032807432601e-10
6.695652173913043015e+00 1.791892957995730369e-10
6.717391304347826164e+00 1.791963883184028540e-10
6.739130434782608425e+00 1.791963808372326308e-10
6.760869565217390686e+00 1.791910733560623983e-10
6.782608695652173836e+00 1.791910658748921751e-10
6.804347826086956097e+00 1.791910583937219519e-10
6.826086956521739246e+00 1.791868509125517599e-10
6.847826086956521507e+00 1.791868434313815367e-10
6.869565217391303769e+00 1.791920359502113168e-10
6.891304347826086918e+00 1.791920284690410936e-10
6.913043478260869179e+00 1.791911209878708937e-10
6.934782608695652328e+00 1.791911135067006705e-10
6.956521739130434590e+00 1.791896060255304344e-10
6.978260869565216851e+00 1.791895985443602112e-10
7.000000000000000000e+00 1.791895910631899880e-10
7.021739130434782261e+00 1.791942835820197896e-10
7.043478260869565410e+00 1.791942761008495665e-10
7.065217391304347672e+00 1.791923686196793580e-10
7.086956521739129933e+00 1.791923611385091348e-10
7.108695652173913082e+00 1.792004536573389346e-10
7.130434782608695343e+00 1.792004461761687114e-10
7.152173913043478493e+00 1.792004386949984882e-10
7.173913043478260754e+00 1.791930312138282584e-10
7.195652173913043015e+00 1.791930237326580352e-10
7.217391304347826164e+00 1.792009162514878487e-10
7.239130434782608425e+00 1.792009087703176255e-10
7.260869565217390686e+00 1.792009012891474023e-10
7.282608695652173836e+00 1.791929938079771682e-10
7.304347826086956097e+00 1.791929863268069709e-10
7.326086956521739246e+00 1.791947788456367528e-10
7.347826086956521507e+00 1.791947713644665296e-10
7.369565217391303769e+00 1.791947638832963064e-10
7.391304347826086918e+00 1.791947564021260832e-10
7.413043478260869179e+00 1.791947489209558859e-10
7.434782608695652328e+00 1.791982414397856669e-10
7.456521739130434590e+00 1.791982339586154437e-10
7.478260869565216851e+00 1.791974264774452240e-10
7.500000000000000000e+00 1.791974189962750266e-10
7.521739130434782261e+00 1.791974115151048034e-10
7.543478260869565410e+00 1.791949040339345588e-10
7.565217391304347672e+00 1.791948965527643356e-10
7.586956521739129933e+00 1.791986890715941605e-10
7.608695652173913082e+00 1.791986815904239373e-10
7.630434782608695343e+00 1.791986741092537141e-10
7.652173913043478493e+00 1.791972666280834841e-10
7.673913043478260754e+00 1.791972591469132609e-10
7.695652173913043015e+00 1.791926516657430448e-10
7.717391304347826164e+00 1.791926441845728216e-10
7.739130434782608425e+00 1.791937367034026130e-10
7.760869565217390686e+00 1.791937292222323898e-10
7.782608695652173836e+00 1.791937217410621925e-10
7.804347826086956097e+00 1.791960142598919787e-10
7.826086956521739246e+00 1.791960067787217555e-10
7.847826086956521507e+00 1.791945992975515254e-10
7.869565217391303769e+00 1.791945918163813022e-10
7.891304347826086918e+00 1.791945843352111049e-10
7.913043478260869179e+00 1.791945768540408817e-10
7.934782608695652328e+00 1.791950693728706628e-10
7.956521739130434590e+00 1.791950618917004396e-10
7.978260869565216851e+00 1.791971544105302396e-10
8.000000000000000000e+00 1.791971469293600164e-10
8.021739130434783149e+00 1.791895394481897745e-10
8.043478260869564522e+00 1.791895319670195513e-10
8.065217391304347672e+00 1.791895244858493282e-10
8.086956521739130821e+00 1.791957170046791426e-10
8.108695652173912194e+00 1.791957095235089194e-10
8.130434782608695343e+00 1.791839020423387088e-10
8.152173913043478493e+00 1.791838945611684856e-10
8.173913043478259866e+00 1.791901870799982802e-10
8.195652173913043015e+00 1.791901795988280570e-10
8.217391304347826164e+00 1.791869721176578219e-10
8.239130434782609314e+00 1.791869646364875987e-10
8.260869565217390686e+00 1.791869571553173755e-10
8.282608695652173836e+00 1.791912496741471789e-10
8.304347826086956985e+00 1.791912421929769557e-10
8.326086956521738358e+00 1.791902347118067498e-10
8.347826086956521507e+00 1.791902272306365266e-10
8.369565217391304657e+00 1.791919197494663283e-10
8.391304347826086030e+00 1.791919122682961051e-10
8.413043478260869179e+00 1.791919047871258819e-10
8.434782608695652328e+00 1.791929973059556475e-10
8.456521739130433701e+00 1.791929898247854501e-10
8.478260869565216851e+00 1.791953823436152424e-10
8.500000000000000000e+00 1.791953748624450192e-10
8.521739130434783149e+00 1.791964673812747847e-10
8.543478260869564522e+00 1.791964599001045615e-10
8.565217391304347672e+00 1.791942524189343608e-10
8.586956521739130821e+00 1.791942449377641376e-10
8.608695652173912194e+00 1.791942374565939144e-10
8.630434782608695343e+00 1.791890299754236880e-10
8.652173913043478493e+00 1.791890224942534907e-10
8.673913043478259866e+00 1.791954150130832655e-10
8.695652173913043015e+00 1.791954075319130423e-10
8.717391304347826164e+00 1.791907000507428202e-10
8.739130434782609314e+00 1.791906925695725970e-10
8.760869565217390686e+00 1.791943850884024158e-10
8.782608695652173836e+00 1.791943776072321927e-10
8.804347826086956985e+00 1.791943701260619695e-10
8.826086956521738358e+00 1.791972626448917401e-10
8.847826086956521507e+00 1.791972551637215428e-10
8.869565217391304657e+00 1.791940476825513077e-10
8.891304347826086030e+00 1.791940402013810845e-10
8.913043478260869179e+00 1.791999327202108809e-10
8.934782608695652328e+00 1.791999252390406577e-10
8.956521739130433701e+00 1.791999177578704603e-10
8.978260869565216851e+00 1.791996102767002190e-10
9.000000000000000000e+00 1.791996027955299959e-10
9.021739130434783149e+00 1.791890953143597860e-10
9.043478260869564522e+00 1.791890878331895886e-10
9.065217391304347672e+00 1.791939803520193506e-10
9.086956521739130821e+00 1.791939728708491274e-10
9.108695652173912194e+00 1.791948653896789068e-10
9.130434782608695343e+00 1.791948579085086836e-10
9.152173913043478493e+00 1.791948504273384862e-10
9.173913043478259866e+00 1.791960429461682578e-10
9.195652173913043015e+00 1.791960354649980346e-10
9.217391304347826164e+00 1.791980279838278286e-10
9.239130434782609314e+00 1.791980205026576313e-10
9.260869565217390686e+00 1.791966130214874012e-10
9.282608695652173836e+00 1.791966055403171780e-10
9.304347826086956985e+00 1.791965980591469548e-10
9.326086956521738358e+00 1.791982905779767307e-10
9.347826086956521507e+00 1.791982830968065334e-10
9.369565217391304657e+00 1.791938756156363035e-10
9.391304347826086030e+00 1.791938681344660803e-10
9.413043478260869179e+00 1.791994606532958586e-10
9.434782608695652328e+00 1.791994531721256612e-10
9.456521739130433701e+00 1.791994456909554381e-10
9.478260869565216851e+00 1.791994382097852149e-10
9.500000000000000000e+00 1.791916307286149868e-10
9.521739130434783149e+00 1.791916232474447894e-10
9.543478260869564522e+00 1.791948157662745782e-10
9.565217391304347672e+00 1.791948082851043550e-10
9.586956521739130821e+00 1.791880008039341355e-10
9.608695652173912194e+00 1.791879933227639123e-10
9.630434782608695343e+00 1.791879858415937150e-10
9.652173913043478493e+00 1.791920783604234804e-10
9.673913043478259866e+00 1.791920708792532572e-10
9.695652173913043015e+00 1.791911633980830315e-10
9.717391304347826164e+00 1.791911559169128341e-10
9.739130434782609314e+00 1.791939484357426246e-10
9.760869565217390686e+00 1.791939409545724014e-10
9.782608695652173836e+00 1.791939334734021782e-10
9.804347826086956985e+00 1.791918259922319577e-10
9.826086956521738358e+00 1.791918185110617604e-10
9.847826086956521507e+00 1.791964110298915301e-10
9.869565217391304657e+00 1.791964035487213069e-10
9.891304347826086030e+00 1.791934960675510899e-10
9.913043478260869179e+00 1.791934885863808925e-10
9.934782608695652328e+00 1.791934811052106693e-10
9.956521739130433701e+00 1.791933736240404401e-10
9.978260869565216851e+00 1.791933661428702169e-10
1.000000000000000000e+01 1.802175586617000014e-10
1.002173913043478315e+01 1.802175511805298041e-10
1.004347826086956452e+01 1.802175436993595809e-10
1.006521739130434767e+01 1.793745362181893380e-10
1.008695652173913082e+01 1.793745287370191148e-10
1.010869565217391219e+01 1.793798212558489267e-10
1.013043478260869534e+01 1.793798137746787035e-10
1.015217391304347849e+01 1.793844062935084732e-10
1.017391304347825987e+01 1.793843988123382501e-10
1.019565217391304301e+01 1.793843913311680269e-10
1.021739130434782616e+01 1.793794838499978444e-10
1.023913043478260754e+01 1.793794763688276212e-10
1.026086956521739069e+01 1.793784688876573894e-10
1.028260869565217384e+01 1.793784614064871662e-10
1.030434782608695699e+01 1.793847539253169609e-10
1.032608695652173836e+01 1.793847464441467377e-10
1.034782608695652151e+01 1.793723389629765167e-10
1.036956521739130466e+01 1.793723314818062935e-10
1.039130434782608603e+01 1.793723240006360961e-10
1.041304347826086918e+01 1.793717165194658885e-10
1.043478260869565233e+01 1.793717090382956653e-10
1.045652173913043370e+01 1.793807015571254417e-10
1.047826086956521685e+01 1.793806940759552185e-10
1.050000000000000000e+01 1.793834865947850090e-10
1.052173913043478315e+01 1.793834791136147858e-10
1.054347826086956452e+01 1.793834716324445627e-10
1.056521739130434767e+01 1.793768641512743552e-10
1.058695652173913082e+01 1.793768566701041579e-10
1.060869565217391219e+01 1.793736491889339227e-10
1.063043478260869534e+01 1.793736417077636995e-10
1.065217391304347849e+01 1.793736342265934764e-10
1.067391304347825987e+01 1.793792267454232547e-10
1.069565217391304301e+01 1.793792192642530573e-10
1.071739130434782616e+01 1.793708117830828448e-10
1.073913043478260754e+01 1.793708043019126216e-10
1.076086956521739069e+01 1.793732968207423940e-10
1.078260869565217384e+01 1.793732893395721967e-10
1.080434782608695699e+01 1.793732818584019735e-10
1.082608695652173836e+01 1.793714743772317452e-10
1.084782608695652151e+01 1.793714668960615220e-10
1.086956521739130466e+01 1.793717594148912910e-10
1.089130434782608603e+01 1.793717519337210937e-10
1.091304347826086918e+01 1.793682444525508663e-10
1.093478260869565233e+01 1.793682369713806431e-10
1.095652173913043370e+01 1.793682294902104199e-10
1.097826086956521685e+01 1.793748220090402327e-10
1.100000000000000000e+01 1.793748145278700095e-10
1.102173913043478315e+01 1.793666070466997831e-10
1.104347826086956452e+01 1.793665995655295600e-10
1.106521739130434767e+01 1.793830920843593491e-10
1.108695652173913082e+01 1.793830846031891517e-10
1.110869565217391219e+01 1.793830771220189285e-10
1.113043478260869534e+01 1.793718696408487023e-10
1.115217391304347849e+01 1.793718621596784791e-10
1.117391304347825987e+01 1.793644546785082752e-10
1.119565217391304301e+01 1.793644471973380520e-10
1.121739130434782616e+01 1.793665397161678261e-10
1.123913043478260754e+01 1.793665322349976029e-10
1.126086956521739069e+01 1.793665247538274056e-10
1.128260869565217384e+01 1.793665172726571824e-10
1.130434782608695699e+01 1.793607097914869715e-10
1.132608695652173836e+01 1.793607023103167483e-10
1.134782608695652151e+01 1.793614948291465216e-10
1.136956521739130466e+01 1.793614873479763243e-10
1.139130434782608603e+01 1.793647798668060932e-10
1.141304347826086918e+01 1.793647723856358700e-10
1.143478260869565233e+01 1.793647649044656468e-10
1.145652173913043370e+01 1.793656574232954520e-10
1.147826086956521685e+01 1.793656499421252288e-10
1.150000000000000000e+01 1.793635424609550083e-10
1.152173913043478315e+01 1.793635349797847851e-10
1.154347826086956452e+01 1.793635274986145619e-10
1.156521739130434767e+01 1.793650200174443516e-10
1.158695652173913082e+01 1.793650125362741284e-10
1.160869565217391219e+01 1.793613050551039148e-10
1.163043478260869534e+01 1.793612975739336916e-10
1.165217391304347849e+01 1.793643900927635002e-10
1.167391304347825987e+01 1.793643826115932770e-10
1.169565217391304301e+01 1.793643751304230538e-10
1.171739130434782616e+01 1.793661676492528357e-10
1.173913043478260754e+01 1.793661601680826125e-10
1.176086956521739069e+01 1.793634526869124075e-10
1.178260869565217384e+01 1.793634452057421843e-10
1.180434782608695699e+01 1.793644377245719697e-10
1.182608695652173836e+01 1.793644302434017465e-10
1.184782608695652151e+01 1.793644227622315492e-10
1.186956521739130466e+01 1.793631152810613252e-10
1.189130434782608603e+01 1.793631077998911020e-10
1.191304347826086918e+01 1.793621003187208702e-10
1.193478260869565233e+01 1.793620928375506470e-10
1.195652173913043370e+01 1.793616853563804514e-10
1.197826086956521685e+01 1.793616778752102282e-10
1.200000000000000000e+01 1.793616703940400050e-10
1.202173913043478315e+01 1.793567629128697708e-10
1.204347826086956452e+01 1.793567554316995735e-10
1.206521739130434767e+01 1.793601479505293484e-10
1.208695652173913082e+01 1.793601404693591252e-10
1.210869565217391219e+01 1.793619329881889072e-10
1.213043478260869534e+01 1.793619255070187098e-10
1.215217391304347849e+01 1.793556180258484946e-10
1.217391304347825987e+01 1.793556105446782714e-10
1.219565217391304301e+01 1.793556030635080482e-10
1.221739130434782616e+01 1.793660955823378117e-10
1.223913043478260754e+01 1.793660881011676144e-10
1.226086956521739069e+01 1.793561806199974148e-10
1.228260869565217384e+01 1.793561731388271916e-10
1.230434782608695699e+01 1.793616656576569639e-10
1.232608695652173836e+01 1.793616581764867666e-10
1.234782608695652151e+01 1.793616506953165434e-10
1.236956521739130466e+01 1.793600432141463013e-10
1.239130434782608603e+01 1.793600357329760781e-10
1.241304347826086918e+01 1.793640282518058634e-10
1.243478260869565233e+01 1.793640207706356660e-10
1.245652173913043370e+01 1.793567132894654422e-10
1.247826086956521685e+01 1.793567058082952190e-10
1.250000000000000000e+01 1.793568983271250079e-10
1.252173913043478137e+01 1.793568908459548106e-10
1.254347826086956452e+01 1.793568833647845874e-10
1.256521739130434767e+01 1.793625758836143459e-10
1.258695652173913082e+01 1.793625684024441227e-10
1.260869565217391219e+01 1.793601609212739099e-10
1.263043478260869534e+01 1.793601534401037126e-10
1.265217391304347849e+01 1.793550459589334922e-10
1.267391304347825987e+01 1.793550384777632690e-10
1.269565217391304301e+01 1.793550309965930458e-10
1.271739130434782616e+01 1.793599235154228336e-10
1.273913043478260754e+01 1.793599160342526104e-10
1.276086956521739069e+01 1.793565085530823891e-10
1.278260869565217384e+01 1.793565010719121659e-10
1.280434782608695699e+01 1.793546935907419634e-10
1.282608695652173836e+01 1.793546861095717661e-10
1.284782608695652151e+01 1.793621786284015297e-10
1.286956521739130466e+01 1.793621711472313065e-10
1.289130434782608603e+01 1.793621636660610833e-10
1.291304347826086918e+01 1.793619561848908997e-10
1.293478260869565233e+01 1.793619487037206765e-10
1.295652173913043370e+01 1.793579412225504449e-10
1.297826086956521685e+01 1.793579337413802217e-10
1.300000000000000000e+01 1.793528262602100271e-10
1.302173913043478137e+01 1.793528187790398039e-10
1.304347826086956452e+01 1.793528112978695807e-10
1.306521739130434767e+01 1.793528038166993576e-10
1.308695652173913082e+01 1.793548963355291317e-10
1.310869565217391219e+01 1.793548888543589344e-10
1.313043478260869534e+01 1.793569813731887085e-10
1.315217391304347849e+01 1.793569738920184853e-10
1.317391304347825987e+01 1.793569664108482621e-10
1.319565217391304301e+01 1.793602589296780569e-10
1.321739130434782616e+01 1.793602514485078337e-10
1.323913043478260754e+01 1.793613439673376251e-10
1.326086956521739069e+01 1.793613364861674019e-10
1.328260869565217384e+01 1.793629290049971718e-10
1.330434782608695699e+01 1.793629215238269744e-10
1.332608695652173836e+01 1.793629140426567512e-10
1.334782608695652151e+01 1.793616065614865272e-10
1.336956521739130466e+01 1.793615990803163040e-10
1.339130434782608603e+01 1.793620915991461110e-10
1.341304347826086918e+01 1.793620841179758878e-10
1.343478260869565233e+01 1.793620766368056646e-10
1.345652173913043370e+01 1.793543691556354426e-10
1.347826086956521685e+01 1.793543616744652194e-10
1.350000000000000000e+01 1.793585541932950167e-10
1.352173913043478137e+01 1.793585467121247935e-10
1.354347826086956452e+01 1.793569392309545773e-10
1.356521739130434767e+01 1.793569317497843541e-10
1.358695652173913082e+01 1.793569242686141567e-10
1.360869565217391219e+01 1.793578167874439361e-10
1.363043478260869534e+01 1.793578093062737129e-10
1.365217391304347849e+01 1.793580018251034759e-10
1.367391304347825987e+01 1.793579943439332527e-10
1.369565217391304301e+01 1.793579868627630554e-10
1.371739130434782616e+01 1.793612793815928243e-10
1.373913043478260754e+01 1.793612719004226011e-10
1.376086956521739069e+01 1.793612644192523779e-10
1.378260869565217384e+01 1.793612569380821806e-10
1.380434782608695699e+01 1.793527494569119620e-10
1.382608695652173836e+01 1.793527419757417388e-10
1.384782608695652151e+01 1.793527344945715156e-10
1.386956521739130466e+01 1.793485270134013236e-10
1.389130434782608603e+01 1.793485195322311004e-10
1.391304347826086918e+01 1.793553120510608735e-10
1.393478260869565233e+01 1.793553045698906503e-10
1.395652173913043370e+01 1.793627970887204398e-10
1.397826086956521685e+01 1.793627896075502424e-10
1.400000000000000000e+01 1.793627821263800192e-10
1.402173913043478137e+01 1.793535746452097843e-10
1.404347826086956452e+01 1.793535671640395611e-10
1.406521739130434767e+01 1.793560596828693594e-10
1.408695652173913082e+01 1.793560522016991362e-10
1.410869565217391219e+01 1.793634447205289196e-10
1.413043478260869534e+01 1.793634372393586964e-10
1.415217391304347849e+01 1.793634297581884732e-10
1.417391304347825987e+01 1.793604222770182760e-10
1.419565217391304301e+01 1.793604147958480528e-10
1.421739130434782616e+01 1.793599073146778253e-10
1.423913043478260754e+01 1.793598998335076021e-10
1.426086956521739069e+01 1.793541923523374231e-10
1.428260869565217384e+01 1.793541848711671999e-10
1.430434782608695699e+01 1.793541773899969767e-10
1.432608695652173836e+01 1.793534699088267372e-10
1.434782608695652151e+01 1.793534624276565140e-10
1.436956521739130466e+01 1.793632549464863128e-10
1.439130434782608603e+01 1.793632474653160896e-10
1.441304347826086918e+01 1.793563399841458641e-10
1.443478260869565233e+01 1.793563325029756409e-10
1.445652173913043370e+01 1.793563250218054436e-10
1.447826086956521685e+01 1.793570175406352367e-10
1.450000000000000000e+01 1.793570100594650135e-10
1.452173913043478137e+01 1.793625025782947858e-10
1.454347826086956452e+01 1.793624950971245626e-10
1.456521739130434767e+01 1.793624876159543653e-10
1.458695652173913082e+01 1.793597801347841344e-10
1.460869565217391219e+01 1.793597726536139112e-10
1.463043478260869534e+01 1.793608651724437027e-10
1.465217391304347849e+01 1.793608576912735053e-10
1.467391304347825987e+01 1.793548502101032823e-10
1.469565217391304301e+01 1.793548427289330592e-10
1.471739130434782616e+01 1.793548352477628360e-10
1.473913043478260754e+01 1.793616277665926349e-10
1.476086956521739069e+01 1.793616202854224117e-10
1.478260869565217384e+01 1.793546128042521802e-10
1.480434782608695699e+01 1.793546053230819570e-10
1.482608695652173836e+01 1.793582978419117500e-10
1.484782608695652151e+01 1.793582903607415527e-10
1.486956521739130466e+01 1.793582828795713295e-10
1.489130434782608603e+01 1.793582753984011063e-10
1.491304347826086918e+01 1.793633679172308803e-10
1.493478260869565233e+01 1.793633604360606830e-10
1.495652173913043370e+01 1.793672529548904622e-10
1.497826086956521685e+01 1.793672454737202390e-10
1.500000000000000000e+01 1.793714379925500105e-10
1.502173913043478137e+01 1.793714305113797873e-10
1.504347826086956452e+01 1.793714230302095900e-10
1.506521739130434767e+01 1.793667155490393678e-10
1.508695652173913082e+01 1.793667080678691446e-10
1.510869565217391219e+01 1.793625005866989009e-10
1.513043478260869534e+01 1.793624931055287036e-10
1.515217391304347849e+01 1.793624856243584804e-10
1.517391304347825987e+01 1.793630781431882675e-10
1.519565217391304301e+01 1.793630706620180443e-10
1.521739130434782616e+01 1.793597631808478290e-10
1.523913043478260754e+01 1.793597556996776317e-10
1.526086956521739069e+01 1.793567482185074086e-10
1.528260869565217384e+01 1.793567407373371854e-10
1.530434782608695699e+01 1.793567332561669622e-10
1.532608695652173836e+01 1.793675257749967696e-10
1.534782608695652151e+01 1.793675182938265464e-10
1.536956521739130466e+01 1.793590108126563020e-10
1.539130434782608603e+01 1.793590033314860788e-10
1.541304347826086918e+01 1.793589958503158556e-10
1.543478260869565233e+01 1.793616883691456659e-10
1.545652173913043370e+01 1.793616808879754427e-10
1.547826086956521685e+01 1.793600734068052265e-10
1.550000000000000000e+01 1.793600659256350033e-10
1.552173913043478137e+01 1.793572584444647923e-10
1.554347826086956452e+01 1.793572509632945691e-10
1.556521739130434767e+01 1.793546434821243443e-10
1.558695652173913082e+01 1.793546360009541211e-10
1.560869565217391219e+01 1.793546285197839237e-10
1.563043478260869534e+01 1.793598210386137038e-10
1.565217391304347849e+01 1.793598135574434806e-10
1.567391304347825987e+01 1.793601060762732755e-10
1.569565217391304301e+01 1.793600985951030523e-10
1.571739130434782616e+01 1.793572911139328413e-10
1.573913043478260754e+01 1.793572836327626181e-10
1.576086956521739069e+01 1.793660761515924083e-10
1.578260869565217384e+01 1.793660686704221851e-10
1.580434782608695521e+01 1.793660611892519878e-10
1.582608695652173836e+01 1.793595537080817605e-10
1.584782608695652151e+01 1.793595462269115373e-10
1.586956521739130466e+01 1.793601387457412986e-10
1.589130434782608603e+01 1.793601312645710754e-10
1.591304347826086918e+01 1.793608237834008944e-10
1.593478260869565233e+01 1.793608163022306712e-10
1.595652173913043370e+01 1.793608088210604480e-10
1.597826086956521685e+01 1.793606013398902128e-10
1.600000000000000000e+01 1.793605938587200155e-10
1.602173913043478137e+01 1.793583863775497889e-10
1.604347826086956630e+01 1.793583788963795657e-10
1.606521739130434767e+01 1.793570714152093417e-10
1.608695652173912904e+01 1.793570639340391185e-10
1.610869565217391397e+01 1.793578564528689435e-10
1.613043478260869534e+01 1.793578489716987203e-10
1.615217391304347672e+01 1.793578414905284971e-10
1.617391304347826164e+01 1.793577340093582679e-10
1.619565217391304301e+01 1.793577265281880706e-10
1.621739130434782439e+01 1.793620190470178481e-10
1.623913043478260931e+01 1.793620115658476249e-10
1.626086956521739069e+01 1.793620040846774017e-10
1.628260869565217206e+01 1.793584966035071743e-10
1.630434782608695699e+01 1.793584891223369770e-10
1.632608695652173836e+01 1.793594816411667624e-10
1.634782608695651973e+01 1.793594741599965392e-10
1.636956521739130466e+01 1.793594666788263160e-10
1.639130434782608603e+01 1.793603591976560954e-10
1.641304347826086740e+01 1.793603517164858722e-10
1.643478260869565233e+01 1.793604442353156550e-10
1.645652173913043370e+01 1.793604367541454318e-10
1.647826086956521863e+01 1.793544292729752347e-10
1.650000000000000000e+01 1.793544217918050115e-10
1.652173913043478137e+01 1.793544143106347883e-10
1.654347826086956630e+01 1.793604068294645649e-10
1.656521739130434767e+01 1.793603993482943417e-10
1.658695652173912904e+01 1.793623918671241615e-10
1.660869565217391397e+01 1.793623843859539383e-10
1.663043478260869534e+01 1.793623769047837151e-10
1.665217391304347672e+01 1.793627694236134902e-10
1.667391304347826164e+01 1.793627619424432928e-10
1.669565217391304301e+01 1.793627544612730696e-10
1.671739130434782439e+01 1.793622469801028422e-10
1.673913043478260931e+01 1.793622394989326190e-10
1.676086956521739069e+01 1.793595320177623881e-10
1.678260869565217206e+01 1.793595245365921908e-10
1.680434782608695699e+01 1.793595170554219676e-10
1.682608695652173836e+01 1.793666095742517588e-10
1.684782608695651973e+01 1.793666020930815356e-10
1.686956521739130466e+01 1.793594946119113239e-10
1.689130434782608603e+01 1.793594871307411007e-10
1.691304347826086740e+01 1.793594796495708775e-10
1.693478260869565233e+01 1.793635721684006688e-10
1.695652173913043370e+01 1.793635646872304456e-10
1.697826086956521863e+01 1.793642572060602387e-10
1.700000000000000000e+01 1.793642497248900155e-10
1.702173913043478137e+01 1.793642422437197923e-10
1.704347826086956630e+01 1.793614347625495555e-10
1.706521739130434767e+01 1.793614272813793581e-10
1.708695652173912904e+01 1.793621198002091513e-10
1.710869565217391397e+01 1.793621123190389281e-10
1.713043478260869534e+01 1.793634048378687057e-10
1.715217391304347672e+01 1.793633973566984825e-10
1.717391304347826164e+01 1.793641898755282817e-10
1.719565217391304301e+01 1.793641823943580585e-10
1.721739130434782439e+01 1.793641749131878353e-10
1.723913043478260931e+01 1.793613674320175984e-10
1.726086956521739069e+01 1.793613599508474011e-10
1.728260869565217206e+01 1.793614524696771839e-10
1.730434782608695699e+01 1.793614449885069607e-10
1.732608695652173836e+01 1.793625375073367521e-10
1.734782608695651973e+01 1.793625300261665548e-10
1.736956521739130466e+01 1.793618225449963153e-10
1.739130434782608603e+01 1.793618150638260921e-10
1.741304347826086740e+01 1.793618075826558689e-10
1.743478260869565233e+01 1.793574001014856648e-10
1.745652173913043370e+01 1.793573926203154675e-10
1.747826086956521863e+01 1.793602851391452381e-10
1.750000000000000000e+01 1.793602776579750149e-10
1.752173913043478137e+01 1.793561701768047773e-10
1.754347826086956630e+01 1.793561626956345799e-10
1.756521739130434767e+01 1.793646552144643521e-10
1.758695652173912904e+01 1.793646477332941289e-10
1.760869565217391397e+01 1.793646402521239057e-10
1.763043478260869534e+01 1.793618327709536947e-10
1.765217391304347672e+01 1.793618252897834973e-10
1.767391304347826164e+01 1.793614178086132759e-10
1.769565217391304301e+01 1.793614103274430527e-10
1.771739130434782439e+01 1.793631028462728286e-10
1.773913043478260931e+01 1.793630953651026312e-10
1.776086956521739069e+01 1.793630878839324080e-10
1.778260869565217206e+01 1.793655804027621804e-10
1.780434782608695699e+01 1.793655729215919572e-10
1.782608695652173836e+01 1.793583654404217395e-10
1.784782608695651973e+01 1.793583579592515422e-10
1.786956521739130466e+01 1.793655504780813135e-10
1.789130434782608603e+01 1.793655429969110903e-10
1.791304347826086740e+01 1.793573355157408640e-10
1.793478260869565233e+01 1.793573280345706666e-10
1.795652173913043370e+01 1.793573205534004435e-10
1.797826086956521863e+01 1.793645130722302148e-10
1.800000000000000000e+01 1.793645055910599916e-10
1.802173913043478137e+01 1.793660981098897873e-10
1.804347826086956630e+01 1.793660906287195900e-10
1.806521739130434767e+01 1.793614831475493480e-10
1.808695652173912904e+01 1.793614756663791248e-10
1.810869565217391397e+01 1.793661681852089264e-10
1.813043478260869534e+01 1.793661607040387291e-10
1.815217391304347672e+01 1.793661532228685059e-10
1.817391304347826164e+01 1.793690457416982766e-10
1.819565217391304301e+01 1.793690382605280534e-10
1.821739130434782439e+01 1.793607307793578210e-10
1.823913043478260931e+01 1.793607232981876237e-10
1.826086956521739069e+01 1.793607158170174005e-10
1.828260869565217206e+01 1.793607083358471773e-10
1.830434782608695699e+01 1.793651008546769608e-10
1.832608695652173836e+01 1.793650933735067635e-10
1.834782608695651973e+01 1.793634858923365472e-10
1.836956521739130466e+01 1.793634784111663240e-10
1.839130434782608603e+01 1.793571709299960830e-10
1.841304347826086740e+01 1.793571634488258857e-10
1.843478260869565233e+01 1.793571559676556625e-10
1.845652173913043370e+01 1.793663484864854510e-10
1.847826086956521863e+01 1.793663410053152278e-10
1.850000000000000000e+01 1.793573335241450049e-10
1.852173913043478137e+01 1.793573260429748076e-10
1.854347826086956630e+01 1.793629185618045859e-10
1.856521739130434767e+01 1.793629110806343627e-10
1.858695652173912904e+01 1.793673035994641204e-10
1.860869565217391397e+01 1.793672961182939231e-10
1.863043478260869534e+01 1.793672886371236999e-10
1.865217391304347672e+01 1.793609811559534847e-10
1.867391304347826164e+01 1.793609736747832615e-10
1.869565217391304301e+01 1.793621661936130331e-10
1.871739130434782439e+01 1.793621587124428357e-10
1.873913043478260931e+01 1.793639512312726176e-10
1.876086956521739069e+01 1.793639437501023944e-10
1.878260869565217206e+01 1.793639362689321712e-10
1.880434782608695699e+01 1.793583287877619724e-10
1.882608695652173836e+01 1.793583213065917492e-10
1.884782608695651973e+01 1.793609138254215276e-10
1.886956521739130466e+01 1.793609063442513044e-10
1.889130434782608603e+01 1.793602988630810968e-10
1.891304347826086740e+01 1.793602913819108994e-10
1.893478260869565233e+01 1.793619839007406753e-10
1.895652173913043370e+01 1.793619764195704521e-10
1.897826086956521863e+01 1.793619689384002289e-10
1.900000000000000000e+01 1.793644614572300272e-10
1.902173913043478137e+01 1.793644539760598040e-10
1.904347826086956630e+01 1.793627464948895817e-10
1.906521739130434767e+01 1.793627390137193585e-10
1.908695652173912904e+01 1.793649315325491387e-10
1.910869565217391397e+01 1.793649240513789414e-10
1.913043478260869534e+01 1.793649165702087182e-10
1.915217391304347672e+01 1.793651090890384812e-10
1.917391304347826164e+01 1.793651016078682580e-10
1.919565217391304301e+01 1.793670941266980519e-10
1.921739130434782439e+01 1.793670866455278288e-10
1.923913043478260931e+01 1.793599791643576170e-10
1.926086956521739069e+01 1.793599716831873938e-10
1.928260869565217206e+01 1.793657642020172101e-10
1.930434782608695699e+01 1.793657567208469869e-10
1.932608695652173836e+01 1.793665492396767602e-10
1.934782608695651973e+01 1.793665417585065370e-10
1.936956521739130466e+01 1.793665342773363138e-10
1.939130434782608603e+01 1.793641267961661011e-10
1.941304347826086740e+01 1.793641193149958779e-10
1.943478260869565233e+01 1.793694118338256639e-10
1.945652173913043370e+01 1.793694043526554408e-10
1.947826086956521863e+01 1.793693968714852434e-10
1.950000000000000000e+01 1.793670893903150108e-10
1.952173913043478137e+01 1.793670819091447876e-10
1.954347826086956630e+01 1.793671744279745705e-10
1.956521739130434767e+01 1.793671669468043473e-10
1.958695652173912904e+01 1.793695594656341395e-10
1.960869565217391397e+01 1.793695519844639163e-10
1.963043478260869534e+01 1.793695445032936931e-10
1.965217391304347672e+01 1.793703370221234923e-10
1.967391304347826164e+01 1.793703295409532949e-10
1.969565217391304301e+01 1.793628220597830591e-10
1.971739130434782439e+01 1.793628145786128359e-10
1.973913043478260931e+01 1.793707070974426236e-10
1.976086956521739069e+01 1.793706996162724004e-10
1.978260869565217206e+01 1.793706921351022031e-10
1.980434782608695699e+01 1.793713846539319704e-10
1.982608695652173836e+01 1.793713771727617472e-10
1.984782608695651973e+01 1.793710696915915318e-10
1.986956521739130466e+01 1.793710622104213344e-10
1.989130434782608603e+01 1.793710547292511112e-10
1.991304347826086740e+01 1.793711472480808682e-10
1.993478260869565233e+01 1.793711397669106450e-10
1.995652173913043370e+01 1.793714322857404399e-10
1.997826086956521507e+01 1.793714248045702426e-10
