0.000000000000000000e+00 1.788680000000000073e-10
2.202643171806167519e-02 1.788680797813430269e-10
4.405286343612335037e-02 1.788678595626860285e-10
6.607929515418502209e-02 1.788679393440290482e-10
8.810572687224670074e-02 1.788749191253720701e-10
1.101321585903083794e-01 1.788749989067150898e-10
1.321585903083700442e-01 1.788750786880581095e-10
1.541850220264317228e-01 1.788667584694011398e-10
1.762114537444934015e-01 1.788668382507441853e-10
1.982378854625550801e-01 1.788753180320871943e-10
2.202643171806167588e-01 1.788753978134302140e-10
2.422907488986784375e-01 1.788676775947732546e-10
2.643171806167400884e-01 1.788677573761162743e-10
2.863436123348017670e-01 1.788678371574592939e-10
3.083700440528634457e-01 1.788754169388023004e-10
3.303964757709251243e-01 1.788754967201453200e-10
3.524229074889868030e-01 1.788743765014883449e-10
3.744493392070484816e-01 1.788744562828313646e-10
3.964757709251101603e-01 1.788735360641743757e-10
4.185022026431718389e-01 1.788736158455173953e-10
4.405286343612335176e-01 1.788736956268604150e-10
4.625550660792951962e-01 1.788752754082034475e-10
4.845814977973568749e-01 1.788753551895464930e-10
5.066079295154185536e-01 1.788731349708895033e-10
5.286343612334801767e-01 1.788732147522325230e-10
5.506607929515419109e-01 1.788711945335755453e-10
5.726872246696035340e-01 1.788712743149185649e-10
5.947136563876652682e-01 1.788713540962615846e-10
6.167400881057268913e-01 1.788772338776045920e-10
6.387665198237886255e-01 1.788773136589476116e-10
6.607929515418502486e-01 1.788773934402906313e-10
6.828193832599119828e-01 1.788750732216336614e-10
7.048458149779736059e-01 1.788751530029766811e-10
7.268722466960352291e-01 1.788808327843197022e-10
7.488986784140969633e-01 1.788809125656627219e-10
7.709251101321585864e-01 1.788809923470057416e-10
7.929515418502203206e-01 1.788762721283487821e-10
8.149779735682819437e-01 1.788763519096918017e-10
8.370044052863436779e-01 1.788817316910348307e-10
8.590308370044053010e-01 1.788818114723778503e-10
8.810572687224670352e-01 1.788767912537208728e-10
9.030837004405286583e-01 1.788768710350638924e-10
9.251101321585903925e-01 1.788769508164069121e-10
9.471365638766520156e-01 1.788794305977499213e-10
9.691629955947137498e-01 1.788795103790929410e-10
9.911894273127753729e-01 1.788728901604359704e-10
1.013215859030837107e+00 1.788729699417789900e-10
1.035242290748898730e+00 1.788735497231220140e-10
1.057268722466960353e+00 1.788736295044650337e-10
1.079295154185021977e+00 1.788736092858080473e-10
1.101321585903083822e+00 1.788736890671510928e-10
1.123348017621145445e+00 1.788762688484941081e-10
1.145374449339207068e+00 1.788763486298371277e-10
1.167400881057268691e+00 1.788764284111801474e-10
1.189427312775330536e+00 1.788756081925231645e-10
1.211453744493392159e+00 1.788756879738661842e-10
1.233480176211453783e+00 1.788833677552091966e-10
1.255506607929515406e+00 1.788834475365522163e-10
1.277533039647577251e+00 1.788763273178952414e-10
1.299559471365638874e+00 1.788764070992382611e-10
1.321585903083700497e+00 1.788764868805812807e-10
1.343612334801762120e+00 1.788764666619242944e-10
1.365638766519823966e+00 1.788765464432673140e-10
1.387665198237885589e+00 1.788747262246103484e-10
1.409691629955947212e+00 1.788748060059533681e-10
1.431718061674008835e+00 1.788751857872964058e-10
1.453744493392070458e+00 1.788752655686394255e-10
1.475770925110132303e+00 1.788792453499824476e-10
1.497797356828193927e+00 1.788793251313254672e-10
1.519823788546255550e+00 1.788794049126684869e-10
1.541850220264317173e+00 1.788735846940115128e-10
1.563876651982379018e+00 1.788736644753545325e-10
1.585903083700440641e+00 1.788737442566975521e-10
1.607929515418502264e+00 1.788738240380405718e-10
1.629955947136563887e+00 1.788788038193835766e-10
1.651982378854625733e+00 1.788788836007265963e-10
1.674008810572687356e+00 1.788789633820696159e-10
1.696035242290748979e+00 1.788756431634126375e-10
1.718061674008810602e+00 1.788757229447556571e-10
1.740088105726872447e+00 1.788782027260987180e-10
1.762114537444934070e+00 1.788782825074417377e-10
1.784140969162995694e+00 1.788817622887847555e-10
1.806167400881057317e+00 1.788818420701277752e-10
1.828193832599118940e+00 1.788721218514707987e-10
1.850220264317180785e+00 1.788722016328138183e-10
1.872246696035242408e+00 1.788722814141568380e-10
1.894273127753304031e+00 1.788765611954998523e-10
1.916299559471365654e+00 1.788766409768428720e-10
1.938325991189427500e+00 1.788800207581858838e-10
1.960352422907489123e+00 1.788801005395289034e-10
1.982378854625550746e+00 1.788730803208719345e-10
2.004405286343612591e+00 1.788731601022149542e-10
2.026431718061674214e+00 1.788756398835579634e-10
2.048458149779735837e+00 1.788757196649010089e-10
2.070484581497797461e+00 1.788757994462440286e-10
2.092511013215859084e+00 1.788768792275870569e-10
2.114537444933920707e+00 1.788769590089300765e-10
2.136563876651982330e+00 1.788773387902730884e-10
2.158590308370043953e+00 1.788774185716161081e-10
2.180616740088106020e+00 1.788785983529591165e-10
2.202643171806167643e+00 1.788786781343021361e-10
2.224669603524229267e+00 1.788787579156451558e-10
2.246696035242290890e+00 1.788836376969881805e-10
2.268722466960352513e+00 1.788837174783312001e-10
2.290748898678414136e+00 1.788811972596742182e-10
2.312775330396475759e+00 1.788812770410172378e-10
2.334801762114537382e+00 1.788823568223602661e-10
2.356828193832599450e+00 1.788824366037032857e-10
2.378854625550661073e+00 1.788825163850463312e-10
2.400881057268722696e+00 1.788825961663893509e-10
2.422907488986784319e+00 1.788801759477323750e-10
2.444933920704845942e+00 1.788802557290753946e-10
2.466960352422907565e+00 1.788784355104184031e-10
2.488986784140969188e+00 1.788785152917614228e-10
2.511013215859030812e+00 1.788821950731044527e-10
2.533039647577092435e+00 1.788822748544474723e-10
2.555066079295154502e+00 1.788823546357904920e-10
2.577092511013216125e+00 1.788810344171335048e-10
2.599118942731277748e+00 1.788811141984765245e-10
2.621145374449339371e+00 1.788812939798195502e-10
2.643171806167400995e+00 1.788813737611625698e-10
2.665198237885462618e+00 1.788838535425055791e-10
2.687224669603524241e+00 1.788839333238486246e-10
2.709251101321585864e+00 1.788867131051916519e-10
2.731277533039647931e+00 1.788867928865346715e-10
2.753303964757709554e+00 1.788868726678776912e-10
2.775330396475771177e+00 1.788856524492207101e-10
2.797356828193832801e+00 1.788857322305637297e-10
2.819383259911894424e+00 1.788845120119067486e-10
2.841409691629956047e+00 1.788845917932497682e-10
2.863436123348017670e+00 1.788837715745927853e-10
2.885462555066079293e+00 1.788838513559358050e-10
2.907488986784140916e+00 1.788839311372788247e-10
2.929515418502202984e+00 1.788717109186218525e-10
2.951541850220264607e+00 1.788717906999648722e-10
2.973568281938326230e+00 1.788851704813078922e-10
2.995594713656387853e+00 1.788852502626509377e-10
3.017621145374449476e+00 1.788802300439939602e-10
3.039647577092511099e+00 1.788803098253369798e-10
3.061674008810572722e+00 1.788899896066799836e-10
3.083700440528634346e+00 1.788900693880230033e-10
3.105726872246696413e+00 1.788901491693660229e-10
3.127753303964758036e+00 1.788928289507090442e-10
3.149779735682819659e+00 1.788929087320520639e-10
3.171806167400881282e+00 1.788791885133950789e-10
3.193832599118942905e+00 1.788792682947380986e-10
3.215859030837004529e+00 1.788793480760811182e-10
3.237885462555066152e+00 1.788876278574241410e-10
3.259911894273127775e+00 1.788877076387671607e-10
3.281938325991189398e+00 1.788835874201101857e-10
3.303964757709251465e+00 1.788836672014532312e-10
3.325991189427313088e+00 1.788837469827962509e-10
3.348017621145374711e+00 1.788794267641392638e-10
3.370044052863436335e+00 1.788795065454822835e-10
3.392070484581497958e+00 1.788874863268253140e-10
3.414096916299559581e+00 1.788875661081683337e-10
3.436123348017621204e+00 1.788812458895113553e-10
3.458149779735682827e+00 1.788813256708543750e-10
3.480176211453744894e+00 1.788814054521973946e-10
3.502202643171806518e+00 1.788839852335404099e-10
3.524229074889868141e+00 1.788840650148834295e-10
3.546255506607929764e+00 1.788785447962264477e-10
3.568281938325991387e+00 1.788786245775694674e-10
3.590308370044053010e+00 1.788787043589124870e-10
3.612334801762114633e+00 1.788833841402554996e-10
3.634361233480176256e+00 1.788834639215985451e-10
3.656387665198237880e+00 1.788872437029415810e-10
3.678414096916299947e+00 1.788873234842846007e-10
3.700440528634361570e+00 1.788841032656276024e-10
3.722466960352423193e+00 1.788841830469706220e-10
3.744493392070484816e+00 1.788842628283136417e-10
3.766519823788546439e+00 1.788894426096566844e-10
3.788546255506608063e+00 1.788895223909997041e-10
3.810572687224669686e+00 1.788808021723427103e-10
3.832599118942731309e+00 1.788808819536857300e-10
3.854625550660793376e+00 1.788809617350287496e-10
3.876651982378854999e+00 1.788857415163717682e-10
3.898678414096916622e+00 1.788858212977147879e-10
3.920704845814978245e+00 1.788756010790578071e-10
3.942731277533039869e+00 1.788756808604008526e-10
3.964757709251101492e+00 1.788744606417438714e-10
3.986784140969163115e+00 1.788745404230868911e-10
4.008810572687225182e+00 1.788797202044299080e-10
4.030837004405286805e+00 1.788797999857729277e-10
4.052863436123348428e+00 1.788798797671159473e-10
4.074889867841410052e+00 1.788887595484589804e-10
4.096916299559471675e+00 1.788888393298020001e-10
4.118942731277533298e+00 1.788740191111450005e-10
4.140969162995594921e+00 1.788740988924880202e-10
4.162995594713656544e+00 1.788749786738310622e-10
4.185022026431718167e+00 1.788750584551740819e-10
4.207048458149779790e+00 1.788751382365171015e-10
4.229074889867841414e+00 1.788752180178601212e-10
4.251101321585903037e+00 1.788718977992031685e-10
4.273127753303964660e+00 1.788719775805461882e-10
4.295154185022026283e+00 1.788740573618891992e-10
4.317180616740087906e+00 1.788741371432322188e-10
4.339207048458150418e+00 1.788715169245752308e-10
4.361233480176212041e+00 1.788715967059182505e-10
4.383259911894273664e+00 1.788716764872612702e-10
4.405286343612335287e+00 1.788718562686042959e-10
4.427312775330396910e+00 1.788719360499473155e-10
4.449339207048458533e+00 1.788709158312903206e-10
4.471365638766520156e+00 1.788709956126333402e-10
4.493392070484581780e+00 1.788742753939763718e-10
4.515418502202643403e+00 1.788743551753193915e-10
4.537444933920705026e+00 1.788741349566624189e-10
4.559471365638766649e+00 1.788742147380054386e-10
4.581497797356828272e+00 1.788742945193484841e-10
4.603524229074889895e+00 1.788803743006915035e-10
4.625550660792951518e+00 1.788804540820345232e-10
4.647577092511013142e+00 1.788841338633775272e-10
4.669603524229074765e+00 1.788842136447205469e-10
4.691629955947136388e+00 1.788677934260635801e-10
4.713656387665198899e+00 1.788678732074065997e-10
4.735682819383260522e+00 1.788822529887496025e-10
4.757709251101322145e+00 1.788823327700926222e-10
4.779735682819383769e+00 1.788824125514356418e-10
4.801762114537445392e+00 1.788746923327786824e-10
4.823788546255507015e+00 1.788747721141217021e-10
4.845814977973568638e+00 1.788760518954647166e-10
4.867841409691630261e+00 1.788761316768077362e-10
4.889867841409691884e+00 1.788798114581507661e-10
4.911894273127753507e+00 1.788798912394937857e-10
4.933920704845815131e+00 1.788750710208368202e-10
4.955947136563876754e+00 1.788751508021798399e-10
4.977973568281938377e+00 1.788752305835228596e-10
5.000000000000000000e+00 1.788782103648658731e-10
5.022026431718061623e+00 1.788782901462088927e-10
5.044052863436123246e+00 1.788814699275519183e-10
5.066079295154184869e+00 1.788815497088949380e-10
5.088105726872247381e+00 1.788850294902379558e-10
5.110132158590309004e+00 1.788851092715809755e-10
5.132158590308370627e+00 1.788851890529239951e-10
5.154185022026432250e+00 1.788753688342670126e-10
5.176211453744493873e+00 1.788754486156100322e-10
5.198237885462555496e+00 1.788760283969530820e-10
5.220264317180617120e+00 1.788761081782961017e-10
5.242290748898678743e+00 1.788773879596391161e-10
5.264317180616740366e+00 1.788774677409821358e-10
5.286343612334801989e+00 1.788775475223251555e-10
5.308370044052863612e+00 1.788739273036681847e-10
5.330396475770925235e+00 1.788740070850112044e-10
5.352422907488986858e+00 1.788702868663542276e-10
5.374449339207048482e+00 1.788703666476972473e-10
5.396475770925110105e+00 1.788691464290402662e-10
5.418502202643171728e+00 1.788692262103832858e-10
5.440528634361233351e+00 1.788759059917262897e-10
5.462555066079295862e+00 1.788759857730693094e-10
5.484581497797357486e+00 1.788760655544123290e-10
5.506607929515419109e+00 1.788781453357553917e-10
5.528634361233480732e+00 1.788782251170984114e-10
5.550660792951542355e+00 1.788746048984414148e-10
5.572687224669603978e+00 1.788746846797844345e-10
5.594713656387665601e+00 1.788795644611274591e-10
5.616740088105727224e+00 1.788796442424704788e-10
5.638766519823788848e+00 1.788765240238134865e-10
5.660792951541850471e+00 1.788766038051565062e-10
5.682819383259912094e+00 1.788766835864995258e-10
5.704845814977973717e+00 1.788728633678425689e-10
5.726872246696035340e+00 1.788729431491855886e-10
5.748898678414096963e+00 1.788713229305286091e-10
5.770925110132158586e+00 1.788714027118716288e-10
5.792951541850220210e+00 1.788714824932146485e-10
5.814977973568281833e+00 1.788715622745576681e-10
5.837004405286344344e+00 1.788751420559006920e-10
5.859030837004405967e+00 1.788752218372437116e-10
5.881057268722467590e+00 1.788833016185867482e-10
5.903083700440529213e+00 1.788833813999297679e-10
5.925110132158590837e+00 1.788777611812727800e-10
5.947136563876652460e+00 1.788778409626157997e-10
5.969162995594714083e+00 1.788779207439588193e-10
5.991189427312775706e+00 1.788673005253018402e-10
6.013215859030837329e+00 1.788673803066448599e-10
6.035242290748898952e+00 1.788813600879878902e-10
6.057268722466960575e+00 1.788814398693309099e-10
6.079295154185022199e+00 1.788907196506739154e-10
6.101321585903083822e+00 1.788907994320169351e-10
6.123348017621145445e+00 1.788908792133599548e-10
6.145374449339207068e+00 1.788825589947030109e-10
6.167400881057268691e+00 1.788826387760460306e-10
6.189427312775330314e+00 1.788857185573890501e-10
6.211453744493392826e+00 1.788857983387320698e-10
6.233480176211454449e+00 1.788709781200750702e-10
6.255506607929516072e+00 1.788710579014180899e-10
6.277533039647577695e+00 1.788633376827611305e-10
6.299559471365639318e+00 1.788634174641041502e-10
6.321585903083700941e+00 1.788882972454471654e-10
6.343612334801762564e+00 1.788883770267901851e-10
6.365638766519824188e+00 1.788884568081332048e-10
6.387665198237885811e+00 1.788789365894762144e-10
6.409691629955947434e+00 1.788790163708192341e-10
6.431718061674009057e+00 1.788696961521622558e-10
6.453744493392070680e+00 1.788697759335053014e-10
6.475770925110132303e+00 1.788770557148483156e-10
6.497797356828193927e+00 1.788771354961913352e-10
6.519823788546255550e+00 1.788772152775343549e-10
6.541850220264317173e+00 1.788874950588773949e-10
6.563876651982378796e+00 1.788875748402204145e-10
6.585903083700441307e+00 1.788803546215634336e-10
6.607929515418502930e+00 1.788804344029064533e-10
6.629955947136564554e+00 1.788766141842494705e-10
6.651982378854626177e+00 1.788766939655924901e-10
6.674008810572687800e+00 1.788765737469354977e-10
6.696035242290749423e+00 1.788766535282785174e-10
6.718061674008811046e+00 1.788767333096215371e-10
6.740088105726872669e+00 1.788755130909645559e-10
6.762114537444934292e+00 1.788755928723076014e-10
6.784140969162995916e+00 1.788845726536506147e-10
6.806167400881057539e+00 1.788846524349936344e-10
6.828193832599119162e+00 1.788835322163366593e-10
6.850220264317180785e+00 1.788836119976796789e-10
6.872246696035242408e+00 1.788836917790226986e-10
6.894273127753304031e+00 1.788729715603657135e-10
6.916299559471365654e+00 1.788730513417087331e-10
6.938325991189427278e+00 1.788866311230517652e-10
6.960352422907489789e+00 1.788867109043947849e-10
6.982378854625551412e+00 1.788937906857378129e-10
7.004405286343613035e+00 1.788938704670808326e-10
7.026431718061674658e+00 1.788924502484238393e-10
7.048458149779736281e+00 1.788925300297668590e-10
7.070484581497797905e+00 1.788926098111098787e-10
7.092511013215859528e+00 1.788915895924529354e-10
7.114537444933921151e+00 1.788916693737959551e-10
7.136563876651982774e+00 1.788837491551389578e-10
7.158590308370044397e+00 1.788838289364819775e-10
7.180616740088106020e+00 1.788878087178249996e-10
7.202643171806167643e+00 1.788878884991680192e-10
7.224669603524229267e+00 1.788879682805110389e-10
7.246696035242290890e+00 1.788768480618540555e-10
7.268722466960352513e+00 1.788769278431970752e-10
7.290748898678414136e+00 1.788919076245401141e-10
7.312775330396475759e+00 1.788919874058831338e-10
7.334801762114538271e+00 1.788891671872261337e-10
7.356828193832599894e+00 1.788892469685691534e-10
7.378854625550661517e+00 1.788924267499121790e-10
7.400881057268723140e+00 1.788925065312552245e-10
7.422907488986784763e+00 1.788925863125982441e-10
7.444933920704846386e+00 1.788815660939412668e-10
7.466960352422908009e+00 1.788816458752842865e-10
7.488986784140969633e+00 1.788696256566273006e-10
7.511013215859031256e+00 1.788697054379703202e-10
7.533039647577092879e+00 1.788726852193133337e-10
7.555066079295154502e+00 1.788727650006563534e-10
7.577092511013216125e+00 1.788728447819993731e-10
7.599118942731277748e+00 1.788729245633423927e-10
7.621145374449339371e+00 1.788835043446854249e-10
7.643171806167400995e+00 1.788835841260284446e-10
7.665198237885462618e+00 1.788811639073714686e-10
7.687224669603524241e+00 1.788812436887144883e-10
7.709251101321586752e+00 1.788796234700575347e-10
7.731277533039648375e+00 1.788797032514005544e-10
7.753303964757709998e+00 1.788797830327435741e-10
7.775330396475771622e+00 1.788763628140865895e-10
7.797356828193833245e+00 1.788764425954296092e-10
7.819383259911894868e+00 1.788889223767726267e-10
7.841409691629956491e+00 1.788890021581156463e-10
7.863436123348018114e+00 1.788826819394586680e-10
7.885462555066079737e+00 1.788827617208016876e-10
7.907488986784141360e+00 1.788819415021447047e-10
7.929515418502202984e+00 1.788820212834877244e-10
7.951541850220264607e+00 1.788902010648307412e-10
7.973568281938326230e+00 1.788902808461737608e-10
7.995594713656387853e+00 1.788903606275167805e-10
8.017621145374450364e+00 1.788861404088597994e-10
8.039647577092511099e+00 1.788862201902028450e-10
8.061674008810573611e+00 1.788838999715458751e-10
8.083700440528634346e+00 1.788839797528888947e-10
8.105726872246696857e+00 1.788840595342319144e-10
8.127753303964757592e+00 1.788889393155749390e-10
8.149779735682820103e+00 1.788890190969179587e-10
8.171806167400880838e+00 1.788838988782609751e-10
8.193832599118943349e+00 1.788839786596039948e-10
8.215859030837004084e+00 1.788891584409470116e-10
8.237885462555066596e+00 1.788892382222900313e-10
8.259911894273127331e+00 1.788903180036330337e-10
8.281938325991189842e+00 1.788903977849760534e-10
8.303964757709252353e+00 1.788904775663190730e-10
8.325991189427313088e+00 1.788831573476621119e-10
8.348017621145375600e+00 1.788832371290051574e-10
8.370044052863436335e+00 1.788911169103481820e-10
8.392070484581498846e+00 1.788911966916912016e-10
8.414096916299559581e+00 1.788873764730342188e-10
8.436123348017622092e+00 1.788874562543772385e-10
8.458149779735682827e+00 1.788875360357202582e-10
8.480176211453745339e+00 1.789003158170632679e-10
8.502202643171806073e+00 1.789003955984062875e-10
8.524229074889868585e+00 1.788994753797492986e-10
8.546255506607929320e+00 1.788995551610923183e-10
8.568281938325991831e+00 1.788960349424353536e-10
8.590308370044052566e+00 1.788961147237783732e-10
8.612334801762115077e+00 1.789099945051213976e-10
8.634361233480175812e+00 1.789100742864644172e-10
8.656387665198238324e+00 1.788858540678074456e-10
8.678414096916300835e+00 1.788859338491504652e-10
8.700440528634361570e+00 1.788860136304934849e-10
8.722466960352424081e+00 1.788927934118365207e-10
8.744493392070484816e+00 1.788928731931795403e-10
8.766519823788547328e+00 1.788851529745225551e-10
8.788546255506608063e+00 1.788852327558655748e-10
8.810572687224670574e+00 1.788920125372085847e-10
8.832599118942731309e+00 1.788920923185516044e-10
8.854625550660793820e+00 1.788921720998946240e-10
8.876651982378854555e+00 1.788879518812376430e-10
8.898678414096917066e+00 1.788880316625806626e-10
8.920704845814977801e+00 1.788958114439236811e-10
8.942731277533040313e+00 1.788958912252667008e-10
8.964757709251101048e+00 1.788865710066097484e-10
8.986784140969163559e+00 1.788866507879527681e-10
9.008810572687224294e+00 1.788856305692957990e-10
9.030837004405286805e+00 1.788857103506388186e-10
9.052863436123349317e+00 1.788857901319818383e-10
9.074889867841410052e+00 1.788915699133248396e-10
9.096916299559472563e+00 1.788916496946678593e-10
9.118942731277533298e+00 1.788902294760108919e-10
9.140969162995595809e+00 1.788903092573539116e-10
9.162995594713656544e+00 1.788903890386969313e-10
9.185022026431719055e+00 1.788904688200399509e-10
9.207048458149779790e+00 1.788889486013829775e-10
9.229074889867842302e+00 1.788890283827259972e-10
9.251101321585903037e+00 1.788967081640690097e-10
9.273127753303965548e+00 1.788967879454120293e-10
9.295154185022026283e+00 1.789017677267550600e-10
9.317180616740088794e+00 1.789018475080980797e-10
9.339207048458149529e+00 1.789019272894410993e-10
9.361233480176212041e+00 1.789024070707841431e-10
9.383259911894272776e+00 1.789024868521271628e-10
9.405286343612335287e+00 1.788933666334701707e-10
9.427312775330397798e+00 1.788934464148131904e-10
9.449339207048458533e+00 1.788967261961562220e-10
9.471365638766521045e+00 1.788968059774992417e-10
9.493392070484581780e+00 1.788897857588422469e-10
9.515418502202644291e+00 1.788898655401852666e-10
9.537444933920705026e+00 1.788899453215282863e-10
9.559471365638767537e+00 1.788971251028713203e-10
9.581497797356828272e+00 1.788972048842143400e-10
9.603524229074890783e+00 1.788901846655573711e-10
9.625550660792951518e+00 1.788902644469003908e-10
9.647577092511014030e+00 1.788863442282434019e-10
9.669603524229074765e+00 1.788864240095864216e-10
9.691629955947137276e+00 1.788865037909294413e-10
9.713656387665198011e+00 1.788935835722724693e-10
9.735682819383260522e+00 1.788936633536154889e-10
9.757709251101321257e+00 1.788958431349585059e-10
9.779735682819383769e+00 1.788959229163015256e-10
9.801762114537446280e+00 1.788954026976445608e-10
9.823788546255507015e+00 1.788954824789875805e-10
9.845814977973569526e+00 1.788953622603305881e-10
9.867841409691630261e+00 1.788954420416736077e-10
9.889867841409692772e+00 1.788955218230166274e-10
9.911894273127753507e+00 1.788953016043596807e-10
9.933920704845816019e+00 1.788953813857027003e-10
9.955947136563876754e+00 1.788927611670457123e-10
9.977973568281939265e+00 1.788928409483887320e-10
1.000000000000000000e+01 1.790505207297317646e-10
1.002202643171806251e+01 1.790506005110747843e-10
1.004405286343612325e+01 1.789559802924177826e-10
1.006607929515418576e+01 1.789560600737608022e-10
1.008810572687224649e+01 1.789561398551038219e-10
1.011013215859030900e+01 1.789732196364468581e-10
1.013215859030836974e+01 1.789732994177898778e-10
1.015418502202643225e+01 1.789845791991329005e-10
1.017621145374449476e+01 1.789846589804759201e-10
1.019823788546255550e+01 1.789868387618189371e-10
1.022026431718061801e+01 1.789869185431619568e-10
1.024229074889867874e+01 1.789869983245050023e-10
1.026431718061674125e+01 1.789946781058480148e-10
1.028634361233480199e+01 1.789947578871910345e-10
1.030837004405286450e+01 1.789953376685340584e-10
1.033039647577092524e+01 1.789954174498770781e-10
1.035242290748898775e+01 1.789870972312200825e-10
1.037444933920704848e+01 1.789871770125631022e-10
1.039647577092511099e+01 1.789864567939061253e-10
1.041850220264317173e+01 1.789865365752491450e-10
1.044052863436123424e+01 1.789866163565921647e-10
1.046255506607929497e+01 1.789875961379351869e-10
1.048458149779735749e+01 1.789876759192782065e-10
1.050660792951541822e+01 1.789897557006212433e-10
1.052863436123348073e+01 1.789898354819642630e-10
1.055066079295154324e+01 1.789895152633072844e-10
1.057268722466960398e+01 1.789895950446503041e-10
1.059471365638766649e+01 1.789896748259933237e-10
1.061674008810572722e+01 1.789923546073363450e-10
1.063876651982378974e+01 1.789924343886793647e-10
1.066079295154185047e+01 1.789871141700223949e-10
1.068281938325991298e+01 1.789871939513654145e-10
1.070484581497797372e+01 1.789874737327084463e-10
1.072687224669603623e+01 1.789875535140514659e-10
1.074889867841409696e+01 1.789924332953944647e-10
1.077092511013215947e+01 1.789925130767374844e-10
1.079295154185022021e+01 1.789925928580805040e-10
1.081497797356828272e+01 1.789828726394235275e-10
1.083700440528634346e+01 1.789829524207665472e-10
1.085903083700440597e+01 1.789823322021096022e-10
1.088105726872246670e+01 1.789824119834526219e-10
1.090308370044052921e+01 1.789896917647956361e-10
1.092511013215859172e+01 1.789897715461386557e-10
1.094713656387665246e+01 1.789898513274816754e-10
1.096916299559471497e+01 1.789899311088246951e-10
1.099118942731277571e+01 1.789888108901677199e-10
1.101321585903083822e+01 1.789888906715107396e-10
1.103524229074889895e+01 1.789839704528537422e-10
1.105726872246696146e+01 1.789840502341967619e-10
1.107929515418502220e+01 1.789820300155397842e-10
1.110132158590308471e+01 1.789821097968828039e-10
1.112334801762114544e+01 1.789821895782258235e-10
1.114537444933920796e+01 1.789842693595688604e-10
1.116740088105726869e+01 1.789843491409119059e-10
1.118942731277533120e+01 1.789838289222549152e-10
1.121145374449339194e+01 1.789839087035979349e-10
1.123348017621145445e+01 1.789872884849409467e-10
1.125550660792951518e+01 1.789873682662839663e-10
1.127753303964757770e+01 1.789835480476270094e-10
1.129955947136564021e+01 1.789836278289700290e-10
1.132158590308370094e+01 1.789837076103130487e-10
1.134361233480176345e+01 1.789884873916560673e-10
1.136563876651982419e+01 1.789885671729990870e-10
1.138766519823788670e+01 1.789884469543420946e-10
1.140969162995594743e+01 1.789885267356851143e-10
1.143171806167400995e+01 1.789874065170281391e-10
1.145374449339207068e+01 1.789874862983711588e-10
1.147577092511013319e+01 1.789875660797141785e-10
1.149779735682819393e+01 1.789888458610572188e-10
1.151982378854625644e+01 1.789889256424002384e-10
1.154185022026431717e+01 1.789960054237432664e-10
1.156387665198237968e+01 1.789960852050862861e-10
1.158590308370044042e+01 1.789864649864292897e-10
1.160792951541850293e+01 1.789865447677723094e-10
1.162995594713656367e+01 1.789881245491153419e-10
1.165198237885462618e+01 1.789882043304583616e-10
1.167400881057268869e+01 1.789801841118013842e-10
1.169603524229074942e+01 1.789802638931444038e-10
1.171806167400881193e+01 1.789803436744874235e-10
1.174008810572687267e+01 1.789880234558304360e-10
1.176211453744493518e+01 1.789881032371734556e-10
1.178414096916299592e+01 1.789882830185164813e-10
1.180616740088105843e+01 1.789883627998595268e-10
1.182819383259911916e+01 1.789867425812025474e-10
1.185022026431718167e+01 1.789868223625455671e-10
1.187224669603524241e+01 1.789869021438885867e-10
1.189427312775330492e+01 1.789884819252315934e-10
1.191629955947136565e+01 1.789885617065746131e-10
1.193832599118942817e+01 1.789894414879176293e-10
1.196035242290748890e+01 1.789895212692606489e-10
1.198237885462555141e+01 1.789921010506036900e-10
1.200440528634361215e+01 1.789921808319467097e-10
1.202643171806167466e+01 1.789922606132897293e-10
1.204845814977973717e+01 1.789870403946327397e-10
1.207048458149779790e+01 1.789871201759757594e-10
1.209251101321586042e+01 1.789902999573187850e-10
1.211453744493392115e+01 1.789903797386618305e-10
1.213656387665198366e+01 1.789844595200048504e-10
1.215859030837004440e+01 1.789845393013478700e-10
1.218061674008810691e+01 1.789842190826908914e-10
1.220264317180616764e+01 1.789842988640339111e-10
1.222466960352423015e+01 1.789843786453769307e-10
1.224669603524229089e+01 1.789872584267199382e-10
1.226872246696035340e+01 1.789873382080629579e-10
1.229074889867841414e+01 1.789848179894059759e-10
1.231277533039647665e+01 1.789848977707489956e-10
1.233480176211453738e+01 1.789835775520920084e-10
1.235682819383259989e+01 1.789836573334350281e-10
1.237885462555066063e+01 1.789875371147780700e-10
1.240088105726872314e+01 1.789876168961210897e-10
1.242290748898678565e+01 1.789876966774641352e-10
1.244493392070484639e+01 1.789914764588071452e-10
1.246696035242290890e+01 1.789915562401501649e-10
1.248898678414096963e+01 1.789899360214931855e-10
1.251101321585903214e+01 1.789900158028362051e-10
1.253303964757709288e+01 1.789867955841792327e-10
1.255506607929515539e+01 1.789868753655222523e-10
1.257709251101321613e+01 1.789869551468652720e-10
1.259911894273127864e+01 1.789909349282082682e-10
1.262114537444933937e+01 1.789910147095512879e-10
1.264317180616740188e+01 1.789873944908943172e-10
1.266519823788546262e+01 1.789874742722373368e-10
1.268722466960352513e+01 1.789876540535803625e-10
1.270925110132158586e+01 1.789877338349233822e-10
1.273127753303964838e+01 1.789878136162664019e-10
1.275330396475770911e+01 1.789878933976094474e-10
1.277533039647577162e+01 1.789923731789524738e-10
1.279735682819383413e+01 1.789924529602954934e-10
1.281938325991189487e+01 1.789981327416385146e-10
1.284140969162995738e+01 1.789982125229815342e-10
1.286343612334801811e+01 1.789934923043245489e-10
1.288546255506608063e+01 1.789935720856675686e-10
1.290748898678414136e+01 1.789943518670105787e-10
1.292951541850220387e+01 1.789944316483535984e-10
1.295154185022026461e+01 1.789945114296966181e-10
1.297356828193832712e+01 1.789902912110396370e-10
1.299559471365638785e+01 1.789903709923826567e-10
1.301762114537445036e+01 1.789908507737256746e-10
1.303964757709251110e+01 1.789909305550686943e-10
1.306167400881057361e+01 1.789861103364117546e-10
1.308370044052863435e+01 1.789861901177547743e-10
1.310572687224669686e+01 1.789862698990977939e-10
1.312775330396475759e+01 1.789901496804408100e-10
1.314977973568282010e+01 1.789902294617838297e-10
1.317180616740088261e+01 1.789852092431268521e-10
1.319383259911894335e+01 1.789852890244698718e-10
1.321585903083700586e+01 1.789878688058128870e-10
1.323788546255506660e+01 1.789879485871559067e-10
1.325991189427312911e+01 1.789880283684989264e-10
1.328193832599118984e+01 1.789923081498419407e-10
1.330396475770925235e+01 1.789923879311849603e-10
1.332599118942731309e+01 1.789968677125279867e-10
1.334801762114537560e+01 1.789969474938710064e-10
1.337004405286343633e+01 1.789925272752140392e-10
1.339207048458149885e+01 1.789926070565570588e-10
1.341409691629955958e+01 1.789926868379000785e-10
1.343612334801762209e+01 1.789927666192430981e-10
1.345814977973568283e+01 1.789928464005861178e-10
1.348017621145374534e+01 1.789899261819291376e-10
1.350220264317180607e+01 1.789900059632721572e-10
1.352422907488986858e+01 1.789931857446151828e-10
1.354625550660793110e+01 1.789932655259582025e-10
1.356828193832599183e+01 1.789935453073012342e-10
1.359030837004405434e+01 1.789936250886442538e-10
1.361233480176211508e+01 1.789874048699872557e-10
1.363436123348017759e+01 1.789874846513302753e-10
1.365638766519823832e+01 1.789875644326732950e-10
1.367841409691630084e+01 1.789877442140163207e-10
1.370044052863436157e+01 1.789878239953593662e-10
1.372246696035242408e+01 1.789921037767023805e-10
1.374449339207048482e+01 1.789921835580454002e-10
1.376651982378854733e+01 1.789905633393884208e-10
1.378854625550660806e+01 1.789906431207314404e-10
1.381057268722467057e+01 1.789936229020744539e-10
1.383259911894273131e+01 1.789937026834174736e-10
1.385462555066079382e+01 1.789937824647604933e-10
1.387665198237885456e+01 1.789936622461035267e-10
1.389867841409691707e+01 1.789937420274465464e-10
1.392070484581497958e+01 1.789953218087895531e-10
1.394273127753304031e+01 1.789954015901325727e-10
1.396475770925110282e+01 1.789910813714756115e-10
1.398678414096916356e+01 1.789911611528186312e-10
1.400881057268722607e+01 1.789912409341616767e-10
1.403083700440528681e+01 1.789860207155046871e-10
1.405286343612334932e+01 1.789861004968477067e-10
1.407488986784141005e+01 1.789917802781907279e-10
1.409691629955947256e+01 1.789918600595337476e-10
1.411894273127753330e+01 1.789955398408767774e-10
1.414096916299559581e+01 1.789956196222197971e-10
1.416299559471365654e+01 1.789981994035628123e-10
1.418502202643171906e+01 1.789982791849058320e-10
1.420704845814977979e+01 1.789983589662488517e-10
1.422907488986784230e+01 1.790005387475918687e-10
1.425110132158590304e+01 1.790006185289348883e-10
1.427312775330396555e+01 1.789855983102779025e-10
1.429515418502202806e+01 1.789856780916209222e-10
1.431718061674008879e+01 1.789922578729639718e-10
1.433920704845815131e+01 1.789923376543069914e-10
1.436123348017621204e+01 1.789924174356500111e-10
1.438325991189427455e+01 1.789867972169930232e-10
1.440528634361233529e+01 1.789868769983360429e-10
1.442731277533039780e+01 1.789855567796790557e-10
1.444933920704845853e+01 1.789856365610220753e-10
1.447136563876652104e+01 1.789785163423651005e-10
1.449339207048458178e+01 1.789785961237081201e-10
1.451541850220264429e+01 1.789786759050511398e-10
1.453744493392070503e+01 1.789677556863941685e-10
1.455947136563876754e+01 1.789678354677371881e-10
1.458149779735682827e+01 1.789679152490802078e-10
1.460352422907489078e+01 1.789715950304232118e-10
1.462555066079295152e+01 1.789716748117662573e-10
1.464757709251101403e+01 1.789638545931092919e-10
1.466960352422907654e+01 1.789639343744523116e-10
1.469162995594713728e+01 1.789645141557953355e-10
1.471365638766519979e+01 1.789645939371383552e-10
1.473568281938326052e+01 1.789646737184813749e-10
1.475770925110132303e+01 1.789698534998243917e-10
1.477973568281938377e+01 1.789699332811674114e-10
1.480176211453744628e+01 1.789730130625104310e-10
1.482378854625550701e+01 1.789730928438534506e-10
1.484581497797356953e+01 1.789654726251964714e-10
1.486784140969163026e+01 1.789655524065394911e-10
1.488986784140969277e+01 1.789656321878825108e-10
1.491189427312775351e+01 1.789672119692255174e-10
1.493392070484581602e+01 1.789672917505685371e-10
1.495594713656387675e+01 1.789671715319115964e-10
1.497797356828193927e+01 1.789672513132546161e-10
1.500000000000000000e+01 1.789698310945976313e-10
1.502202643171806251e+01 1.789699108759406510e-10
1.504405286343612502e+01 1.789699906572836706e-10
1.506607929515418576e+01 1.789771704386266788e-10
1.508810572687224827e+01 1.789772502199696985e-10
1.511013215859030900e+01 1.789833300013127179e-10
1.513215859030837152e+01 1.789834097826557376e-10
1.515418502202643225e+01 1.789821895639987564e-10
1.517621145374449476e+01 1.789822693453417761e-10
1.519823788546255550e+01 1.789845491266847991e-10
1.522026431718061801e+01 1.789846289080278188e-10
1.524229074889867874e+01 1.789847086893708384e-10
1.526431718061674125e+01 1.789822884707138884e-10
1.528634361233480199e+01 1.789823682520569080e-10
1.530837004405286450e+01 1.789812480333999329e-10
1.533039647577092524e+01 1.789813278147429526e-10
1.535242290748898775e+01 1.789874075960859720e-10
1.537444933920704848e+01 1.789874873774289917e-10
1.539647577092511099e+01 1.789837671587720149e-10
1.541850220264317350e+01 1.789838469401150346e-10
1.544052863436123424e+01 1.789839267214580542e-10
1.546255506607929675e+01 1.789847065028010644e-10
1.548458149779735749e+01 1.789847862841440840e-10
1.550660792951542000e+01 1.789835660654871029e-10
1.552863436123348073e+01 1.789836458468301226e-10
1.555066079295154324e+01 1.789827256281731595e-10
1.557268722466960398e+01 1.789828054095162050e-10
1.559471365638766649e+01 1.789828851908592247e-10
1.561674008810572722e+01 1.789766649722022265e-10
1.563876651982378974e+01 1.789767447535452461e-10
1.566079295154185047e+01 1.789887245348882593e-10
1.568281938325991298e+01 1.789888043162312790e-10
1.570484581497797372e+01 1.789860840975743108e-10
1.572687224669603623e+01 1.789861638789173305e-10
1.574889867841409696e+01 1.789785436602603513e-10
1.577092511013215947e+01 1.789786234416033709e-10
1.579295154185022199e+01 1.789787032229463906e-10
1.581497797356828272e+01 1.789839830042894135e-10
1.583700440528634523e+01 1.789840627856324332e-10
1.585903083700440597e+01 1.789901425669754526e-10
1.588105726872246848e+01 1.789902223483184723e-10
1.590308370044052921e+01 1.789899021296615195e-10
1.592511013215859172e+01 1.789899819110045392e-10
1.594713656387665246e+01 1.789863616923475426e-10
1.596916299559471497e+01 1.789864414736905623e-10
1.599118942731277571e+01 1.789865212550335819e-10
1.601321585903083644e+01 1.789870010363765999e-10
1.603524229074890073e+01 1.789870808177196195e-10
1.605726872246696146e+01 1.789883605990626598e-10
1.607929515418502220e+01 1.789884403804056795e-10
1.610132158590308293e+01 1.789881201617487009e-10
1.612334801762114722e+01 1.789881999430917205e-10
1.614537444933920796e+01 1.789779797244347397e-10
1.616740088105726869e+01 1.789780595057777594e-10
1.618942731277533298e+01 1.789781392871207790e-10
1.621145374449339371e+01 1.789947190684638110e-10
1.623348017621145445e+01 1.789947988498068307e-10
1.625550660792951518e+01 1.789858786311498507e-10
1.627753303964757947e+01 1.789859584124928703e-10
1.629955947136564021e+01 1.789860381938358900e-10
1.632158590308370094e+01 1.789861179751789097e-10
1.634361233480176168e+01 1.789892977565219352e-10
1.636563876651982596e+01 1.789893775378649549e-10
1.638766519823788670e+01 1.789821573192079740e-10
1.640969162995594743e+01 1.789822371005509936e-10
1.643171806167400817e+01 1.789843168818940046e-10
1.645374449339207246e+01 1.789843966632370243e-10
1.647577092511013319e+01 1.789844764445800439e-10
1.649779735682819393e+01 1.789858562259230644e-10
1.651982378854625466e+01 1.789859360072661099e-10
1.654185022026431895e+01 1.789880157886091467e-10
1.656387665198237968e+01 1.789880955699521664e-10
1.658590308370044042e+01 1.789852753512951663e-10
1.660792951541850471e+01 1.789853551326381860e-10
1.662995594713656544e+01 1.789880349139812073e-10
1.665198237885462618e+01 1.789881146953242269e-10
1.667400881057268691e+01 1.789881944766672466e-10
1.669603524229075120e+01 1.789807742580102795e-10
1.671806167400881193e+01 1.789808540393532991e-10
1.674008810572687267e+01 1.789762338206963198e-10
1.676211453744493340e+01 1.789763136020393395e-10
1.678414096916299769e+01 1.789833933833823417e-10
1.680616740088105843e+01 1.789834731647253613e-10
1.682819383259911916e+01 1.789820529460684198e-10
1.685022026431717990e+01 1.789821327274114395e-10
1.687224669603524418e+01 1.789822125087544591e-10
1.689427312775330492e+01 1.789778922900974721e-10
1.691629955947136565e+01 1.789779720714404917e-10
1.693832599118942994e+01 1.789820518527835199e-10
1.696035242290749068e+01 1.789821316341265395e-10
1.698237885462555141e+01 1.789780114154695645e-10
1.700440528634361215e+01 1.789780911968125842e-10
1.702643171806167643e+01 1.789781709781556038e-10
1.704845814977973717e+01 1.789706507594986048e-10
1.707048458149779790e+01 1.789707305408416245e-10
1.709251101321585864e+01 1.789819103221846411e-10
1.711453744493392293e+01 1.789819901035276608e-10
1.713656387665198366e+01 1.789741698848706954e-10
1.715859030837004440e+01 1.789742496662137409e-10
1.718061674008810513e+01 1.789714294475567667e-10
1.720264317180616942e+01 1.789715092288997864e-10
1.722466960352423015e+01 1.789715890102428061e-10
1.724669603524229089e+01 1.789711687915858214e-10
1.726872246696035162e+01 1.789712485729288411e-10
1.729074889867841591e+01 1.789649283542718627e-10
1.731277533039647665e+01 1.789650081356148824e-10
1.733480176211453738e+01 1.789664879169578830e-10
1.735682819383260167e+01 1.789665676983009027e-10
1.737885462555066240e+01 1.789666474796439224e-10
1.740088105726872314e+01 1.789711272609869487e-10
1.742290748898678387e+01 1.789712070423299684e-10
1.744493392070484816e+01 1.789714868236730001e-10
1.746696035242290890e+01 1.789715666050160456e-10
1.748898678414096963e+01 1.789681463863590611e-10
1.751101321585903037e+01 1.789682261677020808e-10
1.753303964757709466e+01 1.789747059490450985e-10
1.755506607929515539e+01 1.789747857303881181e-10
1.757709251101321613e+01 1.789748655117311378e-10
1.759911894273127686e+01 1.789667452930741543e-10
1.762114537444934115e+01 1.789668250744171740e-10
1.764317180616740188e+01 1.789764048557601976e-10
1.766519823788546262e+01 1.789764846371032173e-10
1.768722466960352691e+01 1.789703644184462251e-10
1.770925110132158764e+01 1.789704441997892447e-10
1.773127753303964838e+01 1.789574239811322761e-10
1.775330396475770911e+01 1.789575037624752958e-10
1.777533039647577340e+01 1.789575835438183413e-10
1.779735682819383413e+01 1.789542633251613628e-10
1.781938325991189487e+01 1.789543431065043825e-10
1.784140969162995560e+01 1.789746228878474048e-10
1.786343612334801989e+01 1.789747026691904245e-10
1.788546255506608063e+01 1.789741824505334338e-10
1.790748898678414136e+01 1.789742622318764535e-10
1.792951541850220210e+01 1.789743420132194731e-10
1.795154185022026638e+01 1.789859217945624880e-10
1.797356828193832712e+01 1.789860015759055077e-10
1.799559471365638785e+01 1.789785813572485406e-10
1.801762114537444859e+01 1.789786611385915602e-10
1.803964757709251288e+01 1.789920409199345803e-10
1.806167400881057361e+01 1.789921207012775999e-10
1.808370044052863435e+01 1.789922004826206454e-10
1.810572687224669863e+01 1.789922802639636651e-10
1.812775330396475937e+01 1.789938600453066718e-10
1.814977973568282010e+01 1.789939398266496914e-10
1.817180616740088084e+01 1.789856196079927217e-10
1.819383259911894513e+01 1.789856993893357414e-10
1.821585903083700586e+01 1.789798791706787673e-10
1.823788546255506660e+01 1.789799589520217870e-10
1.825991189427312733e+01 1.789800387333648066e-10
1.828193832599119162e+01 1.789834185147078184e-10
1.830396475770925235e+01 1.789834982960508381e-10
1.832599118942731309e+01 1.789744780773938521e-10
1.834801762114537382e+01 1.789745578587368717e-10
1.837004405286343811e+01 1.789795376400799024e-10
1.839207048458149885e+01 1.789796174214229221e-10
1.841409691629955958e+01 1.789884972027659552e-10
1.843612334801762387e+01 1.789885769841089748e-10
1.845814977973568460e+01 1.789886567654519945e-10
1.848017621145374534e+01 1.789724365467950139e-10
1.850220264317180607e+01 1.789725163281380336e-10
1.852422907488987036e+01 1.789808961094810624e-10
1.854625550660793110e+01 1.789809758908240821e-10
1.856828193832599183e+01 1.789794556721671087e-10
1.859030837004405257e+01 1.789795354535101283e-10
1.861233480176211685e+01 1.789796152348531480e-10
1.863436123348017759e+01 1.789613950161961503e-10
1.865638766519823832e+01 1.789614747975391699e-10
1.867841409691629906e+01 1.789811545788822078e-10
1.870044052863436335e+01 1.789812343602252275e-10
1.872246696035242408e+01 1.789689141415682752e-10
1.874449339207048482e+01 1.789689939229112948e-10
1.876651982378854555e+01 1.789831737042543114e-10
1.878854625550660984e+01 1.789832534855973310e-10
1.881057268722467057e+01 1.789833332669403507e-10
1.883259911894273131e+01 1.789852130482833496e-10
1.885462555066079560e+01 1.789852928296263693e-10
1.887665198237885633e+01 1.789721726109693946e-10
1.889867841409691707e+01 1.789722523923124143e-10
1.892070484581497780e+01 1.789961321736554468e-10
1.894273127753304209e+01 1.789962119549984665e-10
1.896475770925110282e+01 1.789934917363414725e-10
1.898678414096916356e+01 1.789935715176844921e-10
1.900881057268722429e+01 1.789936512990275118e-10
1.903083700440528858e+01 1.789908310803705634e-10
1.905286343612334932e+01 1.789909108617135831e-10
1.907488986784141005e+01 1.789867906430566081e-10
1.909691629955947079e+01 1.789868704243996277e-10
1.911894273127753507e+01 1.789806502057426554e-10
1.914096916299559581e+01 1.789807299870856751e-10
1.916299559471365654e+01 1.789808097684286947e-10
1.918502202643172083e+01 1.789976895497716931e-10
1.920704845814978157e+01 1.789977693311147127e-10
1.922907488986784230e+01 1.789841491124577338e-10
1.925110132158590304e+01 1.789842288938007534e-10
1.927312775330396732e+01 1.789789086751437836e-10
1.929515418502202806e+01 1.789789884564868033e-10
1.931718061674008879e+01 1.789819682378298168e-10
1.933920704845814953e+01 1.789820480191728365e-10
1.936123348017621382e+01 1.789821278005158820e-10
1.938325991189427455e+01 1.789783075818588992e-10
1.940528634361233529e+01 1.789783873632019189e-10
1.942731277533039602e+01 1.789742671445449439e-10
1.944933920704846031e+01 1.789743469258879635e-10
1.947136563876652104e+01 1.789810267072309933e-10
1.949339207048458178e+01 1.789811064885740129e-10
1.951541850220264251e+01 1.789727862699170174e-10
1.953744493392070680e+01 1.789728660512600371e-10
1.955947136563876754e+01 1.789729458326030567e-10
1.958149779735682827e+01 1.789775256139460891e-10
1.960352422907489256e+01 1.789776053952891088e-10
1.962555066079295329e+01 1.789715851766321227e-10
1.964757709251101403e+01 1.789716649579751423e-10
1.966960352422907476e+01 1.789737447393181791e-10
1.969162995594713905e+01 1.789738245206611988e-10
1.971365638766519979e+01 1.789866043020042344e-10
1.973568281938326052e+01 1.789866840833472540e-10
1.975770925110132126e+01 1.789867638646902737e-10
1.977973568281938554e+01 1.789826436460332728e-10
1.980176211453744628e+01 1.789827234273762925e-10
1.982378854625550701e+01 1.789824032087193139e-10
1.984581497797356775e+01 1.789824829900623335e-10
1.986784140969163204e+01 1.789825627714053532e-10
1.988986784140969277e+01 1.789796425527483730e-10
1.991189427312775351e+01 1.789797223340913926e-10
1.993392070484581780e+01 1.789798021154344123e-10
1.995594713656387853e+01 1.789804818967774423e-10
1.997797356828193927e+01 1.789805616781204878e-10
