0.000000000000000000e+00 1.901379000000000047e-10
2.192982456140350755e-02 1.901378960071609567e-10
4.385964912280701511e-02 1.901378920143219086e-10
6.578947368421052266e-02 1.901363880214828477e-10
8.771929824561403022e-02 1.901363840286437997e-10
1.096491228070175378e-01 1.901369800358047619e-10
1.315789473684210453e-01 1.901369760429657139e-10
1.535087719298245390e-01 1.901445720501266328e-10
1.754385964912280604e-01 1.901445680572875847e-10
1.973684210526315819e-01 1.901445640644485367e-10
2.192982456140350755e-01 1.901370600716095019e-10
2.412280701754385692e-01 1.901370560787704538e-10
2.631578947368420907e-01 1.901321520859313948e-10
2.850877192982456121e-01 1.901321480930923467e-10
3.070175438596490780e-01 1.901321441002532987e-10
3.289473684210525994e-01 1.901321401074142506e-10
3.508771929824561209e-01 1.901358361145751929e-10
3.728070175438596423e-01 1.901358321217361449e-10
3.947368421052631637e-01 1.901246281288971197e-10
4.166666666666666297e-01 1.901246241360580458e-10
4.385964912280701511e-01 1.901246201432189977e-10
4.605263157894736725e-01 1.901366161503799492e-10
4.824561403508771384e-01 1.901366121575409012e-10
5.043859649122807154e-01 1.901294081647018327e-10
5.263157894736841813e-01 1.901294041718627847e-10
5.482456140350876472e-01 1.901294001790237366e-10
5.701754385964912242e-01 1.901293961861846886e-10
5.921052631578946901e-01 1.901315921933456439e-10
6.140350877192981560e-01 1.901315882005065959e-10
6.359649122807017330e-01 1.901278842076675574e-10
6.578947368421051989e-01 1.901278802148285094e-10
6.798245614035087758e-01 1.901303762219894311e-10
7.017543859649122417e-01 1.901303722291503830e-10
7.236842105263157077e-01 1.901303682363113350e-10
7.456140350877192846e-01 1.901373642434722953e-10
7.675438596491227505e-01 1.901373602506332472e-10
7.894736842105263275e-01 1.901310562577941813e-10
8.114035087719297934e-01 1.901310522649551333e-10
8.333333333333332593e-01 1.901290482721160939e-10
8.552631578947368363e-01 1.901290442792770459e-10
8.771929824561403022e-01 1.901303402864379987e-10
8.991228070175437681e-01 1.901303362935989506e-10
9.210526315789473450e-01 1.901303323007599026e-10
9.429824561403508110e-01 1.901227283079208358e-10
9.649122807017542769e-01 1.901227243150817878e-10
9.868421052631578538e-01 1.901292203222427438e-10
1.008771929824561431e+00 1.901292163294036958e-10
1.030701754385964897e+00 1.901325123365646398e-10
1.052631578947368363e+00 1.901325083437255918e-10
1.074561403508771829e+00 1.901325043508865437e-10
1.096491228070175294e+00 1.901362003580474861e-10
1.118421052631578982e+00 1.901361963652084380e-10
1.140350877192982448e+00 1.901302923723693962e-10
1.162280701754385914e+00 1.901302883795303482e-10
1.184210526315789380e+00 1.901396843866912981e-10
1.206140350877192846e+00 1.901396803938522242e-10
1.228070175438596312e+00 1.901396764010131761e-10
1.250000000000000000e+00 1.901332724081741300e-10
1.271929824561403466e+00 1.901332684153350820e-10
1.293859649122806932e+00 1.901345644224960348e-10
1.315789473684210398e+00 1.901345604296569867e-10
1.337719298245613864e+00 1.901291564368179492e-10
1.359649122807017552e+00 1.901291524439789012e-10
1.381578947368421018e+00 1.901291484511398531e-10
1.403508771929824483e+00 1.901152444583007944e-10
1.425438596491227949e+00 1.901152404654617463e-10
1.447368421052631415e+00 1.901367364726227018e-10
1.469298245614035103e+00 1.901367324797836279e-10
1.491228070175438569e+00 1.901367284869445798e-10
1.513157894736842035e+00 1.901296244941055174e-10
1.535087719298245501e+00 1.901296205012664694e-10
1.557017543859648967e+00 1.901343165084274461e-10
1.578947368421052655e+00 1.901343125155883981e-10
1.600877192982456121e+00 1.901418085227493368e-10
1.622807017543859587e+00 1.901418045299102888e-10
1.644736842105263053e+00 1.901418005370712407e-10
1.666666666666666519e+00 1.901375965442321980e-10
1.688596491228069985e+00 1.901375925513931500e-10
1.710526315789473673e+00 1.901283885585540902e-10
1.732456140350877138e+00 1.901283845657150163e-10
1.754385964912280604e+00 1.901367805728759834e-10
1.776315789473684070e+00 1.901367765800369354e-10
1.798245614035087536e+00 1.901268725871978851e-10
1.820175438596491224e+00 1.901268685943588371e-10
1.842105263157894690e+00 1.901268646015197890e-10
1.864035087719298156e+00 1.901325606086807227e-10
1.885964912280701622e+00 1.901325566158416746e-10
1.907894736842105088e+00 1.901302526230026431e-10
1.929824561403508554e+00 1.901302486301635950e-10
1.951754385964912242e+00 1.901219446373245378e-10
1.973684210526315708e+00 1.901219406444854897e-10
1.995614035087719174e+00 1.901219366516464159e-10
2.017543859649122862e+00 1.901365326588073690e-10
2.039473684210526105e+00 1.901365286659683209e-10
2.061403508771929793e+00 1.901371246731292832e-10
2.083333333333333037e+00 1.901371206802902351e-10
2.105263157894736725e+00 1.901314166874511796e-10
2.127192982456140413e+00 1.901314126946121315e-10
2.149122807017543657e+00 1.901318087017730817e-10
2.171052631578947345e+00 1.901318047089340337e-10
2.192982456140350589e+00 1.901318007160949856e-10
2.214912280701754277e+00 1.901380967232559296e-10
2.236842105263157965e+00 1.901380927304168815e-10
2.258771929824561209e+00 1.901325887375778122e-10
2.280701754385964897e+00 1.901325847447387641e-10
2.302631578947368141e+00 1.901308807518997170e-10
2.324561403508771829e+00 1.901308767590606690e-10
2.346491228070175517e+00 1.901308727662216209e-10
2.368421052631578760e+00 1.901308687733825729e-10
2.390350877192982448e+00 1.901314647805435351e-10
2.412280701754385692e+00 1.901314607877044871e-10
2.434210526315789380e+00 1.901260567948654237e-10
2.456140350877192624e+00 1.901260528020263757e-10
2.478070175438596312e+00 1.901374488091873427e-10
2.500000000000000000e+00 1.901374448163482947e-10
2.521929824561403244e+00 1.901374408235092208e-10
2.543859649122806932e+00 1.901243368306701586e-10
2.565789473684210176e+00 1.901243328378311105e-10
2.587719298245613864e+00 1.901369288449920723e-10
2.609649122807017552e+00 1.901369248521530243e-10
2.631578947368420796e+00 1.901369208593139762e-10
2.653508771929824483e+00 1.901399168664749281e-10
2.675438596491227727e+00 1.901399128736358800e-10
2.697368421052631415e+00 1.901353088807968390e-10
2.719298245614035103e+00 1.901353048879577910e-10
2.741228070175438347e+00 1.901360008951187334e-10
2.763157894736842035e+00 1.901359969022796854e-10
2.785087719298245279e+00 1.901359929094406374e-10
2.807017543859648967e+00 1.901286889166015629e-10
2.828947368421052655e+00 1.901286849237625148e-10
2.850877192982455899e+00 1.901284809309234806e-10
2.872807017543859587e+00 1.901284769380844325e-10
2.894736842105262831e+00 1.901284729452453845e-10
2.916666666666666519e+00 1.901328689524063173e-10
2.938596491228070207e+00 1.901328649595672693e-10
2.960526315789473450e+00 1.901277609667282240e-10
2.982456140350877138e+00 1.901277569738891759e-10
3.004385964912280382e+00 1.901246529810501220e-10
3.026315789473684070e+00 1.901246489882110739e-10
3.048245614035087758e+00 1.901300449953720412e-10
3.070175438596491002e+00 1.901300410025329673e-10
3.092105263157894690e+00 1.901300370096939192e-10
3.114035087719297934e+00 1.901322330168548746e-10
3.135964912280701622e+00 1.901322290240158265e-10
3.157894736842105310e+00 1.901301250311767811e-10
3.179824561403508554e+00 1.901301210383377331e-10
3.201754385964912242e+00 1.901446170454986802e-10
3.223684210526315486e+00 1.901446130526596321e-10
3.245614035087719174e+00 1.901446090598205841e-10
3.267543859649122417e+00 1.901264050669815247e-10
3.289473684210526105e+00 1.901264010741424766e-10
3.311403508771929793e+00 1.901376970813034376e-10
3.333333333333333037e+00 1.901376930884643637e-10
3.355263157894736725e+00 1.901302890956253091e-10
3.377192982456139969e+00 1.901302851027862610e-10
3.399122807017543657e+00 1.901273811099472191e-10
3.421052631578947345e+00 1.901273771171081711e-10
3.442982456140350589e+00 1.901273731242691230e-10
3.464912280701754277e+00 1.901241691314300630e-10
3.486842105263157521e+00 1.901241651385910150e-10
3.508771929824561209e+00 1.901347611457519855e-10
3.530701754385964897e+00 1.901347571529129374e-10
3.552631578947368141e+00 1.901274531600738888e-10
3.574561403508771829e+00 1.901274491672348408e-10
3.596491228070175072e+00 1.901302451743957547e-10
3.618421052631578760e+00 1.901302411815567066e-10
3.640350877192982448e+00 1.901302371887176586e-10
3.662280701754385692e+00 1.901412331958786015e-10
3.684210526315789380e+00 1.901412292030395535e-10
3.706140350877192624e+00 1.901278252102005249e-10
3.728070175438596312e+00 1.901278212173614768e-10
3.750000000000000000e+00 1.901306172245224166e-10
3.771929824561403244e+00 1.901306132316833686e-10
3.793859649122806932e+00 1.901272092388443224e-10
3.815789473684210176e+00 1.901272052460052743e-10
3.837719298245613864e+00 1.901272012531662263e-10
3.859649122807017108e+00 1.901233972603271560e-10
3.881578947368420796e+00 1.901233932674881079e-10
3.903508771929824483e+00 1.901300892746490502e-10
3.925438596491227727e+00 1.901300852818100021e-10
3.947368421052631415e+00 1.901300812889709541e-10
3.969298245614034659e+00 1.901300772961319060e-10
3.991228070175438347e+00 1.901210733032928583e-10
4.013157894736841591e+00 1.901210693104538103e-10
4.035087719298245723e+00 1.901381653176147590e-10
4.057017543859648967e+00 1.901381613247757109e-10
4.078947368421052211e+00 1.901339573319366682e-10
4.100877192982456343e+00 1.901339533390976202e-10
4.122807017543859587e+00 1.901339493462585463e-10
4.144736842105262831e+00 1.901334453534194939e-10
4.166666666666666075e+00 1.901334413605804459e-10
4.188596491228070207e+00 1.901411373677413967e-10
4.210526315789473450e+00 1.901411333749023486e-10
4.232456140350876694e+00 1.901411293820633006e-10
4.254385964912280826e+00 1.901351253892242528e-10
4.276315789473684070e+00 1.901351213963852047e-10
4.298245614035087314e+00 1.901339174035461619e-10
4.320175438596490558e+00 1.901339134107071138e-10
4.342105263157894690e+00 1.901354094178680787e-10
4.364035087719297934e+00 1.901354054250290306e-10
4.385964912280701178e+00 1.901354014321899567e-10
4.407894736842105310e+00 1.901343974393509001e-10
4.429824561403508554e+00 1.901343934465118520e-10
4.451754385964911798e+00 1.901243894536727958e-10
4.473684210526315930e+00 1.901243854608337477e-10
4.495614035087719174e+00 1.901243814679946997e-10
4.517543859649122417e+00 1.901407774751556579e-10
4.539473684210525661e+00 1.901407734823166098e-10
4.561403508771929793e+00 1.901254694894775701e-10
4.583333333333333037e+00 1.901254654966385221e-10
4.605263157894736281e+00 1.901373615037994675e-10
4.627192982456140413e+00 1.901373575109604195e-10
4.649122807017543657e+00 1.901465535181213573e-10
4.671052631578946901e+00 1.901465495252823093e-10
4.692982456140351033e+00 1.901465455324432612e-10
4.714912280701754277e+00 1.901358415396042144e-10
4.736842105263157521e+00 1.901358375467651664e-10
4.758771929824560765e+00 1.901355335539261003e-10
4.780701754385964897e+00 1.901355295610870522e-10
4.802631578947368141e+00 1.901371255682480231e-10
4.824561403508771384e+00 1.901371215754089750e-10
4.846491228070175517e+00 1.901371175825699270e-10
4.868421052631578760e+00 1.901331135897308705e-10
4.890350877192982004e+00 1.901331095968918224e-10
4.912280701754385248e+00 1.901273056040527349e-10
4.934210526315789380e+00 1.901273016112136869e-10
4.956140350877192624e+00 1.901349976183746377e-10
4.978070175438595868e+00 1.901349936255355897e-10
5.000000000000000000e+00 1.901349896326965416e-10
5.021929824561403244e+00 1.901268856398574965e-10
5.043859649122806488e+00 1.901268816470184484e-10
5.065789473684210620e+00 1.901370776541794206e-10
5.087719298245613864e+00 1.901370736613403726e-10
5.109649122807017108e+00 1.901370696685013246e-10
5.131578947368420351e+00 1.901268656756622562e-10
5.153508771929824483e+00 1.901268616828232082e-10
5.175438596491227727e+00 1.901365576899841503e-10
5.197368421052630971e+00 1.901365536971451022e-10
5.219298245614035103e+00 1.901373497043060507e-10
5.241228070175438347e+00 1.901373457114670027e-10
5.263157894736841591e+00 1.901373417186279546e-10
5.285087719298245723e+00 1.901401377257888944e-10
5.307017543859648967e+00 1.901401337329498463e-10
5.328947368421052211e+00 1.901350297401108011e-10
5.350877192982455455e+00 1.901350257472717530e-10
5.372807017543859587e+00 1.901346217544327067e-10
5.394736842105262831e+00 1.901346177615936587e-10
5.416666666666666075e+00 1.901346137687546106e-10
5.438596491228070207e+00 1.901347097759155686e-10
5.460526315789473450e+00 1.901347057830764947e-10
5.482456140350876694e+00 1.901278017902374443e-10
5.504385964912280826e+00 1.901277977973983963e-10
5.526315789473684070e+00 1.901418938045593451e-10
5.548245614035087314e+00 1.901418898117202971e-10
5.570175438596490558e+00 1.901225858188812489e-10
5.592105263157894690e+00 1.901225818260422008e-10
5.614035087719297934e+00 1.901225778332031528e-10
5.635964912280701178e+00 1.901385738403641128e-10
5.657894736842105310e+00 1.901385698475250647e-10
5.679824561403508554e+00 1.901367658546860116e-10
5.701754385964911798e+00 1.901367618618469635e-10
5.723684210526315042e+00 1.901359578690078931e-10
5.745614035087719174e+00 1.901359538761688451e-10
5.767543859649122417e+00 1.901359498833297970e-10
5.789473684210525661e+00 1.901359458904907490e-10
5.811403508771929793e+00 1.901365418976517112e-10
5.833333333333333037e+00 1.901365379048126632e-10
5.855263157894736281e+00 1.901284339119735922e-10
5.877192982456140413e+00 1.901284299191345441e-10
5.899122807017543657e+00 1.901297259262954969e-10
5.921052631578946901e+00 1.901297219334564488e-10
5.942982456140350145e+00 1.901297179406174008e-10
5.964912280701754277e+00 1.901333139477783630e-10
5.986842105263157521e+00 1.901333099549392891e-10
6.008771929824560765e+00 1.901216059621002337e-10
6.030701754385964897e+00 1.901216019692611857e-10
6.052631578947368141e+00 1.901310979764221416e-10
6.074561403508771384e+00 1.901310939835830935e-10
6.096491228070175517e+00 1.901302899907440489e-10
6.118421052631578760e+00 1.901302859979050009e-10
6.140350877192982004e+00 1.901302820050659528e-10
6.162280701754385248e+00 1.901341780122269072e-10
6.184210526315789380e+00 1.901341740193878592e-10
6.206140350877192624e+00 1.901288700265488019e-10
6.228070175438595868e+00 1.901288660337097538e-10
6.250000000000000000e+00 1.901381620408706977e-10
6.271929824561403244e+00 1.901381580480316496e-10
6.293859649122806488e+00 1.901381540551926016e-10
6.315789473684210620e+00 1.901233500623535403e-10
6.337719298245613864e+00 1.901233460695144922e-10
6.359649122807017108e+00 1.901285420766754474e-10
6.381578947368420351e+00 1.901285380838363994e-10
6.403508771929824483e+00 1.901249340909973411e-10
6.425438596491227727e+00 1.901249300981582931e-10
6.447368421052630971e+00 1.901198261053192478e-10
6.469298245614035103e+00 1.901198221124801998e-10
6.491228070175438347e+00 1.901198181196411517e-10
6.513157894736841591e+00 1.901315141268020851e-10
6.535087719298244835e+00 1.901315101339630371e-10
6.557017543859648967e+00 1.901345061411239889e-10
6.578947368421052211e+00 1.901345021482849409e-10
6.600877192982455455e+00 1.901328981554458998e-10
6.622807017543859587e+00 1.901328941626068517e-10
6.644736842105262831e+00 1.901340901697677985e-10
6.666666666666666075e+00 1.901340861769287504e-10
6.688596491228070207e+00 1.901340821840897024e-10
6.710526315789473450e+00 1.901382781912506490e-10
6.732456140350876694e+00 1.901382741984116010e-10
6.754385964912279938e+00 1.901304702055725480e-10
6.776315789473684070e+00 1.901304662127334741e-10
6.798245614035087314e+00 1.901378622198944327e-10
6.820175438596490558e+00 1.901378582270553847e-10
6.842105263157894690e+00 1.901378542342163366e-10
6.864035087719297934e+00 1.901263502413772933e-10
6.885964912280701178e+00 1.901263462485382453e-10
6.907894736842105310e+00 1.901216422556991983e-10
6.929824561403508554e+00 1.901216382628601502e-10
6.951754385964911798e+00 1.901361342700210973e-10
6.973684210526315042e+00 1.901361302771820493e-10
6.995614035087719174e+00 1.901250262843430042e-10
7.017543859649122417e+00 1.901250222915039562e-10
7.039473684210525661e+00 1.901250182986648823e-10
7.061403508771929793e+00 1.901302143058258375e-10
7.083333333333333037e+00 1.901302103129867894e-10
7.105263157894736281e+00 1.901346063201477223e-10
7.127192982456139525e+00 1.901346023273086742e-10
7.149122807017543657e+00 1.901268983344696273e-10
7.171052631578946901e+00 1.901268943416305793e-10
7.192982456140350145e+00 1.901216903487915538e-10
7.214912280701754277e+00 1.901216863559525058e-10
7.236842105263157521e+00 1.901216823631134577e-10
7.258771929824560765e+00 1.901385783702743944e-10
7.280701754385964897e+00 1.901385743774353463e-10
7.302631578947368141e+00 1.901288703845962823e-10
7.324561403508771384e+00 1.901288663917572342e-10
7.346491228070174628e+00 1.901288623989181862e-10
7.368421052631578760e+00 1.901288584060791382e-10
7.390350877192982004e+00 1.901290544132400763e-10
7.412280701754385248e+00 1.901290504204010283e-10
7.434210526315789380e+00 1.901313464275619896e-10
7.456140350877192624e+00 1.901313424347229416e-10
7.478070175438595868e+00 1.901234384418838826e-10
7.500000000000000000e+00 1.901234344490448346e-10
7.521929824561403244e+00 1.901234304562057865e-10
7.543859649122806488e+00 1.901334264633667467e-10
7.565789473684209732e+00 1.901334224705276728e-10
7.587719298245613864e+00 1.901301184776886326e-10
7.609649122807017108e+00 1.901301144848495846e-10
7.631578947368420351e+00 1.901343104920105312e-10
7.653508771929824483e+00 1.901343064991714832e-10
7.675438596491227727e+00 1.901343025063324351e-10
7.697368421052630971e+00 1.901391985134933981e-10
7.719298245614034215e+00 1.901391945206543500e-10
7.741228070175438347e+00 1.901271905278153025e-10
7.763157894736841591e+00 1.901271865349762544e-10
7.785087719298244835e+00 1.901324825421371898e-10
7.807017543859648967e+00 1.901324785492981417e-10
7.828947368421052211e+00 1.901288745564590835e-10
7.850877192982455455e+00 1.901288705636200354e-10
7.872807017543859587e+00 1.901288665707809874e-10
7.894736842105262831e+00 1.901299625779419281e-10
7.916666666666666075e+00 1.901299585851028801e-10
7.938596491228069318e+00 1.901342545922638327e-10
7.960526315789473450e+00 1.901342505994247847e-10
7.982456140350876694e+00 1.901325466065857375e-10
8.004385964912280826e+00 1.901325426137466895e-10
8.026315789473683182e+00 1.901295386209076416e-10
8.048245614035087314e+00 1.901295346280685935e-10
8.070175438596491446e+00 1.901295306352295455e-10
8.092105263157893802e+00 1.901328266423904895e-10
8.114035087719297934e+00 1.901328226495514156e-10
8.135964912280702066e+00 1.901380186567123708e-10
8.157894736842104422e+00 1.901380146638733228e-10
8.179824561403508554e+00 1.901304106710342819e-10
8.201754385964912686e+00 1.901304066781952339e-10
8.223684210526315042e+00 1.901304026853561858e-10
8.245614035087719174e+00 1.901435986925171321e-10
8.267543859649121529e+00 1.901435946996780841e-10
8.289473684210525661e+00 1.901315907068390365e-10
8.311403508771929793e+00 1.901315867139999884e-10
8.333333333333332149e+00 1.901315827211609404e-10
8.355263157894736281e+00 1.901350787283218965e-10
8.377192982456140413e+00 1.901350747354828226e-10
8.399122807017542769e+00 1.901329707426437772e-10
8.421052631578946901e+00 1.901329667498047292e-10
8.442982456140351033e+00 1.901274627569656856e-10
8.464912280701753389e+00 1.901274587641266376e-10
8.486842105263157521e+00 1.901274547712875896e-10
8.508771929824561653e+00 1.901256507784485364e-10
8.530701754385964009e+00 1.901256467856094884e-10
8.552631578947368141e+00 1.901352427927704244e-10
8.574561403508772273e+00 1.901352387999313764e-10
8.596491228070174628e+00 1.901291348070923484e-10
8.618421052631578760e+00 1.901291308142533003e-10
8.640350877192981116e+00 1.901291268214142264e-10
8.662280701754385248e+00 1.901349228285751661e-10
8.684210526315789380e+00 1.901349188357361181e-10
8.706140350877191736e+00 1.901403148428970595e-10
8.728070175438595868e+00 1.901403108500580114e-10
8.750000000000000000e+00 1.901403068572189634e-10
8.771929824561402356e+00 1.901286028643799339e-10
8.793859649122806488e+00 1.901285988715408858e-10
8.815789473684210620e+00 1.901418948787018381e-10
8.837719298245612976e+00 1.901418908858627901e-10
8.859649122807017108e+00 1.901418868930237420e-10
8.881578947368421240e+00 1.901244829001846791e-10
8.903508771929823595e+00 1.901244789073456052e-10
8.925438596491227727e+00 1.901305749145065630e-10
8.947368421052631859e+00 1.901305709216675150e-10
8.969298245614034215e+00 1.901287669288284618e-10
8.991228070175438347e+00 1.901287629359894138e-10
9.013157894736842479e+00 1.901269589431503865e-10
9.035087719298244835e+00 1.901269549503113384e-10
9.057017543859648967e+00 1.901269509574722904e-10
9.078947368421051323e+00 1.901278469646332190e-10
9.100877192982455455e+00 1.901278429717941710e-10
9.122807017543859587e+00 1.901304389789551245e-10
9.144736842105261942e+00 1.901304349861160765e-10
9.166666666666666075e+00 1.901304309932770026e-10
9.188596491228070207e+00 1.901304270004379546e-10
9.210526315789472562e+00 1.901367230075989244e-10
9.232456140350876694e+00 1.901367190147598763e-10
9.254385964912280826e+00 1.901340150219208206e-10
9.276315789473683182e+00 1.901340110290817726e-10
9.298245614035087314e+00 1.901395070362427200e-10
9.320175438596491446e+00 1.901395030434036720e-10
9.342105263157893802e+00 1.901394990505646239e-10
9.364035087719297934e+00 1.901268950577255918e-10
9.385964912280702066e+00 1.901268910648865438e-10
9.407894736842104422e+00 1.901319870720474930e-10
9.429824561403508554e+00 1.901319830792084191e-10
9.451754385964910909e+00 1.901277790863693505e-10
9.473684210526315042e+00 1.901277750935303025e-10
9.495614035087719174e+00 1.901225711006912770e-10
9.517543859649121529e+00 1.901225671078522290e-10
9.539473684210525661e+00 1.901225631150131809e-10
9.561403508771929793e+00 1.901400591221741279e-10
9.583333333333332149e+00 1.901400551293350799e-10
9.605263157894736281e+00 1.901315511364960364e-10
9.627192982456140413e+00 1.901315471436569884e-10
9.649122807017542769e+00 1.901250431508179363e-10
9.671052631578946901e+00 1.901250391579788882e-10
9.692982456140351033e+00 1.901250351651398143e-10
9.714912280701753389e+00 1.901390311723007571e-10
9.736842105263157521e+00 1.901390271794617091e-10
9.758771929824561653e+00 1.901377231866226602e-10
9.780701754385964009e+00 1.901377191937836122e-10
9.802631578947368141e+00 1.901344152009445720e-10
9.824561403508770496e+00 1.901344112081055240e-10
9.846491228070174628e+00 1.901371072152664577e-10
9.868421052631578760e+00 1.901371032224274097e-10
9.890350877192981116e+00 1.901370992295883616e-10
9.912280701754385248e+00 1.901348952367493361e-10
9.934210526315789380e+00 1.901348912439102880e-10
9.956140350877191736e+00 1.901281872510711980e-10
9.978070175438595868e+00 1.901281832582321500e-10
1.000000000000000000e+01 1.902354792653931073e-10
1.002192982456140236e+01 1.902354752725540593e-10
1.004385964912280649e+01 1.902354712797150112e-10
1.006578947368421062e+01 1.902354672868759632e-10
1.008771929824561298e+01 1.902354632940369151e-10
1.010964912280701711e+01 1.901832593011978742e-10
1.013157894736842124e+01 1.901832553083588262e-10
1.015350877192982360e+01 1.901652513155197788e-10
1.017543859649122773e+01 1.901652473226807308e-10
1.019736842105263186e+01 1.901678433298416844e-10
1.021929824561403422e+01 1.901678393370026105e-10
1.024122807017543835e+01 1.901678353441635624e-10
1.026315789473684070e+01 1.901669313513245118e-10
1.028508771929824483e+01 1.901669273584854638e-10
1.030701754385964897e+01 1.901659233656464071e-10
1.032894736842105132e+01 1.901659193728073591e-10
1.035087719298245545e+01 1.901615153799683043e-10
1.037280701754385959e+01 1.901615113871292563e-10
1.039473684210526194e+01 1.901616073942902143e-10
1.041666666666666607e+01 1.901616034014511662e-10
1.043859649122807021e+01 1.901615994086121182e-10
1.046052631578947256e+01 1.901598954157730710e-10
1.048245614035087669e+01 1.901598914229339971e-10
1.050438596491228083e+01 1.901539874300949553e-10
1.052631578947368318e+01 1.901539834372559073e-10
1.054824561403508731e+01 1.901587794444168642e-10
1.057017543859649145e+01 1.901587754515778162e-10
1.059210526315789380e+01 1.901587714587387681e-10
1.061403508771929793e+01 1.901606674658997054e-10
1.063596491228070029e+01 1.901606634730606573e-10
1.065789473684210442e+01 1.901630594802216247e-10
1.067982456140350855e+01 1.901630554873825767e-10
1.070175438596491091e+01 1.901604514945435270e-10
1.072368421052631504e+01 1.901604475017044789e-10
1.074561403508771917e+01 1.901647435088654316e-10
1.076754385964912153e+01 1.901647395160263577e-10
1.078947368421052566e+01 1.901647355231873096e-10
1.081140350877192979e+01 1.901602315303482488e-10
1.083333333333333215e+01 1.901602275375092008e-10
1.085526315789473628e+01 1.901662235446701525e-10
1.087719298245614041e+01 1.901662195518311045e-10
1.089912280701754277e+01 1.901546155589920551e-10
1.092105263157894690e+01 1.901546115661530071e-10
1.094298245614035103e+01 1.901546075733139590e-10
1.096491228070175339e+01 1.901546035804749110e-10
1.098684210526315752e+01 1.901523995876358596e-10
1.100877192982456165e+01 1.901523955947968115e-10
1.103070175438596401e+01 1.901474916019577525e-10
1.105263157894736814e+01 1.901474876091187044e-10
1.107456140350877050e+01 1.901548836162796630e-10
1.109649122807017463e+01 1.901548796234406149e-10
1.111842105263157876e+01 1.901548756306015669e-10
1.114035087719298112e+01 1.901590716377625135e-10
1.116228070175438525e+01 1.901590676449234655e-10
1.118421052631578938e+01 1.901554636520844072e-10
1.120614035087719174e+01 1.901554596592453592e-10
1.122807017543859587e+01 1.901573556664063223e-10
1.125000000000000000e+01 1.901573516735672742e-10
1.127192982456140236e+01 1.901636476807282182e-10
1.129385964912280649e+01 1.901636436878891443e-10
1.131578947368421062e+01 1.901636396950500962e-10
1.133771929824561298e+01 1.901483357022110565e-10
1.135964912280701711e+01 1.901483317093720085e-10
1.138157894736842124e+01 1.901556277165329610e-10
1.140350877192982360e+01 1.901556237236939130e-10
1.142543859649122773e+01 1.901444197308548619e-10
1.144736842105263008e+01 1.901444157380158138e-10
1.146929824561403422e+01 1.901444117451767658e-10
1.149122807017543835e+01 1.901485077523377064e-10
1.151315789473684070e+01 1.901485037594986583e-10
1.153508771929824483e+01 1.901491997666596266e-10
1.155701754385964897e+01 1.901491957738205527e-10
1.157894736842105132e+01 1.901515917809814943e-10
1.160087719298245545e+01 1.901515877881424462e-10
1.162280701754385959e+01 1.901483837953033862e-10
1.164473684210526194e+01 1.901483798024643382e-10
1.166666666666666607e+01 1.901483758096252901e-10
1.168859649122807021e+01 1.901514718167862480e-10
1.171052631578947256e+01 1.901514678239471999e-10
1.173245614035087669e+01 1.901632638311081652e-10
1.175438596491228083e+01 1.901632598382691172e-10
1.177631578947368318e+01 1.901632558454300691e-10
1.179824561403508731e+01 1.901458518525910062e-10
1.182017543859649145e+01 1.901458478597519324e-10
1.184210526315789380e+01 1.901562438669128908e-10
1.186403508771929793e+01 1.901562398740738428e-10
1.188596491228070029e+01 1.901562358812347947e-10
1.190789473684210442e+01 1.901476318883957453e-10
1.192982456140350855e+01 1.901476278955566972e-10
1.195175438596491091e+01 1.901491239027176620e-10
1.197368421052631504e+01 1.901491199098786140e-10
1.199561403508771917e+01 1.901519159170395538e-10
1.201754385964912153e+01 1.901519119242005057e-10
1.203947368421052566e+01 1.901519079313614577e-10
1.206140350877192979e+01 1.901497039385224063e-10
1.208333333333333215e+01 1.901496999456833324e-10
1.210526315789473628e+01 1.901512959528442774e-10
1.212719298245614041e+01 1.901512919600052293e-10
1.214912280701754277e+01 1.901512879671661813e-10
1.217105263157894690e+01 1.901505839743271427e-10
1.219298245614035103e+01 1.901505799814880947e-10
1.221491228070175339e+01 1.901551759886490396e-10
1.223684210526315752e+01 1.901551719958099915e-10
1.225877192982455988e+01 1.901537680029709625e-10
1.228070175438596401e+01 1.901537640101319144e-10
1.230263157894736814e+01 1.901537600172928664e-10
1.232456140350877050e+01 1.901596560244538121e-10
1.234649122807017463e+01 1.901596520316147382e-10
1.236842105263157876e+01 1.901471480387756863e-10
1.239035087719298112e+01 1.901471440459366383e-10
1.241228070175438525e+01 1.901609400530975949e-10
1.243421052631578938e+01 1.901609360602585468e-10
1.245614035087719174e+01 1.901609320674194988e-10
1.247807017543859587e+01 1.901455280745804530e-10
1.250000000000000000e+01 1.901455240817414050e-10
1.252192982456140236e+01 1.901496200889023456e-10
1.254385964912280649e+01 1.901496160960632975e-10
1.256578947368421062e+01 1.901459121032242591e-10
1.258771929824561298e+01 1.901459081103852111e-10
1.260964912280701711e+01 1.901459041175461372e-10
1.263157894736842124e+01 1.901530001247070776e-10
1.265350877192982360e+01 1.901529961318680296e-10
1.267543859649122773e+01 1.901595921390289916e-10
1.269736842105263008e+01 1.901595881461899436e-10
1.271929824561403422e+01 1.901459841533509029e-10
1.274122807017543835e+01 1.901459801605118549e-10
1.276315789473684070e+01 1.901459761676728068e-10
1.278508771929824483e+01 1.901500721748337474e-10
1.280701754385964897e+01 1.901500681819946994e-10
1.282894736842105132e+01 1.901500641891556514e-10
1.285087719298245545e+01 1.901621601963166089e-10
1.287280701754385959e+01 1.901621562034775350e-10
1.289473684210526194e+01 1.901549522106384924e-10
1.291666666666666607e+01 1.901549482177994443e-10
1.293859649122807021e+01 1.901549442249603963e-10
1.296052631578947256e+01 1.901563402321213292e-10
1.298245614035087669e+01 1.901563362392822812e-10
1.300438596491228083e+01 1.901514322464432480e-10
1.302631578947368318e+01 1.901514282536041999e-10
1.304824561403508731e+01 1.901586242607651464e-10
1.307017543859648967e+01 1.901586202679260984e-10
1.309210526315789380e+01 1.901586162750870503e-10
1.311403508771929793e+01 1.901535122822480051e-10
1.313596491228070029e+01 1.901535082894089312e-10
1.315789473684210442e+01 1.901594042965698769e-10
1.317982456140350855e+01 1.901594003037308288e-10
1.320175438596491091e+01 1.901612963108917919e-10
1.322368421052631504e+01 1.901612923180527438e-10
1.324561403508771917e+01 1.901612883252136958e-10
1.326754385964912153e+01 1.901561843323746505e-10
1.328947368421052566e+01 1.901561803395356025e-10
1.331140350877192979e+01 1.901622763466965344e-10
1.333333333333333215e+01 1.901622723538574863e-10
1.335526315789473628e+01 1.901622683610184383e-10
1.337719298245614041e+01 1.901533643681793966e-10
1.339912280701754277e+01 1.901533603753403486e-10
1.342105263157894690e+01 1.901497563825012645e-10
1.344298245614034926e+01 1.901497523896622164e-10
1.346491228070175339e+01 1.901565483968231905e-10
1.348684210526315752e+01 1.901565444039841425e-10
1.350877192982455988e+01 1.901565404111450944e-10
1.353070175438596401e+01 1.901561364183060481e-10
1.355263157894736814e+01 1.901561324254670001e-10
1.357456140350877050e+01 1.901487284326279454e-10
1.359649122807017463e+01 1.901487244397888974e-10
1.361842105263157876e+01 1.901487204469498493e-10
1.364035087719298112e+01 1.901556164541108036e-10
1.366228070175438525e+01 1.901556124612717555e-10
1.368421052631578938e+01 1.901477084684326707e-10
1.370614035087719174e+01 1.901477044755936227e-10
1.372807017543859587e+01 1.901488004827545893e-10
1.375000000000000000e+01 1.901487964899155412e-10
1.377192982456140236e+01 1.901487924970764932e-10
1.379385964912280649e+01 1.901694885042374262e-10
1.381578947368421062e+01 1.901694845113983782e-10
1.383771929824561298e+01 1.901504805185593481e-10
1.385964912280701711e+01 1.901504765257203000e-10
1.388157894736841946e+01 1.901504725328812520e-10
1.390350877192982360e+01 1.901552685400421831e-10
1.392543859649122773e+01 1.901552645472031350e-10
1.394736842105263008e+01 1.901531605543640638e-10
1.396929824561403422e+01 1.901531565615250158e-10
1.399122807017543835e+01 1.901525525686859832e-10
1.401315789473684070e+01 1.901525485758469352e-10
1.403508771929824483e+01 1.901522445830078691e-10
1.405701754385964897e+01 1.901522405901688210e-10
1.407894736842105132e+01 1.901522365973297730e-10
1.410087719298245545e+01 1.901566326044907316e-10
1.412280701754385959e+01 1.901566286116516836e-10
1.414473684210526194e+01 1.901530246188126512e-10
1.416666666666666607e+01 1.901530206259736032e-10
1.418859649122807021e+01 1.901537166331345456e-10
1.421052631578947256e+01 1.901537126402954717e-10
1.423245614035087669e+01 1.901537086474564237e-10
1.425438596491227905e+01 1.901585046546173806e-10
1.427631578947368318e+01 1.901585006617783326e-10
1.429824561403508731e+01 1.901529966689392890e-10
1.432017543859648967e+01 1.901529926761002410e-10
1.434210526315789380e+01 1.901608886832611780e-10
1.436403508771929793e+01 1.901608846904221299e-10
1.438596491228070029e+01 1.901476806975830876e-10
1.440789473684210442e+01 1.901476767047440395e-10
1.442982456140350855e+01 1.901476727119049915e-10
1.445175438596491091e+01 1.901537687190659492e-10
1.447368421052631504e+01 1.901537647262268753e-10
1.449561403508771917e+01 1.901515607333878239e-10
1.451754385964912153e+01 1.901515567405487759e-10
1.453947368421052566e+01 1.901478527477097116e-10
1.456140350877192979e+01 1.901478487548706635e-10
1.458333333333333215e+01 1.901478447620316155e-10
1.460526315789473628e+01 1.901478407691925674e-10
1.462719298245614041e+01 1.901641367763535196e-10
1.464912280701754277e+01 1.901641327835144716e-10
1.467105263157894690e+01 1.901586287906754281e-10
1.469298245614034926e+01 1.901586247978363800e-10
1.471491228070175339e+01 1.901558208049973441e-10
1.473684210526315752e+01 1.901558168121582702e-10
1.475877192982455988e+01 1.901558128193192222e-10
1.478070175438596401e+01 1.901601088264801748e-10
1.480263157894736814e+01 1.901601048336411268e-10
1.482456140350877050e+01 1.901595008408020684e-10
1.484649122807017463e+01 1.901594968479630204e-10
1.486842105263157876e+01 1.901523928551239838e-10
1.489035087719298112e+01 1.901523888622849358e-10
1.491228070175438525e+01 1.901526848694458799e-10
1.493421052631578938e+01 1.901526808766068319e-10
1.495614035087719174e+01 1.901526768837677838e-10
1.497807017543859587e+01 1.901572728909287287e-10
1.500000000000000000e+01 1.901572688980896548e-10
1.502192982456140236e+01 1.901456649052506055e-10
1.504385964912280649e+01 1.901456609124115575e-10
1.506578947368420884e+01 1.901566569195725262e-10
1.508771929824561298e+01 1.901566529267334782e-10
1.510964912280701711e+01 1.901566489338944301e-10
1.513157894736841946e+01 1.901489449410553832e-10
1.515350877192982360e+01 1.901489409482163352e-10
1.517543859649122773e+01 1.901587369553772833e-10
1.519736842105263008e+01 1.901587329625382353e-10
1.521929824561403422e+01 1.901587289696991872e-10
1.524122807017543835e+01 1.901621249768601373e-10
1.526315789473684070e+01 1.901621209840210634e-10
1.528508771929824483e+01 1.901621169911820154e-10
1.530701754385964897e+01 1.901621129983429673e-10
1.532894736842105132e+01 1.901621090055039193e-10
1.535087719298245545e+01 1.901481050126648804e-10
1.537280701754385959e+01 1.901481010198258323e-10
1.539473684210526194e+01 1.901589970269867692e-10
1.541666666666666607e+01 1.901589930341477212e-10
1.543859649122806843e+01 1.901541890413086681e-10
1.546052631578947256e+01 1.901541850484696201e-10
1.548245614035087669e+01 1.901541810556305721e-10
1.550438596491227905e+01 1.901474770627915337e-10
1.552631578947368318e+01 1.901474730699524598e-10
1.554824561403508731e+01 1.901633690771134138e-10
1.557017543859648967e+01 1.901633650842743657e-10
1.559210526315789380e+01 1.901469610914353114e-10
1.561403508771929793e+01 1.901469570985962634e-10
1.563596491228070029e+01 1.901596531057572054e-10
1.565789473684210442e+01 1.901596491129181573e-10
1.567982456140350855e+01 1.901596451200791093e-10
1.570175438596491091e+01 1.901608411272400818e-10
1.572368421052631504e+01 1.901608371344010338e-10
1.574561403508771917e+01 1.901567331415619713e-10
1.576754385964912153e+01 1.901567291487229232e-10
1.578947368421052566e+01 1.901654251558838567e-10
1.581140350877192979e+01 1.901654211630448087e-10
1.583333333333333215e+01 1.901607171702057617e-10
1.585526315789473628e+01 1.901607131773667136e-10
1.587719298245613864e+01 1.901607091845276656e-10
1.589912280701754277e+01 1.901503051916886110e-10
1.592105263157894690e+01 1.901503011988495630e-10
1.594298245614034926e+01 1.901511972060105175e-10
1.596491228070175339e+01 1.901511932131714695e-10
1.598684210526315752e+01 1.901591892203324125e-10
1.600877192982456165e+01 1.901591852274933644e-10
1.603070175438596578e+01 1.901591812346543164e-10
1.605263157894736636e+01 1.901458772418152680e-10
1.607456140350877050e+01 1.901458732489761941e-10
1.609649122807017463e+01 1.901639692561371514e-10
1.611842105263157876e+01 1.901639652632981033e-10
1.614035087719298289e+01 1.901570612704590530e-10
1.616228070175438347e+01 1.901570572776200049e-10
1.618421052631578760e+01 1.901555532847809699e-10
1.620614035087719174e+01 1.901555492919419218e-10
1.622807017543859587e+01 1.901555452991028738e-10
1.625000000000000000e+01 1.901633413062638306e-10
1.627192982456140413e+01 1.901633373134247825e-10
1.629385964912280471e+01 1.901606333205857268e-10
1.631578947368420884e+01 1.901606293277466788e-10
1.633771929824561298e+01 1.901570253349075947e-10
1.635964912280701711e+01 1.901570213420685466e-10
1.638157894736842124e+01 1.901570173492294986e-10
1.640350877192982537e+01 1.901570133563904506e-10
1.642543859649122595e+01 1.901490093635514114e-10
1.644736842105263008e+01 1.901490053707123634e-10
1.646929824561403422e+01 1.901461013778733215e-10
1.649122807017543835e+01 1.901460973850342734e-10
1.651315789473684248e+01 1.901504933921952063e-10
1.653508771929824306e+01 1.901504893993561582e-10
1.655701754385964719e+01 1.901504854065171102e-10
1.657894736842105132e+01 1.901548814136780688e-10
1.660087719298245545e+01 1.901548774208389949e-10
1.662280701754385959e+01 1.901525734279999634e-10
1.664473684210526372e+01 1.901525694351609153e-10
1.666666666666666430e+01 1.901458654423218511e-10
1.668859649122806843e+01 1.901458614494828031e-10
1.671052631578947256e+01 1.901652574566437612e-10
1.673245614035087669e+01 1.901652534638047132e-10
1.675438596491228083e+01 1.901652494709656651e-10
1.677631578947368496e+01 1.901495454781266271e-10
1.679824561403508554e+01 1.901495414852875791e-10
1.682017543859648967e+01 1.901580374924485264e-10
1.684210526315789380e+01 1.901580334996094784e-10
1.686403508771929793e+01 1.901531295067703934e-10
1.688596491228070207e+01 1.901531255139313454e-10
1.690789473684210265e+01 1.901531215210922974e-10
1.692982456140350678e+01 1.901451175282532582e-10
1.695175438596491091e+01 1.901451135354142102e-10
1.697368421052631504e+01 1.901549095425751583e-10
1.699561403508771917e+01 1.901549055497361103e-10
1.701754385964912331e+01 1.901538015568970735e-10
1.703947368421052388e+01 1.901537975640580254e-10
1.706140350877192802e+01 1.901526935712189628e-10
1.708333333333333215e+01 1.901526895783799147e-10
1.710526315789473628e+01 1.901526855855408667e-10
1.712719298245614041e+01 1.901540815927017996e-10
1.714912280701754455e+01 1.901540775998627516e-10
1.717105263157894512e+01 1.901550736070236862e-10
1.719298245614034926e+01 1.901550696141846382e-10
1.721491228070175339e+01 1.901568656213455952e-10
1.723684210526315752e+01 1.901568616285065472e-10
1.725877192982456165e+01 1.901568576356674992e-10
1.728070175438596223e+01 1.901590536428284545e-10
1.730263157894736636e+01 1.901590496499894064e-10
1.732456140350877050e+01 1.901488456571503639e-10
1.734649122807017463e+01 1.901488416643113159e-10
1.736842105263157876e+01 1.901515376714722755e-10
1.739035087719298289e+01 1.901515336786332016e-10
1.741228070175438347e+01 1.901515296857941535e-10
1.743421052631578760e+01 1.901551256929550899e-10
1.745614035087719174e+01 1.901551217001160418e-10
1.747807017543859587e+01 1.901429177072770080e-10
1.750000000000000000e+01 1.901429137144379600e-10
1.752192982456140413e+01 1.901429097215989119e-10
1.754385964912280471e+01 1.901679057287598457e-10
1.756578947368420884e+01 1.901679017359207976e-10
1.758771929824561298e+01 1.901546977430817553e-10
1.760964912280701711e+01 1.901546937502427072e-10
1.763157894736842124e+01 1.901569897574036686e-10
1.765350877192982182e+01 1.901569857645645947e-10
1.767543859649122595e+01 1.901569817717255466e-10
1.769736842105263008e+01 1.901593777788864881e-10
1.771929824561403422e+01 1.901593737860474401e-10
1.774122807017543835e+01 1.901584697932083895e-10
1.776315789473684248e+01 1.901584658003693414e-10
1.778508771929824306e+01 1.901564618075303021e-10
1.780701754385964719e+01 1.901564578146912540e-10
1.782894736842105132e+01 1.901564538218522060e-10
1.785087719298245545e+01 1.901572498290131545e-10
1.787280701754385959e+01 1.901572458361741064e-10
1.789473684210526372e+01 1.901535418433350680e-10
1.791666666666666430e+01 1.901535378504959941e-10
1.793859649122806843e+01 1.901484338576569488e-10
1.796052631578947256e+01 1.901484298648179008e-10
1.798245614035087669e+01 1.901484258719788527e-10
1.800438596491228083e+01 1.901484218791398047e-10
1.802631578947368496e+01 1.901548178863007547e-10
1.804824561403508554e+01 1.901548138934617066e-10
1.807017543859648967e+01 1.901518099006226587e-10
1.809210526315789380e+01 1.901518059077836106e-10
1.811403508771929793e+01 1.901518019149445626e-10
1.813596491228070207e+01 1.901582979221055186e-10
1.815789473684210265e+01 1.901582939292664706e-10
1.817982456140350678e+01 1.901651899364273731e-10
1.820175438596491091e+01 1.901651859435883251e-10
1.822368421052631504e+01 1.901492819507493009e-10
1.824561403508771917e+01 1.901492779579102529e-10
1.826754385964912331e+01 1.901492739650712048e-10
1.828947368421052388e+01 1.901595699722321572e-10
1.831140350877192802e+01 1.901595659793931092e-10
1.833333333333333215e+01 1.901479619865540599e-10
1.835526315789473628e+01 1.901479579937150118e-10
1.837719298245614041e+01 1.901464540008759509e-10
1.839912280701754455e+01 1.901464500080369028e-10
1.842105263157894512e+01 1.901464460151978548e-10
1.844298245614034926e+01 1.901498420223587791e-10
1.846491228070175339e+01 1.901498380295197310e-10
1.848684210526315752e+01 1.901501340366806752e-10
1.850877192982456165e+01 1.901501300438416271e-10
1.853070175438596223e+01 1.901501260510025791e-10
1.855263157894736636e+01 1.901596220581635350e-10
1.857456140350877050e+01 1.901596180653244869e-10
1.859649122807017463e+01 1.901530140724854547e-10
1.861842105263157876e+01 1.901530100796464066e-10
1.864035087719298289e+01 1.901530060868073586e-10
1.866228070175438347e+01 1.901601020939682990e-10
1.868421052631578760e+01 1.901600981011292510e-10
1.870614035087719174e+01 1.901471941082902009e-10
1.872807017543859587e+01 1.901471901154511270e-10
1.875000000000000000e+01 1.901634861226120792e-10
1.877192982456140413e+01 1.901634821297730311e-10
1.879385964912280471e+01 1.901634781369339831e-10
1.881578947368420884e+01 1.901511741440949432e-10
1.883771929824561298e+01 1.901511701512558952e-10
1.885964912280701711e+01 1.901546661584168513e-10
1.888157894736842124e+01 1.901546621655778033e-10
1.890350877192982182e+01 1.901546581727387552e-10
1.892543859649122595e+01 1.901570541798996967e-10
1.894736842105263008e+01 1.901570501870606487e-10
1.896929824561403422e+01 1.901470461942215924e-10
1.899122807017543835e+01 1.901470422013825185e-10
1.901315789473684248e+01 1.901494382085434859e-10
1.903508771929824306e+01 1.901494342157044378e-10
1.905701754385964719e+01 1.901494302228653898e-10
1.907894736842105132e+01 1.901590262300263259e-10
1.910087719298245545e+01 1.901590222371872778e-10
1.912280701754385959e+01 1.901523182443482395e-10
1.914473684210526372e+01 1.901523142515091915e-10
1.916666666666666430e+01 1.901532102586701460e-10
1.918859649122806843e+01 1.901532062658310979e-10
1.921052631578947256e+01 1.901532022729920499e-10
1.923245614035087669e+01 1.901613982801530050e-10
1.925438596491228083e+01 1.901613942873139311e-10
1.927631578947368141e+01 1.901485902944748869e-10
1.929824561403508554e+01 1.901485863016358389e-10
1.932017543859648967e+01 1.901485823087967909e-10
1.934210526315789380e+01 1.901557783159577374e-10
1.936403508771929793e+01 1.901557743231186893e-10
1.938596491228070207e+01 1.901445703302796382e-10
1.940789473684210265e+01 1.901445663374405902e-10
1.942982456140350678e+01 1.901476623446015481e-10
1.945175438596491091e+01 1.901476583517625000e-10
1.947368421052631504e+01 1.901476543589234520e-10
1.949561403508771917e+01 1.901589503660843871e-10
1.951754385964912331e+01 1.901589463732453132e-10
1.953947368421052388e+01 1.901515423804062844e-10
1.956140350877192802e+01 1.901515383875672364e-10
1.958333333333333215e+01 1.901583343947281846e-10
1.960526315789473628e+01 1.901583304018891366e-10
1.962719298245614041e+01 1.901583264090500885e-10
1.964912280701754099e+01 1.901583224162110405e-10
1.967105263157894512e+01 1.901637184233719819e-10
1.969298245614034926e+01 1.901637144305329338e-10
1.971491228070175339e+01 1.901548104376938922e-10
1.973684210526315752e+01 1.901548064448548441e-10
1.975877192982456165e+01 1.901548024520157961e-10
1.978070175438596223e+01 1.901563984591767152e-10
1.980263157894736636e+01 1.901563944663376672e-10
1.982456140350877050e+01 1.901574904734986337e-10
1.984649122807017463e+01 1.901574864806595857e-10
1.986842105263157876e+01 1.901574824878205376e-10
1.989035087719298289e+01 1.901551784949814802e-10
1.991228070175438347e+01 1.901551745021424321e-10
1.993421052631578760e+01 1.901544705093033936e-10
1.995614035087719174e+01 1.901544665164643455e-10
1.997807017543859587e+01 1.901571625236252793e-10
