0.000000000000000000e+00 1.839900000000000026e-10
2.188183807439824866e-02 1.839899909651101460e-10
4.376367614879649731e-02 1.839865819302202654e-10
6.564551422319474250e-02 1.839865728953304088e-10
8.752735229759299462e-02 1.839865638604405523e-10
1.094091903719912467e-01 1.839829548255506596e-10
1.312910284463894850e-01 1.839829457906608030e-10
1.531728665207877371e-01 1.839857367557709601e-10
1.750547045951859892e-01 1.839857277208811036e-10
1.969365426695842414e-01 1.839748186859912103e-10
2.188183807439824935e-01 1.839748096511013537e-10
2.407002188183807456e-01 1.839695006162114879e-10
2.625820568927789700e-01 1.839694915813216054e-10
2.844638949671772221e-01 1.839694825464317489e-10
3.063457330415754742e-01 1.839931735115418991e-10
3.282275711159737264e-01 1.839931644766520167e-10
3.501094091903719785e-01 1.839854554417621613e-10
3.719912472647702306e-01 1.839854464068723047e-10
3.938730853391684827e-01 1.839887373719824402e-10
4.157549234135667349e-01 1.839887283370925578e-10
4.376367614879649870e-01 1.839887193022027012e-10
4.595185995623632391e-01 1.840009102673128562e-10
4.814004376367614912e-01 1.840009012324229738e-10
5.032822757111596879e-01 1.839715921975331088e-10
5.251641137855579400e-01 1.839715831626432522e-10
5.470459518599561921e-01 1.839888741277533786e-10
5.689277899343544442e-01 1.839888650928635220e-10
5.908096280087526964e-01 1.839888560579736655e-10
6.126914660831509485e-01 1.839722470230838164e-10
6.345733041575492006e-01 1.839722379881939340e-10
6.564551422319474527e-01 1.839729289533040679e-10
6.783369803063457049e-01 1.839729199184142113e-10
7.002188183807439570e-01 1.839729108835243289e-10
7.221006564551422091e-01 1.839964018486344671e-10
7.439824945295404612e-01 1.839963928137446105e-10
7.658643326039387134e-01 1.840009837788547468e-10
7.877461706783369655e-01 1.840009747439648902e-10
8.096280087527352176e-01 1.840033657090750232e-10
8.315098468271334697e-01 1.840033566741851666e-10
8.533916849015317219e-01 1.840033476392952842e-10
8.752735229759299740e-01 1.840026386044054371e-10
8.971553610503282261e-01 1.840026295695155805e-10
9.190371991247264782e-01 1.840088205346256841e-10
9.409190371991247304e-01 1.840088114997358275e-10
9.628008752735229825e-01 1.840088024648459709e-10
9.846827133479212346e-01 1.839833934299560826e-10
1.006564551422319376e+00 1.839833843950662260e-10
1.028446389496717739e+00 1.839862753601763891e-10
1.050328227571115880e+00 1.839862663252865325e-10
1.072210065645514243e+00 1.839862572903966501e-10
1.094091903719912384e+00 1.839997482555067801e-10
1.115973741794310747e+00 1.839997392206169235e-10
1.137855579868708888e+00 1.839690301857270517e-10
1.159737417943107252e+00 1.839690211508371951e-10
1.181619256017505393e+00 1.839690121159473385e-10
1.203501094091903756e+00 1.839690030810574561e-10
1.225382932166301897e+00 1.839988940461675923e-10
1.247264770240700260e+00 1.839988850112777357e-10
1.269146608315098401e+00 1.839909759763878682e-10
1.291028446389496764e+00 1.839909669414979858e-10
1.312910284463894905e+00 1.839898579066081405e-10
1.334792122538293269e+00 1.839898488717182839e-10
1.356673960612691410e+00 1.839898398368284015e-10
1.378555798687089773e+00 1.840042308019385340e-10
1.400437636761487914e+00 1.840042217670486774e-10
1.422319474835886055e+00 1.839822127321588130e-10
1.444201312910284418e+00 1.839822036972689564e-10
1.466083150984682559e+00 1.839772946623790888e-10
1.487964989059080922e+00 1.839772856274892323e-10
1.509846827133479064e+00 1.839878765925993425e-10
1.531728665207877427e+00 1.839878675577094859e-10
1.553610503282275568e+00 1.839878585228196294e-10
1.575492341356673931e+00 1.839797494879297498e-10
1.597374179431072072e+00 1.839797404530398932e-10
1.619256017505470435e+00 1.839863314181500467e-10
1.641137855579868576e+00 1.839863223832601643e-10
1.663019693654266939e+00 1.839993133483703158e-10
1.684901531728665081e+00 1.839993043134804593e-10
1.706783369803063444e+00 1.839992952785905768e-10
1.728665207877461585e+00 1.839853862437007096e-10
1.750547045951859948e+00 1.839853772088108530e-10
1.772428884026258089e+00 1.839814681739209940e-10
1.794310722100656452e+00 1.839814591390311115e-10
1.816192560175054593e+00 1.839814501041412549e-10
1.838074398249452956e+00 1.840051410692514052e-10
1.859956236323851098e+00 1.840051320343615228e-10
1.881838074398249461e+00 1.839820229994716696e-10
1.903719912472647602e+00 1.839820139645818131e-10
1.925601750547045965e+00 1.839769049296919334e-10
1.947483588621444106e+00 1.839768958948020768e-10
1.969365426695842469e+00 1.839768868599122202e-10
1.991247264770240610e+00 1.840057778250223479e-10
2.013129102844638751e+00 1.840057687901324655e-10
2.035010940919037115e+00 1.839808597552426072e-10
2.056892778993435478e+00 1.839808507203527507e-10
2.078774617067833841e+00 1.839808416854628682e-10
2.100656455142231760e+00 1.840067326505730219e-10
2.122538293216630123e+00 1.840067236156831653e-10
2.144420131291028486e+00 1.840042145807932872e-10
2.166301969365426405e+00 1.840042055459034307e-10
2.188183807439824768e+00 1.839803965110135612e-10
2.210065645514223132e+00 1.839803874761237046e-10
2.231947483588621495e+00 1.839803784412338222e-10
2.253829321663019414e+00 1.839894694063439713e-10
2.275711159737417777e+00 1.839894603714541147e-10
2.297592997811816140e+00 1.839820513365642256e-10
2.319474835886214503e+00 1.839820423016743691e-10
2.341356673960612422e+00 1.839820332667845125e-10
2.363238512035010785e+00 1.839671242318946366e-10
2.385120350109409149e+00 1.839671151970047800e-10
2.407002188183807512e+00 1.839614061621149159e-10
2.428884026258205431e+00 1.839613971272250593e-10
2.450765864332603794e+00 1.839851880923351898e-10
2.472647702407002157e+00 1.839851790574453332e-10
2.494529540481400520e+00 1.839851700225554766e-10
2.516411378555798439e+00 1.839773609876655893e-10
2.538293216630196802e+00 1.839773519527757327e-10
2.560175054704595166e+00 1.839912429178858868e-10
2.582056892778993529e+00 1.839912338829960044e-10
2.603938730853391448e+00 1.839901248481061332e-10
2.625820568927789811e+00 1.839901158132162766e-10
2.647702407002188174e+00 1.839901067783264200e-10
2.669584245076586537e+00 1.839792977434365328e-10
2.691466083150984456e+00 1.839792887085466762e-10
2.713347921225382819e+00 1.839717796736568329e-10
2.735229759299781183e+00 1.839717706387669504e-10
2.757111597374179546e+00 1.839841616038770916e-10
2.778993435448577465e+00 1.839841525689872351e-10
2.800875273522975828e+00 1.839695435340973515e-10
2.822757111597374191e+00 1.839695344992074949e-10
2.844638949671772110e+00 1.839695254643176383e-10
2.866520787746170473e+00 1.839729164294277799e-10
2.888402625820568836e+00 1.839729073945378974e-10
2.910284463894967200e+00 1.839901983596480497e-10
2.932166301969365119e+00 1.839901893247581931e-10
2.954048140043763482e+00 1.839763802898683060e-10
2.975929978118161845e+00 1.839763712549784494e-10
2.997811816192560208e+00 1.839763622200885928e-10
3.019693654266958127e+00 1.839763531851987104e-10
3.041575492341356490e+00 1.840011441503088494e-10
3.063457330415754853e+00 1.840011351154189928e-10
3.085339168490153217e+00 1.840003260805291397e-10
3.107221006564551136e+00 1.840003170456392573e-10
3.129102844638949499e+00 1.839740080107493922e-10
3.150984682713347862e+00 1.839739989758595356e-10
3.172866520787746225e+00 1.839739899409696532e-10
3.194748358862144144e+00 1.839888809060797900e-10
3.216630196936542507e+00 1.839888718711899334e-10
3.238512035010940870e+00 1.839890628363000631e-10
3.260393873085339234e+00 1.839890538014102065e-10
3.282275711159737153e+00 1.839704447665203402e-10
3.304157549234135516e+00 1.839704357316304837e-10
3.326039387308533879e+00 1.840070266967406102e-10
3.347921225382932242e+00 1.840070176618507536e-10
3.369803063457330161e+00 1.840070086269608970e-10
3.391684901531728524e+00 1.839807995920710121e-10
3.413566739606126887e+00 1.839807905571811555e-10
3.435448577680525251e+00 1.839961815222912966e-10
3.457330415754923170e+00 1.839961724874014142e-10
3.479212253829321533e+00 1.839944634525115586e-10
3.501094091903719896e+00 1.839944544176217020e-10
3.522975929978117815e+00 1.839944453827318195e-10
3.544857768052516178e+00 1.839663363478419752e-10
3.566739606126914541e+00 1.839663273129521186e-10
3.588621444201312904e+00 1.839725182780622480e-10
3.610503282275710824e+00 1.839725092431723656e-10
3.632385120350109187e+00 1.839725002082825090e-10
3.654266958424507550e+00 1.839676911733926474e-10
3.676148796498905913e+00 1.839676821385027650e-10
3.698030634573303832e+00 1.839750731036129150e-10
3.719912472647702195e+00 1.839750640687230584e-10
3.741794310722100558e+00 1.839655550338331721e-10
3.763676148796498921e+00 1.839655459989433155e-10
3.785557986870896841e+00 1.839655369640534589e-10
3.807439824945295204e+00 1.839840279291636059e-10
3.829321663019693567e+00 1.839840188942737235e-10
3.851203501094091930e+00 1.839935098593838708e-10
3.873085339168489849e+00 1.839935008244940142e-10
3.894967177242888212e+00 1.839673917896041354e-10
3.916849015317286575e+00 1.839673827547142788e-10
3.938730853391684938e+00 1.839673737198244222e-10
3.960612691466082858e+00 1.839930646849345379e-10
3.982494529540481221e+00 1.839930556500446814e-10
4.004376367614879584e+00 1.839801466151548227e-10
4.026258205689277503e+00 1.839801375802649661e-10
4.048140043763676310e+00 1.839589285453750724e-10
4.070021881838074229e+00 1.839589195104852158e-10
4.091903719912472148e+00 1.839589104755953592e-10
4.113785557986870955e+00 1.839899014407054842e-10
4.135667396061268875e+00 1.839898924058156277e-10
4.157549234135667682e+00 1.839876833709257677e-10
4.179431072210065601e+00 1.839876743360358853e-10
4.201312910284463520e+00 1.839860653011460356e-10
4.223194748358862327e+00 1.839860562662561791e-10
4.245076586433260246e+00 1.839860472313663225e-10
4.266958424507658165e+00 1.839944381964764294e-10
4.288840262582056972e+00 1.839944291615865728e-10
4.310722100656454892e+00 1.839917201266967344e-10
4.332603938730852811e+00 1.839917110918068520e-10
4.354485776805251618e+00 1.839816020569169811e-10
4.376367614879649537e+00 1.839815930220271245e-10
4.398249452954048344e+00 1.839815839871372421e-10
4.420131291028446263e+00 1.839938749522474031e-10
4.442013129102844182e+00 1.839938659173575466e-10
4.463894967177242989e+00 1.839714568824676839e-10
4.485776805251640909e+00 1.839714478475778015e-10
4.507658643326038828e+00 1.839714388126879449e-10
4.529540481400437635e+00 1.839718297777980866e-10
4.551422319474835554e+00 1.839718207429082042e-10
4.573304157549234361e+00 1.839928117080183468e-10
4.595185995623632280e+00 1.839928026731284902e-10
4.617067833698030199e+00 1.839850936382386089e-10
4.638949671772429006e+00 1.839850846033487523e-10
4.660831509846826926e+00 1.839850755684588957e-10
4.682713347921224845e+00 1.839934665335690285e-10
4.704595185995623652e+00 1.839934574986791461e-10
4.726477024070021571e+00 1.839978484637892962e-10
4.748358862144420378e+00 1.839978394288994396e-10
4.770240700218818297e+00 1.840062303940095465e-10
4.792122538293216216e+00 1.840062213591196899e-10
4.814004376367615023e+00 1.840062123242298334e-10
4.835886214442012943e+00 1.840062032893399509e-10
4.857768052516410862e+00 1.839764942544501136e-10
4.879649890590809669e+00 1.839764852195602570e-10
4.901531728665207588e+00 1.839693761846703860e-10
4.923413566739605507e+00 1.839693671497805036e-10
4.945295404814004314e+00 1.839647581148906541e-10
4.967177242888402233e+00 1.839647490800007975e-10
4.989059080962801040e+00 1.839647400451109150e-10
5.010940919037198960e+00 1.839727310102210495e-10
5.032822757111596879e+00 1.839727219753311929e-10
5.054704595185995686e+00 1.839946129404413123e-10
5.076586433260393605e+00 1.839946039055514557e-10
5.098468271334791524e+00 1.840044948706616013e-10
5.120350109409190331e+00 1.840044858357717189e-10
5.142231947483588250e+00 1.840044768008818623e-10
5.164113785557987057e+00 1.839901677659920226e-10
5.185995623632384977e+00 1.839901587311021660e-10
5.207877461706782896e+00 1.840101496962122742e-10
5.229759299781181703e+00 1.840101406613224176e-10
5.251641137855579622e+00 1.839733316264325659e-10
5.273522975929977541e+00 1.839733225915426835e-10
5.295404814004376348e+00 1.839733135566528269e-10
5.317286652078774267e+00 1.839880045217629516e-10
5.339168490153173074e+00 1.839879954868730692e-10
5.361050328227570994e+00 1.840044864519832249e-10
5.382932166301968913e+00 1.840044774170933683e-10
5.404814004376367720e+00 1.840044683822035117e-10
5.426695842450765639e+00 1.840022593473136259e-10
5.448577680525163558e+00 1.840022503124237694e-10
5.470459518599562365e+00 1.840060412775339092e-10
5.492341356673960284e+00 1.840060322426440267e-10
5.514223194748359091e+00 1.839950232077541792e-10
5.536105032822757011e+00 1.839950141728643226e-10
5.557986870897154930e+00 1.839950051379744402e-10
5.579868708971553737e+00 1.839870961030845727e-10
5.601750547045951656e+00 1.839870870681947161e-10
5.623632385120349575e+00 1.839835780333048553e-10
5.645514223194748382e+00 1.839835689984149729e-10
5.667396061269146301e+00 1.839835599635251163e-10
5.689277899343544220e+00 1.839751509286352704e-10
5.711159737417943028e+00 1.839751418937453880e-10
5.733041575492340947e+00 1.839878328588555214e-10
5.754923413566739754e+00 1.839878238239656648e-10
5.776805251641137673e+00 1.839878147890757824e-10
5.798687089715535592e+00 1.839733057541859307e-10
5.820568927789934399e+00 1.839732967192960741e-10
5.842450765864332318e+00 1.839968876844062183e-10
5.864332603938730237e+00 1.839968786495163359e-10
5.886214442013129045e+00 1.840020696146264826e-10
5.908096280087526964e+00 1.840020605797366260e-10
5.929978118161925771e+00 1.840020515448467435e-10
5.951859956236323690e+00 1.839867425099568953e-10
5.973741794310721609e+00 1.839867334750670387e-10
5.995623632385120416e+00 1.839885244401771614e-10
6.017505470459518335e+00 1.839885154052873048e-10
6.039387308533916254e+00 1.839875063703974396e-10
6.061269146608315062e+00 1.839874973355075830e-10
6.083150984682712981e+00 1.839685883006176987e-10
6.105032822757111788e+00 1.839685792657278422e-10
6.126914660831509707e+00 1.839685702308379856e-10
6.148796498905907626e+00 1.839769611959480925e-10
6.170678336980306433e+00 1.839769521610582359e-10
6.192560175054704352e+00 1.839861431261683910e-10
6.214442013129102271e+00 1.839861340912785086e-10
6.236323851203501079e+00 1.839859250563886399e-10
6.258205689277898998e+00 1.839859160214987834e-10
6.280087527352297805e+00 1.839962069866089272e-10
6.301969365426695724e+00 1.839961979517190448e-10
6.323851203501093643e+00 1.839961889168291882e-10
6.345733041575492450e+00 1.840004798819393323e-10
6.367614879649890369e+00 1.840004708470494499e-10
6.389496717724288288e+00 1.839829618121595983e-10
6.411378555798687096e+00 1.839829527772697417e-10
6.433260393873085015e+00 1.839829437423798593e-10
6.455142231947482934e+00 1.839829347074900027e-10
6.477024070021881741e+00 1.839960256726001603e-10
6.498905908096279660e+00 1.839960166377103037e-10
6.520787746170678467e+00 1.839918076028204007e-10
6.542669584245076386e+00 1.839917985679305441e-10
6.564551422319474305e+00 1.839729895330406917e-10
6.586433260393873113e+00 1.839729804981508093e-10
6.608315098468271032e+00 1.839729714632609527e-10
6.630196936542668951e+00 1.840117624283711084e-10
6.652078774617067758e+00 1.840117533934812260e-10
6.673960612691465677e+00 1.839766443585913733e-10
6.695842450765864484e+00 1.839766353237015167e-10
6.717724288840262403e+00 1.840087262888116305e-10
6.739606126914660322e+00 1.840087172539217739e-10
6.761487964989059130e+00 1.840087082190319173e-10
6.783369803063457049e+00 1.840070991841420418e-10
6.805251641137854968e+00 1.840070901492521594e-10
6.827133479212253775e+00 1.839768811143623177e-10
6.849015317286651694e+00 1.839768720794724612e-10
6.870897155361050501e+00 1.839674630445825808e-10
6.892778993435448420e+00 1.839674540096927242e-10
6.914660831509846339e+00 1.839772449748028638e-10
6.936542669584245147e+00 1.839772359399129814e-10
6.958424507658643066e+00 1.839772269050231248e-10
6.980306345733040985e+00 1.839770178701332562e-10
7.002188183807439792e+00 1.839770088352433996e-10
7.024070021881837711e+00 1.839786998003535162e-10
7.045951859956235630e+00 1.839786907654636596e-10
7.067833698030634437e+00 1.839917817305738172e-10
7.089715536105032356e+00 1.839917726956839348e-10
7.111597374179431164e+00 1.839852636607940741e-10
7.133479212253829083e+00 1.839852546259042175e-10
7.155361050328227002e+00 1.839852455910143351e-10
7.177242888402625809e+00 1.839872365561244698e-10
7.199124726477023728e+00 1.839872275212346132e-10
7.221006564551421647e+00 1.839930184863447702e-10
7.242888402625820454e+00 1.839930094514548878e-10
7.264770240700218373e+00 1.839711004165650294e-10
7.286652078774617181e+00 1.839710913816751729e-10
7.308533916849015100e+00 1.839710823467852904e-10
7.330415754923413019e+00 1.839385733118954394e-10
7.352297592997811826e+00 1.839385642770055828e-10
7.374179431072209745e+00 1.839810552421157031e-10
7.396061269146607664e+00 1.839810462072258465e-10
7.417943107221006471e+00 1.839905371723359938e-10
7.439824945295404390e+00 1.839905281374461372e-10
7.461706783369803198e+00 1.839883191025562514e-10
7.483588621444201117e+00 1.839883100676663949e-10
7.505470459518599036e+00 1.839883010327765383e-10
7.527352297592997843e+00 1.839838919978866491e-10
7.549234135667395762e+00 1.839838829629967925e-10
7.571115973741793681e+00 1.840000739281069302e-10
7.592997811816192488e+00 1.840000648932170477e-10
7.614879649890590407e+00 1.839785558583271876e-10
7.636761487964989215e+00 1.839785468234373311e-10
7.658643326039387134e+00 1.839677377885474697e-10
7.680525164113785053e+00 1.839677287536575873e-10
7.702407002188183860e+00 1.839677197187677307e-10
7.724288840262581779e+00 1.839886106838778931e-10
7.746170678336979698e+00 1.839886016489880107e-10
7.768052516411378505e+00 1.839808926140981553e-10
7.789934354485776424e+00 1.839808835792082987e-10
7.811816192560174343e+00 1.839940745443184106e-10
7.833698030634573151e+00 1.839940655094285540e-10
7.855579868708971070e+00 1.839940564745386974e-10
7.877461706783369877e+00 1.840022474396488440e-10
7.899343544857767796e+00 1.840022384047589615e-10
7.921225382932165715e+00 1.840073293698691022e-10
7.943107221006564522e+00 1.840073203349792456e-10
7.964989059080962441e+00 1.839812113000893667e-10
7.986870897155360360e+00 1.839812022651995101e-10
8.008752735229759168e+00 1.839811932303096536e-10
8.030634573304157087e+00 1.840048841954197521e-10
8.052516411378555006e+00 1.840048751605298955e-10
8.074398249452952925e+00 1.839901661256400576e-10
8.096280087527352620e+00 1.839901570907502010e-10
8.118161925601750539e+00 1.839901480558603186e-10
8.140043763676148458e+00 1.839718390209704446e-10
8.161925601750546377e+00 1.839718299860805880e-10
8.183807439824944296e+00 1.840127209511907152e-10
8.205689277899343992e+00 1.840127119163008586e-10
8.227571115973741911e+00 1.840127028814110021e-10
8.249452954048139830e+00 1.840126938465211196e-10
8.271334792122537749e+00 1.840069848116312555e-10
8.293216630196935668e+00 1.840069757767413989e-10
8.315098468271335364e+00 1.839715667418515282e-10
8.336980306345733283e+00 1.839715577069616716e-10
8.358862144420131202e+00 1.839947486720718176e-10
8.380743982494529121e+00 1.839947396371819610e-10
8.402625820568927040e+00 1.839947306022920785e-10
8.424507658643324959e+00 1.839881215674022119e-10
8.446389496717724654e+00 1.839881125325123553e-10
8.468271334792122573e+00 1.839729034976224872e-10
8.490153172866520492e+00 1.839728944627326306e-10
8.512035010940918411e+00 1.840021854278427566e-10
8.533916849015316330e+00 1.840021763929528741e-10
8.555798687089716026e+00 1.840021673580630175e-10
8.577680525164113945e+00 1.839990583231731809e-10
8.599562363238511864e+00 1.839990492882833243e-10
8.621444201312909783e+00 1.840028402533934383e-10
8.643326039387307702e+00 1.840028312185035817e-10
8.665207877461705621e+00 1.839968221836137253e-10
8.687089715536105317e+00 1.839968131487238429e-10
8.708971553610503236e+00 1.839968041138339863e-10
8.730853391684901155e+00 1.839904950789441119e-10
8.752735229759299074e+00 1.839904860440542294e-10
8.774617067833696993e+00 1.839849770091643774e-10
8.796498905908096688e+00 1.839849679742745208e-10
8.818380743982494607e+00 1.839849589393846642e-10
8.840262582056892526e+00 1.839986499044947804e-10
8.862144420131290445e+00 1.839986408696049238e-10
8.884026258205688364e+00 1.839988318347150793e-10
8.905908096280088060e+00 1.839988227998251968e-10
8.927789934354485979e+00 1.839988137649353403e-10
8.949671772428883898e+00 1.840033047300454706e-10
8.971553610503281817e+00 1.840032956951555881e-10
8.993435448577679736e+00 1.839885866602657502e-10
9.015317286652077655e+00 1.839885776253758936e-10
9.037199124726477351e+00 1.839921685904860214e-10
9.059080962800875270e+00 1.839921595555961390e-10
9.080962800875273189e+00 1.839872505207062972e-10
9.102844638949671108e+00 1.839872414858164406e-10
9.124726477024069027e+00 1.839872324509265582e-10
9.146608315098468722e+00 1.839708234160366953e-10
9.168490153172866641e+00 1.839708143811468387e-10
9.190371991247264560e+00 1.839823053462569516e-10
9.212253829321662479e+00 1.839822963113670950e-10
9.234135667396060398e+00 1.839891872764772407e-10
9.256017505470458318e+00 1.839891782415873841e-10
9.277899343544858013e+00 1.839705692066974921e-10
9.299781181619255932e+00 1.839705601718076355e-10
9.321663019693653851e+00 1.840030511369177734e-10
9.343544857768051770e+00 1.840030421020278909e-10
9.365426695842449689e+00 1.840030330671380343e-10
9.387308533916849385e+00 1.839865240322481913e-10
9.409190371991247304e+00 1.839865149973583089e-10
9.431072210065645223e+00 1.839880059624684393e-10
9.452954048140043142e+00 1.839879969275785827e-10
9.474835886214441061e+00 1.839940878926887319e-10
9.496717724288840756e+00 1.839940788577988495e-10
9.518599562363238675e+00 1.839940698229089929e-10
9.540481400437636594e+00 1.839874607880191521e-10
9.562363238512034513e+00 1.839874517531292696e-10
9.584245076586432432e+00 1.839709427182394008e-10
9.606126914660830352e+00 1.839709336833495442e-10
9.628008752735230047e+00 1.839649246484596620e-10
9.649890590809627966e+00 1.839649156135698054e-10
9.671772428884025885e+00 1.839898065786799504e-10
9.693654266958423804e+00 1.839897975437900939e-10
9.715536105032821723e+00 1.839897885089002114e-10
9.737417943107221419e+00 1.839714794740103633e-10
9.759299781181619338e+00 1.839714704391205067e-10
9.781181619256017257e+00 1.839848614042306048e-10
9.803063457330415176e+00 1.839848523693407482e-10
9.824945295404813095e+00 1.840077433344509020e-10
9.846827133479211014e+00 1.840077342995610195e-10
9.868708971553610709e+00 1.840077252646711629e-10
9.890590809628008628e+00 1.839690162297813001e-10
9.912472647702406547e+00 1.839690071948914435e-10
9.934354485776804466e+00 1.839940981600015748e-10
9.956236323851202386e+00 1.839940891251117182e-10
9.978118161925602081e+00 1.839940800902218616e-10
1.000000000000000000e+01 1.851639710553319805e-10
1.002188183807439792e+01 1.851639620204421239e-10
1.004376367614879584e+01 1.840619529855522488e-10
1.006564551422319376e+01 1.840619439506623663e-10
1.008752735229759345e+01 1.840619349157725097e-10
1.010940919037199137e+01 1.840817258808826576e-10
1.013129102844638929e+01 1.840817168459927751e-10
1.015317286652078721e+01 1.840920078111029190e-10
1.017505470459518513e+01 1.840919987762130624e-10
1.019693654266958305e+01 1.840919897413232058e-10
1.021881838074398274e+01 1.840679807064333243e-10
1.024070021881838066e+01 1.840679716715434677e-10
1.026258205689277858e+01 1.840539626366536203e-10
1.028446389496717650e+01 1.840539536017637379e-10
1.030634573304157442e+01 1.840551445668738761e-10
1.032822757111597411e+01 1.840551355319840195e-10
1.035010940919037203e+01 1.840551264970941370e-10
1.037199124726476995e+01 1.840517174622042823e-10
1.039387308533916787e+01 1.840517084273144257e-10
1.041575492341356579e+01 1.840572993924245707e-10
1.043763676148796549e+01 1.840572903575346882e-10
1.045951859956236341e+01 1.840722813226448311e-10
1.048140043763676132e+01 1.840722722877549745e-10
1.050328227571115924e+01 1.840643632528650811e-10
1.052516411378555716e+01 1.840643542179752246e-10
1.054704595185995508e+01 1.840643451830853680e-10
1.056892778993435478e+01 1.840664361481954829e-10
1.059080962800875270e+01 1.840664271133056263e-10
1.061269146608315062e+01 1.840699180784157739e-10
1.063457330415754853e+01 1.840699090435259173e-10
1.065645514223194645e+01 1.840480000086360331e-10
1.067833698030634615e+01 1.840479909737461765e-10
1.070021881838074407e+01 1.840502819388563293e-10
1.072210065645514199e+01 1.840502729039664469e-10
1.074398249452953991e+01 1.840502638690765903e-10
1.076586433260393783e+01 1.840607548341867463e-10
1.078774617067833574e+01 1.840607457992968638e-10
1.080962800875273544e+01 1.840422367644070036e-10
1.083150984682713336e+01 1.840422277295171470e-10
1.085339168490153128e+01 1.840422186946272905e-10
1.087527352297592920e+01 1.840522096597373904e-10
1.089715536105032712e+01 1.840522006248475338e-10
1.091903719912472681e+01 1.840687915899576956e-10
1.094091903719912473e+01 1.840687825550678131e-10
1.096280087527352265e+01 1.840687735201779565e-10
1.098468271334792057e+01 1.840538644852880807e-10
1.100656455142231849e+01 1.840538554503981983e-10
1.102844638949671818e+01 1.840505464155083496e-10
1.105032822757111610e+01 1.840505373806184930e-10
1.107221006564551402e+01 1.840791283457286284e-10
1.109409190371991194e+01 1.840791193108387460e-10
1.111597374179430986e+01 1.840416102759489037e-10
1.113785557986870778e+01 1.840416012410590472e-10
1.115973741794310747e+01 1.840415922061691647e-10
1.118161925601750539e+01 1.840541831712792922e-10
1.120350109409190331e+01 1.840541741363894356e-10
1.122538293216630123e+01 1.840510651014995731e-10
1.124726477024069915e+01 1.840510560666097165e-10
1.126914660831509885e+01 1.840430470317198430e-10
1.129102844638949676e+01 1.840430379968299864e-10
1.131291028446389468e+01 1.840430289619401040e-10
1.133479212253829260e+01 1.840774199270502530e-10
1.135667396061269052e+01 1.840774108921603964e-10
1.137855579868708844e+01 1.840732018572705193e-10
1.140043763676148814e+01 1.840731928223806627e-10
1.142231947483588606e+01 1.840764837874907982e-10
1.144420131291028397e+01 1.840764747526009158e-10
1.146608315098468189e+01 1.840764657177110592e-10
1.148796498905907981e+01 1.840572566828212085e-10
1.150984682713347951e+01 1.840572476479313519e-10
1.153172866520787743e+01 1.840751386130414628e-10
1.155361050328227535e+01 1.840751295781516062e-10
1.157549234135667326e+01 1.840569205432617641e-10
1.159737417943107118e+01 1.840569115083718817e-10
1.161925601750547088e+01 1.840345024734820190e-10
1.164113785557986880e+01 1.840344934385921624e-10
1.166301969365426672e+01 1.840344844037022800e-10
1.168490153172866464e+01 1.840569753688124096e-10
1.170678336980306256e+01 1.840569663339225531e-10
1.172866520787746047e+01 1.840429572990326798e-10
1.175054704595186017e+01 1.840429482641428232e-10
1.177242888402625809e+01 1.840552392292529584e-10
1.179431072210065601e+01 1.840552301943631018e-10
1.181619256017505393e+01 1.840552211594732194e-10
1.183807439824945185e+01 1.840552121245833628e-10
1.185995623632385154e+01 1.840667030896935273e-10
1.188183807439824946e+01 1.840666940548036449e-10
1.190371991247264738e+01 1.840408850199137841e-10
1.192560175054704530e+01 1.840408759850239275e-10
1.194748358862144322e+01 1.840580669501340479e-10
1.196936542669584114e+01 1.840580579152441913e-10
1.199124726477024083e+01 1.840580488803543347e-10
1.201312910284463875e+01 1.840511398454644758e-10
1.203501094091903667e+01 1.840511308105745933e-10
1.205689277899343459e+01 1.840322217756847349e-10
1.207877461706783251e+01 1.840322127407948783e-10
1.210065645514223220e+01 1.840322037059049959e-10
1.212253829321663012e+01 1.840635946710151450e-10
1.214442013129102804e+01 1.840635856361252884e-10
1.216630196936542596e+01 1.840542766012353882e-10
1.218818380743982388e+01 1.840542675663455316e-10
1.221006564551422358e+01 1.840546585314556733e-10
1.223194748358862149e+01 1.840546494965658167e-10
1.225382932166301941e+01 1.840546404616759343e-10
1.227571115973741733e+01 1.840658314267860807e-10
1.229759299781181525e+01 1.840658223918962241e-10
1.231947483588621317e+01 1.840582133570063489e-10
1.234135667396061287e+01 1.840582043221164923e-10
1.236323851203501079e+01 1.840474952872266370e-10
1.238512035010940870e+01 1.840474862523367546e-10
1.240700218818380662e+01 1.840474772174468980e-10
1.242888402625820454e+01 1.840602681825570375e-10
1.245076586433260424e+01 1.840602591476671809e-10
1.247264770240700216e+01 1.840497501127773118e-10
1.249452954048140008e+01 1.840497410778874552e-10
1.251641137855579800e+01 1.840242320429975866e-10
1.253829321663019591e+01 1.840242230081077042e-10
1.256017505470459561e+01 1.840242139732178476e-10
1.258205689277899353e+01 1.840694049383280014e-10
1.260393873085339145e+01 1.840693959034381189e-10
1.262582056892778937e+01 1.840530868685482621e-10
1.264770240700218729e+01 1.840530778336584055e-10
1.266958424507658520e+01 1.840665687987685355e-10
1.269146608315098490e+01 1.840665597638786531e-10
1.271334792122538282e+01 1.840647507289887914e-10
1.273522975929978074e+01 1.840647416940989348e-10
1.275711159737417866e+01 1.840647326592090524e-10
1.277899343544857658e+01 1.840592236243192003e-10
1.280087527352297627e+01 1.840592145894293437e-10
1.282275711159737419e+01 1.840314055545394658e-10
1.284463894967177211e+01 1.840313965196496092e-10
1.286652078774617003e+01 1.840273874847597441e-10
1.288840262582056795e+01 1.840273784498698876e-10
1.291028446389496587e+01 1.840273694149800051e-10
1.293216630196936556e+01 1.840532603800901588e-10
1.295404814004376348e+01 1.840532513452003022e-10
1.297592997811816140e+01 1.840255423103104303e-10
1.299781181619255932e+01 1.840255332754205737e-10
1.301969365426695724e+01 1.840516242405307135e-10
1.304157549234135693e+01 1.840516152056408311e-10
1.306345733041575485e+01 1.840529061707509753e-10
1.308533916849015277e+01 1.840528971358611187e-10
1.310722100656455069e+01 1.840528881009712621e-10
1.312910284463894861e+01 1.840366790660813596e-10
1.315098468271334831e+01 1.840366700311915031e-10
1.317286652078774623e+01 1.840652609963016643e-10
1.319474835886214414e+01 1.840652519614117819e-10
1.321663019693654206e+01 1.840236429265219252e-10
1.323851203501093998e+01 1.840236338916320686e-10
1.326039387308533790e+01 1.840226248567421776e-10
1.328227571115973760e+01 1.840226158218523210e-10
1.330415754923413552e+01 1.840226067869624644e-10
1.332603938730853343e+01 1.840520977520725766e-10
1.334792122538293135e+01 1.840520887171827200e-10
1.336980306345732927e+01 1.840416796822928827e-10
1.339168490153172897e+01 1.840416706474030261e-10
1.341356673960612689e+01 1.840508616125131296e-10
1.343544857768052481e+01 1.840508525776232730e-10
1.345733041575492273e+01 1.840569435427334222e-10
1.347921225382932064e+01 1.840569345078435398e-10
1.350109409190371856e+01 1.840569254729536832e-10
1.352297592997811826e+01 1.840661164380638125e-10
1.354485776805251618e+01 1.840661074031739300e-10
1.356673960612691410e+01 1.840461983682840889e-10
1.358862144420131202e+01 1.840461893333942323e-10
1.361050328227570994e+01 1.840461802985043757e-10
1.363238512035010963e+01 1.840461712636144932e-10
1.365426695842450755e+01 1.840369622287246249e-10
1.367614879649890547e+01 1.840369531938347684e-10
1.369803063457330339e+01 1.840364441589448816e-10
1.371991247264770131e+01 1.840364351240550251e-10
1.374179431072210100e+01 1.840609260891651718e-10
1.376367614879649892e+01 1.840609170542752894e-10
1.378555798687089684e+01 1.840609080193854328e-10
1.380743982494529476e+01 1.840577989844955962e-10
1.382932166301969268e+01 1.840577899496057396e-10
1.385120350109409060e+01 1.840585809147158537e-10
1.387308533916849029e+01 1.840585718798259971e-10
1.389496717724288821e+01 1.840435628449361411e-10
1.391684901531728613e+01 1.840435538100462586e-10
1.393873085339168405e+01 1.840488447751563855e-10
1.396061269146608197e+01 1.840488357402665289e-10
1.398249452954048166e+01 1.840488267053766465e-10
1.400437636761487958e+01 1.840505176704867890e-10
1.402625820568927750e+01 1.840505086355969324e-10
1.404814004376367542e+01 1.840290996007070783e-10
1.407002188183807334e+01 1.840290905658171959e-10
1.409190371991247126e+01 1.840320815309273392e-10
1.411378555798687096e+01 1.840320724960374826e-10
1.413566739606126887e+01 1.840320634611476002e-10
1.415754923413566679e+01 1.840523544262577523e-10
1.417943107221006471e+01 1.840523453913678957e-10
1.420131291028446263e+01 1.840381363564780104e-10
1.422319474835886233e+01 1.840381273215881538e-10
1.424507658643326025e+01 1.840381182866982972e-10
1.426695842450765817e+01 1.840492092518084376e-10
1.428884026258205608e+01 1.840492002169185552e-10
1.431072210065645400e+01 1.840633911820287015e-10
1.433260393873085370e+01 1.840633821471388449e-10
1.435448577680525162e+01 1.840325731122489671e-10
1.437636761487964954e+01 1.840325640773591105e-10
1.439824945295404746e+01 1.840325550424692539e-10
1.442013129102844537e+01 1.840513460075793673e-10
1.444201312910284329e+01 1.840513369726895107e-10
1.446389496717724299e+01 1.840344279377996436e-10
1.448577680525164091e+01 1.840344189029097870e-10
1.450765864332603883e+01 1.840344098680199046e-10
1.452954048140043675e+01 1.840329008331300610e-10
1.455142231947483467e+01 1.840328917982402044e-10
1.457330415754923436e+01 1.840664827633503310e-10
1.459518599562363228e+01 1.840664737284604744e-10
1.461706783369803020e+01 1.840608646935706163e-10
1.463894967177242812e+01 1.840608556586807339e-10
1.466083150984682604e+01 1.840670466237908633e-10
1.468271334792122573e+01 1.840670375889010067e-10
1.470459518599562365e+01 1.840670285540111501e-10
1.472647702407002157e+01 1.840598195191212731e-10
1.474835886214441949e+01 1.840598104842314165e-10
1.477024070021881741e+01 1.840746014493415473e-10
1.479212253829321533e+01 1.840745924144516649e-10
1.481400437636761502e+01 1.840745833795618083e-10
1.483588621444201294e+01 1.840548743446719533e-10
1.485776805251641086e+01 1.840548653097820709e-10
1.487964989059080878e+01 1.840365562748922228e-10
1.490153172866520670e+01 1.840365472400023662e-10
1.492341356673960640e+01 1.840579382051125071e-10
1.494529540481400431e+01 1.840579291702226246e-10
1.496717724288840223e+01 1.840579201353327680e-10
1.498905908096280015e+01 1.840317111004429090e-10
1.501094091903719807e+01 1.840317020655530266e-10
1.503282275711159599e+01 1.840584930306631828e-10
1.505470459518599569e+01 1.840584839957733262e-10
1.507658643326039360e+01 1.840584749608834437e-10
1.509846827133479152e+01 1.840651659259935774e-10
1.512035010940918944e+01 1.840651568911037208e-10
1.514223194748358736e+01 1.840542478562138535e-10
1.516411378555798706e+01 1.840542388213239969e-10
1.518599562363238498e+01 1.840463297864341294e-10
1.520787746170678290e+01 1.840463207515442728e-10
1.522975929978118081e+01 1.840463117166543904e-10
1.525164113785557873e+01 1.840506026817645345e-10
1.527352297592997843e+01 1.840505936468746779e-10
1.529540481400437635e+01 1.840347846119847995e-10
1.531728665207877427e+01 1.840347755770949429e-10
1.533916849015317219e+01 1.840347665422050863e-10
1.536105032822757011e+01 1.840395575073152089e-10
1.538293216630196802e+01 1.840395484724253523e-10
1.540481400437636772e+01 1.840523394375354918e-10
1.542669584245076564e+01 1.840523304026456352e-10
1.544857768052516356e+01 1.840523213677557528e-10
1.547045951859956148e+01 1.840523123328658962e-10
1.549234135667395940e+01 1.840487032979760294e-10
1.551422319474835909e+01 1.840486942630861470e-10
1.553610503282275701e+01 1.840552852281963005e-10
1.555798687089715493e+01 1.840552761933064439e-10
1.557986870897155285e+01 1.840610671584165492e-10
1.560175054704595077e+01 1.840610581235266926e-10
1.562363238512034869e+01 1.840610490886368360e-10
1.564551422319474838e+01 1.840347400537469968e-10
1.566739606126914630e+01 1.840347310188571143e-10
1.568927789934354422e+01 1.840305219839672372e-10
1.571115973741794214e+01 1.840305129490773807e-10
1.573304157549234006e+01 1.840613039141874936e-10
1.575492341356673975e+01 1.840612948792976370e-10
1.577680525164113767e+01 1.840232858444077905e-10
1.579868708971553559e+01 1.840232768095179081e-10
1.582056892778993351e+01 1.840232677746280515e-10
1.584245076586433143e+01 1.840686587397381914e-10
1.586433260393873113e+01 1.840686497048483349e-10
1.588621444201312904e+01 1.840552406699584460e-10
1.590809628008752696e+01 1.840552316350685895e-10
1.592997811816192488e+01 1.840630226001787377e-10
1.595185995623632280e+01 1.840630135652888553e-10
1.597374179431072072e+01 1.840450045303989994e-10
1.599562363238512042e+01 1.840449954955091428e-10
1.601750547045951834e+01 1.840449864606192604e-10
1.603938730853391803e+01 1.840575774257294137e-10
1.606126914660831417e+01 1.840575683908395571e-10
1.608315098468271387e+01 1.840518593559496930e-10
1.610503282275711001e+01 1.840518503210598105e-10
1.612691466083150971e+01 1.840221412861699473e-10
1.614879649890590585e+01 1.840221322512800907e-10
1.617067833698030555e+01 1.840221232163902083e-10
1.619256017505470524e+01 1.840721141815003670e-10
1.621444201312910138e+01 1.840721051466105105e-10
1.623632385120350108e+01 1.840285961117206167e-10
1.625820568927789722e+01 1.840285870768307602e-10
1.628008752735229692e+01 1.840354780419409059e-10
1.630196936542669661e+01 1.840354690070510493e-10
1.632385120350109275e+01 1.840610599721611590e-10
1.634573304157549245e+01 1.840610509372713024e-10
1.636761487964988859e+01 1.840610419023814458e-10
1.638949671772428829e+01 1.840371328674915703e-10
1.641137855579868798e+01 1.840371238326017138e-10
1.643326039387308413e+01 1.840361147977118745e-10
1.645514223194748382e+01 1.840361057628219920e-10
1.647702407002187996e+01 1.840336967279321200e-10
1.649890590809627966e+01 1.840336876930422634e-10
1.652078774617067936e+01 1.840377786581524213e-10
1.654266958424507550e+01 1.840377696232625389e-10
1.656455142231947519e+01 1.840377605883726823e-10
1.658643326039387134e+01 1.840303515534828191e-10
1.660831509846827103e+01 1.840303425185929367e-10
1.663019693654267073e+01 1.840522334837030819e-10
1.665207877461706687e+01 1.840522244488132253e-10
1.667396061269146657e+01 1.840455154139233267e-10
1.669584245076586271e+01 1.840455063790334701e-10
1.671772428884026240e+01 1.840454973441436135e-10
1.673960612691465855e+01 1.840493883092537335e-10
1.676148796498905824e+01 1.840493792743638770e-10
1.678336980306345794e+01 1.840581702394740338e-10
1.680525164113785408e+01 1.840581612045841772e-10
1.682713347921225377e+01 1.840581521696942948e-10
1.684901531728664992e+01 1.840365431348044287e-10
1.687089715536104961e+01 1.840365340999145721e-10
1.689277899343544931e+01 1.840373250650246862e-10
1.691466083150984545e+01 1.840373160301348296e-10
1.693654266958424515e+01 1.840373069952449730e-10
1.695842450765864129e+01 1.840387979603551035e-10
1.698030634573304098e+01 1.840387889254652469e-10
1.700218818380744068e+01 1.840286798905753760e-10
1.702407002188183682e+01 1.840286708556855195e-10
1.704595185995623652e+01 1.840286618207956370e-10
1.706783369803063266e+01 1.840286527859057804e-10
1.708971553610503236e+01 1.840697437510159197e-10
1.711159737417943205e+01 1.840697347161260373e-10
1.713347921225382819e+01 1.840533256812362003e-10
1.715536105032822789e+01 1.840533166463463437e-10
1.717724288840262403e+01 1.840516076114564622e-10
1.719912472647702373e+01 1.840515985765666056e-10
1.722100656455142342e+01 1.840515895416767490e-10
1.724288840262581957e+01 1.840621805067868851e-10
1.726477024070021926e+01 1.840621714718970027e-10
1.728665207877461540e+01 1.840560624370071403e-10
1.730853391684901510e+01 1.840560534021172837e-10
1.733041575492341124e+01 1.840341443672273995e-10
1.735229759299781094e+01 1.840341353323375429e-10
1.737417943107221063e+01 1.840284262974477047e-10
1.739606126914660678e+01 1.840284172625578222e-10
1.741794310722100647e+01 1.840284082276679656e-10
1.743982494529540261e+01 1.840509991927781013e-10
1.746170678336980231e+01 1.840509901578882447e-10
1.748358862144420200e+01 1.840226811229983625e-10
1.750547045951859815e+01 1.840226720881085059e-10
1.752735229759299784e+01 1.840510630532186551e-10
1.754923413566739399e+01 1.840510540183287727e-10
1.757111597374179368e+01 1.840510449834389161e-10
1.759299781181619338e+01 1.840488359485490562e-10
1.761487964989058952e+01 1.840488269136591737e-10
1.763676148796498921e+01 1.840275178787692999e-10
1.765864332603938536e+01 1.840275088438794433e-10
1.768052516411378505e+01 1.840614998089895940e-10
1.770240700218818475e+01 1.840614907740997116e-10
1.772428884026258089e+01 1.840279817392098520e-10
1.774617067833698059e+01 1.840279727043199954e-10
1.776805251641137673e+01 1.840279636694301130e-10
1.778993435448577642e+01 1.840231546345402514e-10
1.781181619256017612e+01 1.840231455996503948e-10
1.783369803063457226e+01 1.840465365647605270e-10
1.785557986870897196e+01 1.840465275298706704e-10
1.787746170678336810e+01 1.840423184949808191e-10
1.789934354485776780e+01 1.840423094600909626e-10
1.792122538293216394e+01 1.840423004252010801e-10
1.794310722100656363e+01 1.840508913903112249e-10
1.796498905908096333e+01 1.840508823554213684e-10
1.798687089715535947e+01 1.840565733205314676e-10
1.800875273522975917e+01 1.840565642856416110e-10
1.803063457330415531e+01 1.840565552507517544e-10
1.805251641137855501e+01 1.840659462158618699e-10
1.807439824945295470e+01 1.840659371809720133e-10
1.809628008752735084e+01 1.840475281460821592e-10
1.811816192560175054e+01 1.840475191111923026e-10
1.814004376367614668e+01 1.840542100763024363e-10
1.816192560175054638e+01 1.840542010414125797e-10
1.818380743982494607e+01 1.840541920065227231e-10
1.820568927789934222e+01 1.840435829716328221e-10
1.822757111597374191e+01 1.840435739367429655e-10
1.824945295404813805e+01 1.840253649018531234e-10
1.827133479212253775e+01 1.840253558669632410e-10
1.829321663019693744e+01 1.840253468320733844e-10
1.831509846827133359e+01 1.840561377971835232e-10
1.833698030634573328e+01 1.840561287622936408e-10
1.835886214442012943e+01 1.840522197274037817e-10
1.838074398249452912e+01 1.840522106925139252e-10
1.840262582056892882e+01 1.840550016576240823e-10
1.842450765864332496e+01 1.840549926227341998e-10
1.844638949671772465e+01 1.840616835878443335e-10
1.846827133479212080e+01 1.840616745529544769e-10
1.849015317286652049e+01 1.840676655180645943e-10
1.851203501094091664e+01 1.840676564831747377e-10
1.853391684901531633e+01 1.840676474482848811e-10
1.855579868708971603e+01 1.840411384133950040e-10
1.857768052516411217e+01 1.840411293785051474e-10
1.859956236323851186e+01 1.840631203436152727e-10
1.862144420131290801e+01 1.840631113087254161e-10
1.864332603938730770e+01 1.840544022738355521e-10
1.866520787746170740e+01 1.840543932389456955e-10
1.868708971553610354e+01 1.840543842040558390e-10
1.870897155361050324e+01 1.840300751691659394e-10
1.873085339168489938e+01 1.840300661342760828e-10
1.875273522975929907e+01 1.840738570993862297e-10
1.877461706783369877e+01 1.840738480644963473e-10
1.879649890590809491e+01 1.840738390296064907e-10
1.881838074398249461e+01 1.840413299947166396e-10
1.884026258205689075e+01 1.840413209598267830e-10
1.886214442013129045e+01 1.840413119249369006e-10
1.888402625820569014e+01 1.840415028900470561e-10
1.890590809628008628e+01 1.840414938551571995e-10
1.892778993435448598e+01 1.840414848202673171e-10
1.894967177242888212e+01 1.840770757853774608e-10
1.897155361050328182e+01 1.840770667504876043e-10
1.899343544857768151e+01 1.840275577155977108e-10
1.901531728665207766e+01 1.840275486807078542e-10
1.903719912472647735e+01 1.840430396458180013e-10
1.905908096280087349e+01 1.840430306109281447e-10
1.908096280087527319e+01 1.840430215760382623e-10
1.910284463894966933e+01 1.840657125411484040e-10
1.912472647702406903e+01 1.840657035062585474e-10
1.914660831509846872e+01 1.840205944713686607e-10
1.916849015317286486e+01 1.840205854364788041e-10
1.919037199124726456e+01 1.840205764015889475e-10
1.921225382932166070e+01 1.840762673666990621e-10
1.923413566739606040e+01 1.840762583318092055e-10
1.925601750547046009e+01 1.840367492969193461e-10
1.927789934354485624e+01 1.840367402620294895e-10
1.929978118161925593e+01 1.840367312271396071e-10
1.932166301969365207e+01 1.840822221922497531e-10
1.934354485776805177e+01 1.840822131573598965e-10
1.936542669584245147e+01 1.840407041224700199e-10
1.938730853391684761e+01 1.840406950875801634e-10
1.940919037199124730e+01 1.840446860526903152e-10
1.943107221006564345e+01 1.840446770178004328e-10
1.945295404814004314e+01 1.840446679829105762e-10
1.947483588621444284e+01 1.840692589480207032e-10
1.949671772428883898e+01 1.840692499131308466e-10
1.951859956236323868e+01 1.840276408782409640e-10
1.954048140043763482e+01 1.840276318433511074e-10
1.956236323851203451e+01 1.840707228084612639e-10
1.958424507658643421e+01 1.840707137735713814e-10
1.960612691466083035e+01 1.840707047386815248e-10
1.962800875273523005e+01 1.840709957037916605e-10
1.964989059080962619e+01 1.840709866689017781e-10
1.967177242888402589e+01 1.840553776340119376e-10
1.969365426695842203e+01 1.840553685991220810e-10
1.971553610503282172e+01 1.840582595642322183e-10
1.973741794310722142e+01 1.840582505293423358e-10
1.975929978118161756e+01 1.840451414944524651e-10
1.978118161925601726e+01 1.840451324595626085e-10
1.980306345733041340e+01 1.840451234246727261e-10
1.982494529540481309e+01 1.840357143897828716e-10
1.984682713347921279e+01 1.840357053548930150e-10
1.986870897155360893e+01 1.840346963200031498e-10
1.989059080962800863e+01 1.840346872851132932e-10
1.991247264770240477e+01 1.840554782502234238e-10
1.993435448577680447e+01 1.840554692153335672e-10
1.995623632385120416e+01 1.840554601804436848e-10
1.997811816192560030e+01 1.840297511455538300e-10
