0.000000000000000000e+00 2.003311999999999896e-10
2.141327623126338189e-02 2.003162848190138453e-10
4.282655246252676379e-02 2.003162696380276686e-10
6.423982869379014915e-02 2.003239544570415165e-10
8.565310492505352757e-02 2.003239392760553398e-10
1.070663811563169060e-01 2.003302240950692068e-10
1.284796573875802983e-01 2.003302089140830301e-10
1.498929336188436767e-01 2.003301937330968792e-10
1.713062098501070551e-01 2.003206785521107244e-10
1.927194860813704336e-01 2.003206633711245477e-10
2.141327623126338120e-01 2.003085481901383912e-10
2.355460385438971904e-01 2.003085330091522145e-10
2.569593147751605966e-01 2.003033178281660604e-10
2.783725910064239750e-01 2.003033026471798837e-10
2.997858672376873534e-01 2.003032874661937328e-10
3.211991434689507319e-01 2.003181722852075495e-10
3.426124197002141103e-01 2.003181571042213986e-10
3.640256959314774887e-01 2.002917419232352591e-10
3.854389721627408671e-01 2.002917267422490824e-10
4.068522483940042456e-01 2.003337115612629299e-10
4.282655246252676240e-01 2.003336963802767532e-10
4.496788008565310024e-01 2.003336811992906023e-10
4.710920770877943808e-01 2.003207660183044235e-10
4.925053533190577593e-01 2.003207508373182726e-10
5.139186295503211932e-01 2.003139356563321254e-10
5.353319057815845161e-01 2.003139204753459487e-10
5.567451820128479500e-01 2.003274052943597844e-10
5.781584582441112730e-01 2.003273901133736077e-10
5.995717344753747069e-01 2.003104749323874721e-10
6.209850107066380298e-01 2.003104597514012954e-10
6.423982869379014637e-01 2.003104445704151445e-10
6.638115631691647867e-01 2.002931293894289590e-10
6.852248394004282206e-01 2.002931142084428081e-10
7.066381156316916545e-01 2.003051990274566628e-10
7.280513918629549774e-01 2.003051838464704861e-10
7.494646680942184114e-01 2.003134686654843444e-10
7.708779443254817343e-01 2.003134534844981677e-10
7.922912205567451682e-01 2.003239383035120035e-10
8.137044967880084911e-01 2.003239231225258268e-10
8.351177730192719251e-01 2.003239079415396759e-10
8.565310492505352480e-01 2.003149927605535314e-10
8.779443254817986819e-01 2.003149775795673547e-10
8.993576017130620048e-01 2.003294623985811989e-10
9.207708779443254388e-01 2.003294472175950222e-10
9.421841541755887617e-01 2.003122320366088685e-10
9.635974304068521956e-01 2.003122168556226918e-10
9.850107066381155185e-01 2.003239016746365483e-10
1.006423982869378841e+00 2.003238864936503974e-10
1.027837259100642386e+00 2.003238713126642207e-10
1.049250535331905709e+00 2.003181561316780623e-10
1.070663811563169032e+00 2.003181409506918855e-10
1.092077087794432577e+00 2.003008257697057259e-10
1.113490364025695900e+00 2.003008105887195491e-10
1.134903640256959223e+00 2.003319954077334178e-10
1.156316916488222546e+00 2.003319802267472410e-10
1.177730192719486091e+00 2.003319650457610902e-10
1.199143468950749414e+00 2.003351498647749254e-10
1.220556745182012737e+00 2.003351346837887487e-10
1.241970021413276060e+00 2.003305195028026049e-10
1.263383297644539605e+00 2.003305043218164281e-10
1.284796573875802927e+00 2.003304891408302773e-10
1.306209850107066250e+00 2.003307739598440928e-10
1.327623126338329573e+00 2.003307587788579419e-10
1.349036402569593118e+00 2.003307435978717910e-10
1.370449678800856441e+00 2.003167284168856235e-10
1.391862955032119764e+00 2.003167132358994726e-10
1.413276231263383309e+00 2.003166980549132959e-10
1.434689507494646632e+00 2.003035828739271309e-10
1.456102783725909955e+00 2.003035676929409541e-10
1.477516059957173278e+00 2.003184525119548225e-10
1.498929336188436823e+00 2.003184373309686716e-10
1.520342612419700146e+00 2.003184221499824949e-10
1.541755888650963469e+00 2.002975069689963250e-10
1.563169164882226791e+00 2.002974917880101483e-10
1.584582441113490336e+00 2.003050766070240161e-10
1.605995717344753659e+00 2.003050614260378394e-10
1.627408993576016982e+00 2.003191462450516854e-10
1.648822269807280305e+00 2.003191310640655087e-10
1.670235546038543850e+00 2.003191158830793578e-10
1.691648822269807173e+00 2.003233007020932016e-10
1.713062098501070496e+00 2.003232855211070249e-10
1.734475374732334041e+00 2.003239703401208645e-10
1.755888650963597364e+00 2.003239551591346878e-10
1.777301927194860687e+00 2.003239399781485369e-10
1.798715203426124010e+00 2.003414247971623811e-10
1.820128479657387555e+00 2.003414096161762302e-10
1.841541755888650878e+00 2.003100944351900797e-10
1.862955032119914200e+00 2.003100792542039029e-10
1.884368308351177523e+00 2.003054640732177333e-10
1.905781584582441068e+00 2.003054488922315566e-10
1.927194860813704391e+00 2.003054337112454057e-10
1.948608137044967714e+00 2.003191185302592276e-10
1.970021413276231037e+00 2.003191033492730767e-10
1.991434689507494582e+00 2.003020881682869093e-10
2.012847965738757683e+00 2.003020729873007584e-10
2.034261241970021228e+00 2.003020578063146075e-10
2.055674518201284773e+00 2.003278426253284350e-10
2.077087794432547874e+00 2.003278274443422841e-10
2.098501070663811419e+00 2.003249122633561135e-10
2.119914346895074964e+00 2.003248970823699627e-10
2.141327623126338064e+00 2.003392819013837751e-10
2.162740899357601609e+00 2.003392667203976242e-10
2.184154175588865154e+00 2.003392515394114733e-10
2.205567451820128255e+00 2.003150363584252855e-10
2.226980728051391800e+00 2.003150211774391346e-10
2.248394004282654901e+00 2.003387059964529647e-10
2.269807280513918446e+00 2.003386908154668139e-10
2.291220556745181991e+00 2.003386756344806371e-10
2.312633832976445092e+00 2.003158604534944820e-10
2.334047109207708637e+00 2.003158452725083311e-10
2.355460385438972182e+00 2.002982300915221533e-10
2.376873661670235283e+00 2.002982149105360024e-10
2.398286937901498828e+00 2.003417997295498430e-10
2.419700214132762373e+00 2.003417845485636921e-10
2.441113490364025473e+00 2.003417693675775154e-10
2.462526766595289018e+00 2.003165541865913448e-10
2.483940042826552119e+00 2.003165390056051681e-10
2.505353319057815664e+00 2.003200238246190214e-10
2.526766595289079209e+00 2.003200086436328705e-10
2.548179871520342310e+00 2.003199934626466938e-10
2.569593147751605855e+00 2.003475782816605522e-10
2.591006423982869400e+00 2.003475631006743755e-10
2.612419700214132501e+00 2.003079479196882158e-10
2.633832976445396046e+00 2.003079327387020391e-10
2.655246252676659147e+00 2.003121175577159087e-10
2.676659528907922692e+00 2.003121023767297579e-10
2.698072805139186237e+00 2.003120871957435812e-10
2.719486081370449337e+00 2.003009720147574074e-10
2.740899357601712882e+00 2.003009568337712307e-10
2.762312633832976427e+00 2.003108416527850821e-10
2.783725910064239528e+00 2.003108264717989053e-10
2.805139186295503073e+00 2.003108112908127545e-10
2.826552462526766618e+00 2.003045961098266176e-10
2.847965738758029719e+00 2.003045809288404409e-10
2.869379014989293264e+00 2.003221657478542911e-10
2.890792291220556365e+00 2.003221505668681144e-10
2.912205567451819910e+00 2.003169353858819602e-10
2.933618843683083455e+00 2.003169202048957835e-10
2.955032119914346556e+00 2.003169050239096327e-10
2.976445396145610101e+00 2.003168898429234559e-10
2.997858672376873646e+00 2.003410746619372904e-10
3.019271948608136746e+00 2.003410594809511395e-10
3.040685224839400291e+00 2.003410442999649628e-10
3.062098501070663392e+00 2.003231291189788186e-10
3.083511777301926937e+00 2.003231139379926419e-10
3.104925053533190482e+00 2.003156987570064844e-10
3.126338329764453583e+00 2.003156835760203077e-10
3.147751605995717128e+00 2.003273683950341641e-10
3.169164882226980673e+00 2.003273532140480132e-10
3.190578158458243774e+00 2.003273380330618365e-10
3.211991434689507319e+00 2.003246228520756780e-10
3.233404710920770864e+00 2.003246076710895013e-10
3.254817987152033965e+00 2.002939924901033671e-10
3.276231263383297510e+00 2.002939773091171904e-10
3.297644539614560610e+00 2.003426621281310282e-10
3.319057815845824155e+00 2.003426469471448514e-10
3.340471092077087700e+00 2.003426317661587006e-10
3.361884368308350801e+00 2.003092165851725527e-10
3.383297644539614346e+00 2.003092014041863760e-10
3.404710920770877891e+00 2.003272862232002304e-10
3.426124197002140992e+00 2.003272710422140537e-10
3.447537473233404537e+00 2.003385558612279119e-10
3.468950749464668082e+00 2.003385406802417352e-10
3.490364025695931183e+00 2.003385254992555843e-10
3.511777301927194728e+00 2.003179103182694325e-10
3.533190578158457829e+00 2.003178951372832558e-10
3.554603854389721374e+00 2.003104799562970983e-10
3.576017130620984918e+00 2.003104647753109216e-10
3.597430406852248019e+00 2.003104495943247707e-10
3.618843683083511564e+00 2.003042344133385822e-10
3.640256959314775109e+00 2.003042192323524313e-10
3.661670235546038210e+00 2.003276040513662950e-10
3.683083511777301755e+00 2.003275888703801183e-10
3.704496788008564856e+00 2.003069736893939665e-10
3.725910064239828401e+00 2.003069585084077898e-10
3.747323340471091946e+00 2.003069433274216389e-10
3.768736616702355047e+00 2.003263281464354684e-10
3.790149892933618592e+00 2.003263129654493175e-10
3.811563169164882137e+00 2.003342977844631318e-10
3.832976445396145238e+00 2.003342826034769810e-10
3.854389721627408782e+00 2.003342674224908301e-10
3.875802997858672327e+00 2.003115522415046551e-10
3.897216274089935428e+00 2.003115370605185042e-10
3.918629550321198973e+00 2.003352218795323344e-10
3.940042826552462074e+00 2.003352066985461835e-10
3.961456102783725619e+00 2.003014915175599917e-10
3.982869379014989164e+00 2.003014763365738408e-10
4.004282655246252709e+00 2.003014611555876899e-10
4.025695931477515366e+00 2.002884459746015051e-10
4.047109207708778911e+00 2.002884307936153542e-10
4.068522483940042456e+00 2.003153156126291963e-10
4.089935760171306001e+00 2.003153004316430454e-10
4.111349036402569546e+00 2.003152852506568687e-10
4.132762312633833091e+00 2.003190700696707143e-10
4.154175588865095747e+00 2.003190548886845634e-10
4.175588865096359292e+00 2.003294397076983932e-10
4.197002141327622837e+00 2.003294245267122423e-10
4.218415417558886382e+00 2.003275093457260544e-10
4.239828693790149927e+00 2.003274941647399036e-10
4.261241970021412584e+00 2.003274789837537268e-10
4.282655246252676129e+00 2.003476638027675787e-10
4.304068522483939674e+00 2.003476486217814019e-10
4.325481798715203219e+00 2.003133334407952515e-10
4.346895074946466764e+00 2.003133182598091006e-10
4.368308351177730309e+00 2.003199030788229340e-10
4.389721627408992966e+00 2.003198878978367831e-10
4.411134903640256510e+00 2.003262727168506044e-10
4.432548179871520055e+00 2.003262575358644536e-10
4.453961456102783600e+00 2.003262423548782769e-10
4.475374732334047145e+00 2.003002271738921097e-10
4.496788008565309802e+00 2.003002119929059589e-10
4.518201284796573347e+00 2.003324968119197904e-10
4.539614561027836892e+00 2.003324816309336395e-10
4.561027837259100437e+00 2.003237664499474554e-10
4.582441113490363982e+00 2.003237512689613045e-10
4.603854389721627527e+00 2.003237360879751278e-10
4.625267665952890184e+00 2.003201209069889926e-10
4.646680942184153729e+00 2.003201057260028158e-10
4.668094218415417274e+00 2.003320905450166645e-10
4.689507494646680819e+00 2.003320753640305136e-10
4.710920770877944364e+00 2.003320601830443369e-10
4.732334047109207020e+00 2.003304450020581672e-10
4.753747323340470565e+00 2.003304298210719904e-10
4.775160599571734110e+00 2.003304146400858396e-10
4.796573875802997655e+00 2.003006994590996821e-10
4.817987152034261200e+00 2.003006842781135312e-10
4.839400428265524745e+00 2.003006690971273803e-10
4.860813704496787402e+00 2.003080539161411844e-10
4.882226980728050947e+00 2.003080387351550335e-10
4.903640256959314492e+00 2.003008235541688622e-10
4.925053533190578037e+00 2.003008083731827114e-10
4.946466809421841582e+00 2.003230931921965346e-10
4.967880085653104238e+00 2.003230780112103838e-10
4.989293361884367783e+00 2.003230628302242329e-10
5.010706638115631328e+00 2.003070476492380482e-10
5.032119914346894873e+00 2.003070324682518973e-10
5.053533190578158418e+00 2.003198172872657425e-10
5.074946466809421075e+00 2.003198021062795916e-10
5.096359743040684620e+00 2.003197869252934149e-10
5.117773019271948165e+00 2.003172717443072426e-10
5.139186295503211710e+00 2.003172565633210659e-10
5.160599571734475255e+00 2.003364413823349350e-10
5.182012847965738800e+00 2.003364262013487841e-10
5.203426124197001457e+00 2.003069110203625869e-10
5.224839400428265002e+00 2.003068958393764361e-10
5.246252676659528547e+00 2.003068806583902593e-10
5.267665952890792092e+00 2.003038654774041086e-10
5.289079229122055636e+00 2.003038502964179319e-10
5.310492505353318293e+00 2.003289351154317947e-10
5.331905781584581838e+00 2.003289199344456438e-10
5.353319057815845383e+00 2.003289047534594671e-10
5.374732334047108928e+00 2.003071895724733265e-10
5.396145610278372473e+00 2.003071743914871498e-10
5.417558886509636018e+00 2.003338592105009798e-10
5.438972162740898675e+00 2.003338440295148031e-10
5.460385438972162220e+00 2.003338288485286522e-10
5.481798715203425765e+00 2.003415136675425002e-10
5.503211991434689310e+00 2.003414984865563235e-10
5.524625267665952855e+00 2.003465833055701698e-10
5.546038543897215511e+00 2.003465681245839931e-10
5.567451820128479056e+00 2.003291529435978533e-10
5.588865096359742601e+00 2.003291377626116765e-10
5.610278372591006146e+00 2.003291225816255257e-10
5.631691648822269691e+00 2.003118074006393401e-10
5.653104925053533236e+00 2.003117922196531893e-10
5.674518201284795893e+00 2.003243770386670482e-10
5.695931477516059438e+00 2.003243618576808715e-10
5.717344753747322983e+00 2.003243466766947207e-10
5.738758029978586528e+00 2.002965314957085484e-10
5.760171306209850073e+00 2.002965163147223976e-10
5.781584582441112730e+00 2.003228011337362035e-10
5.802997858672376275e+00 2.003227859527500526e-10
5.824411134903639820e+00 2.003176707717639045e-10
5.845824411134903364e+00 2.003176555907777278e-10
5.867237687366166909e+00 2.003176404097915769e-10
5.888650963597430454e+00 2.003142252288054021e-10
5.910064239828693111e+00 2.003142100478192512e-10
5.931477516059956656e+00 2.003345948668330892e-10
5.952890792291220201e+00 2.003345796858469383e-10
5.974304068522483746e+00 2.003345645048607616e-10
5.995717344753747291e+00 2.003033493238745912e-10
6.017130620985009948e+00 2.003033341428884404e-10
6.038543897216273493e+00 2.002901189619022693e-10
6.059957173447537038e+00 2.002901037809161184e-10
6.081370449678800583e+00 2.002900885999299417e-10
6.102783725910064128e+00 2.003094734189437970e-10
6.124197002141326784e+00 2.003094582379576203e-10
6.145610278372590329e+00 2.002949430569714743e-10
6.167023554603853874e+00 2.002949278759853234e-10
6.188436830835117419e+00 2.003042126949991386e-10
6.209850107066380964e+00 2.003041975140129877e-10
6.231263383297644509e+00 2.003041823330268110e-10
6.252676659528907166e+00 2.003114671520406607e-10
6.274089935760170711e+00 2.003114519710544840e-10
6.295503211991434256e+00 2.003127367900683339e-10
6.316916488222697801e+00 2.003127216090821831e-10
6.338329764453961346e+00 2.003156064280960002e-10
6.359743040685224003e+00 2.003155912471098493e-10
6.381156316916487548e+00 2.003155760661236726e-10
6.402569593147751092e+00 2.003350608851375339e-10
6.423982869379014637e+00 2.003350457041513572e-10
6.445396145610278182e+00 2.002962305231651940e-10
6.466809421841541727e+00 2.002962153421790173e-10
6.488222698072804384e+00 2.002962001611928664e-10
6.509635974304067929e+00 2.002930849802067355e-10
6.531049250535331474e+00 2.002930697992205588e-10
6.552462526766595019e+00 2.003191546182344043e-10
6.573875802997858564e+00 2.003191394372482276e-10
6.595289079229121221e+00 2.003191242562620767e-10
6.616702355460384766e+00 2.003191090752759000e-10
6.638115631691648311e+00 2.003012938942897360e-10
6.659528907922911856e+00 2.003012787133035851e-10
6.680942184154175401e+00 2.003219635323174154e-10
6.702355460385438946e+00 2.003219483513312645e-10
6.723768736616701602e+00 2.003219331703450878e-10
6.745182012847965147e+00 2.003148179893589226e-10
6.766595289079228692e+00 2.003148028083727458e-10
6.788008565310492237e+00 2.003110876273866046e-10
6.809421841541755782e+00 2.003110724464004537e-10
6.830835117773018439e+00 2.003354572654142743e-10
6.852248394004281984e+00 2.003354420844281235e-10
6.873661670235545529e+00 2.003354269034419468e-10
6.895074946466809074e+00 2.003058117224557953e-10
6.916488222698072619e+00 2.003057965414696186e-10
6.937901498929336164e+00 2.002959813604834715e-10
6.959314775160598820e+00 2.002959661794972948e-10
6.980728051391862365e+00 2.002959509985111439e-10
7.002141327623125910e+00 2.002999358175250015e-10
7.023554603854389455e+00 2.002999206365388248e-10
7.044967880085653000e+00 2.003039054555526565e-10
7.066381156316915657e+00 2.003038902745664798e-10
7.087794432548179202e+00 2.003063750935803504e-10
7.109207708779442747e+00 2.003063599125941737e-10
7.130620985010706292e+00 2.003063447316080228e-10
7.152034261241969837e+00 2.003274295506218513e-10
7.173447537473232494e+00 2.003274143696356746e-10
7.194860813704496039e+00 2.003311991886495460e-10
7.216274089935759584e+00 2.003311840076633693e-10
7.237687366167023129e+00 2.003036688266772151e-10
7.259100642398286674e+00 2.003036536456910384e-10
7.280513918629550218e+00 2.003227384647048756e-10
7.301927194860812875e+00 2.003227232837186989e-10
7.323340471092076420e+00 2.003227081027325480e-10
7.344753747323339965e+00 2.003080929217463960e-10
7.366167023554603510e+00 2.003080777407602193e-10
7.387580299785867055e+00 2.002884625597740760e-10
7.408993576017129712e+00 2.002884473787878993e-10
7.430406852248393257e+00 2.002884321978017484e-10
7.451820128479656802e+00 2.003296170168155736e-10
7.473233404710920347e+00 2.003296018358294227e-10
7.494646680942183892e+00 2.003193866548432774e-10
7.516059957173447437e+00 2.003193714738571007e-10
7.537473233404710093e+00 2.003193562928709498e-10
7.558886509635973638e+00 2.003333411118847639e-10
7.580299785867237183e+00 2.003333259308986131e-10
7.601713062098500728e+00 2.003283107499124452e-10
7.623126338329764273e+00 2.003282955689262943e-10
7.644539614561026930e+00 2.003463803879401229e-10
7.665952890792290475e+00 2.003463652069539462e-10
7.687366167023554020e+00 2.003463500259677953e-10
7.708779443254817565e+00 2.003137348449816181e-10
7.730192719486081110e+00 2.003137196639954672e-10
7.751605995717344655e+00 2.003047044830092909e-10
7.773019271948607312e+00 2.003046893020231400e-10
7.794432548179870857e+00 2.003272741210369814e-10
7.815845824411134402e+00 2.003272589400508305e-10
7.837259100642397947e+00 2.002901437590646664e-10
7.858672376873661491e+00 2.002901285780784897e-10
7.880085653104924148e+00 2.002901133970923388e-10
7.901498929336187693e+00 2.003226982161061626e-10
7.922912205567451238e+00 2.003226830351200117e-10
7.944325481798714783e+00 2.003255678541338288e-10
7.965738758029978328e+00 2.003255526731476780e-10
7.987152034261241873e+00 2.003132374921615353e-10
8.008565310492505418e+00 2.003132223111753586e-10
8.029978586723768075e+00 2.003132071301892077e-10
8.051391862955030732e+00 2.003197919492030411e-10
8.072805139186295165e+00 2.003197767682168902e-10
8.094218415417557821e+00 2.003116615872307164e-10
8.115631691648822255e+00 2.003116464062445655e-10
8.137044967880084911e+00 2.002955312252584006e-10
8.158458244111349345e+00 2.002955160442722239e-10
8.179871520342612001e+00 2.002894008632860672e-10
8.201284796573874658e+00 2.002893856822998905e-10
8.222698072805139091e+00 2.002893705013137396e-10
8.244111349036401748e+00 2.003149553203275809e-10
8.265524625267666181e+00 2.003149401393414300e-10
8.286937901498928838e+00 2.002984249583552410e-10
8.308351177730191495e+00 2.002984097773690901e-10
8.329764453961455928e+00 2.002983945963829393e-10
8.351177730192718585e+00 2.003201794153967583e-10
8.372591006423983018e+00 2.003201642344106074e-10
8.394004282655245675e+00 2.003201490534244307e-10
8.415417558886508331e+00 2.003224338724382892e-10
8.436830835117772764e+00 2.003224186914521125e-10
8.458244111349035421e+00 2.003025035104659512e-10
8.479657387580299854e+00 2.003024883294798003e-10
8.501070663811562511e+00 2.003324731484936224e-10
8.522483940042825168e+00 2.003324579675074716e-10
8.543897216274089601e+00 2.003324427865212948e-10
8.565310492505352258e+00 2.002977276055351461e-10
8.586723768736616691e+00 2.002977124245489694e-10
8.608137044967879348e+00 2.002850972435628345e-10
8.629550321199143781e+00 2.002850820625766578e-10
8.650963597430406438e+00 2.002850668815905069e-10
8.672376873661669094e+00 2.003178517006043428e-10
8.693790149892933528e+00 2.003178365196181661e-10
8.715203426124196184e+00 2.003022213386320313e-10
8.736616702355460617e+00 2.003022061576458546e-10
8.758029978586723274e+00 2.003021909766597037e-10
8.779443254817985931e+00 2.003282757956735234e-10
8.800856531049250364e+00 2.003282606146873725e-10
8.822269807280513021e+00 2.003349454337012119e-10
8.843683083511777454e+00 2.003349302527150352e-10
8.865096359743040111e+00 2.003277150717288898e-10
8.886509635974302768e+00 2.003276998907427131e-10
8.907922912205567201e+00 2.003276847097565622e-10
8.929336188436829858e+00 2.003082695287703793e-10
8.950749464668094291e+00 2.003082543477842284e-10
8.972162740899356947e+00 2.002985391667980874e-10
8.993576017130619604e+00 2.002985239858119107e-10
9.014989293361884037e+00 2.003146088048257480e-10
9.036402569593146694e+00 2.003145936238395713e-10
9.057815845824411127e+00 2.002929784428534367e-10
9.079229122055673784e+00 2.002929632618672600e-10
9.100642398286936441e+00 2.002929480808811092e-10
9.122055674518200874e+00 2.003172328998949238e-10
9.143468950749463531e+00 2.003172177189087729e-10
9.164882226980727964e+00 2.003115025379226145e-10
9.186295503211990621e+00 2.003114873569364378e-10
9.207708779443255054e+00 2.003077721759502965e-10
9.229122055674517711e+00 2.003077569949641198e-10
9.250535331905780367e+00 2.003346418139779619e-10
9.271948608137044801e+00 2.003346266329917851e-10
9.293361884368307457e+00 2.003346114520056343e-10
9.314775160599571890e+00 2.002999962710194916e-10
9.336188436830834547e+00 2.002999810900333149e-10
9.357601713062097204e+00 2.002878659090471584e-10
9.379014989293361637e+00 2.002878507280609817e-10
9.400428265524624294e+00 2.003002355470748287e-10
9.421841541755888727e+00 2.003002203660886519e-10
9.443254817987151384e+00 2.003002051851025011e-10
9.464668094218414041e+00 2.003043900041163190e-10
9.486081370449678474e+00 2.003043748231301681e-10
9.507494646680941131e+00 2.003086596421440180e-10
9.528907922912205564e+00 2.003086444611578412e-10
9.550321199143468220e+00 2.003223292801716890e-10
9.571734475374730877e+00 2.003223140991855123e-10
9.593147751605995310e+00 2.003222989181993614e-10
9.614561027837257967e+00 2.003239837372131838e-10
9.635974304068522400e+00 2.003239685562270329e-10
9.657387580299785057e+00 2.003063533752408810e-10
9.678800856531049490e+00 2.003063381942547042e-10
9.700214132762312147e+00 2.003308230132685567e-10
9.721627408993574804e+00 2.003308078322823800e-10
9.743040685224839237e+00 2.003307926512962292e-10
9.764453961456101894e+00 2.003068774703100594e-10
9.785867237687366327e+00 2.003068622893239085e-10
9.807280513918628984e+00 2.002912471083377479e-10
9.828693790149891640e+00 2.002912319273515712e-10
9.850107066381156073e+00 2.002912167463654203e-10
9.871520342612418730e+00 2.003175015653792521e-10
9.892933618843683163e+00 2.003174863843931012e-10
9.914346895074945820e+00 2.003098712034069316e-10
9.935760171306208477e+00 2.003098560224207808e-10
9.957173447537472910e+00 2.003098408414346041e-10
9.978586723768735567e+00 2.003098256604484532e-10
1.000000000000000000e+01 2.006480104794622929e-10
1.002141327623126266e+01 2.006479952984761162e-10
1.004282655246252531e+01 2.003564801174899721e-10
1.006423982869378975e+01 2.003564649365037954e-10
1.008565310492505240e+01 2.003564497555176445e-10
1.010706638115631684e+01 2.003292345745314567e-10
1.012847965738757949e+01 2.003292193935453059e-10
1.014989293361884215e+01 2.003294042125591671e-10
1.017130620985010658e+01 2.003293890315729903e-10
1.019271948608136924e+01 2.003253738505868310e-10
1.021413276231263367e+01 2.003253586696006543e-10
1.023554603854389633e+01 2.003253434886145034e-10
1.025695931477516076e+01 2.003240283076283259e-10
1.027837259100642342e+01 2.003240131266421750e-10
1.029978586723768608e+01 2.003293979456560394e-10
1.032119914346895051e+01 2.003293827646698627e-10
1.034261241970021317e+01 2.003293675836837118e-10
1.036402569593147760e+01 2.003385524026975210e-10
1.038543897216274026e+01 2.003385372217113701e-10
1.040685224839400291e+01 2.003422220407251838e-10
1.042826552462526735e+01 2.003422068597390329e-10
1.044967880085653000e+01 2.003383916787528598e-10
1.047109207708779444e+01 2.003383764977667089e-10
1.049250535331905709e+01 2.003383613167805580e-10
1.051391862955031975e+01 2.003535461357943928e-10
1.053533190578158418e+01 2.003535309548082419e-10
1.055674518201284684e+01 2.003243157738220629e-10
1.057815845824411127e+01 2.003243005928359120e-10
1.059957173447537393e+01 2.003269854118497429e-10
1.062098501070663659e+01 2.003269702308635921e-10
1.064239828693790102e+01 2.003461550498774353e-10
1.066381156316916368e+01 2.003461398688912586e-10
1.068522483940042811e+01 2.003461246879051077e-10
1.070663811563169077e+01 2.003070095069189264e-10
1.072805139186295520e+01 2.003069943259327756e-10
1.074946466809421786e+01 2.003522791449465894e-10
1.077087794432548051e+01 2.003522639639604385e-10
1.079229122055674495e+01 2.003416487829742691e-10
1.081370449678800760e+01 2.003416336019881182e-10
1.083511777301927204e+01 2.003558184210019702e-10
1.085653104925053469e+01 2.003558032400157935e-10
1.087794432548179735e+01 2.003557880590296427e-10
1.089935760171306178e+01 2.003491728780434558e-10
1.092077087794432444e+01 2.003491576970573050e-10
1.094218415417558887e+01 2.003360425160711399e-10
1.096359743040685153e+01 2.003360273350849891e-10
1.098501070663811419e+01 2.003285121540988514e-10
1.100642398286937862e+01 2.003284969731126747e-10
1.102783725910064128e+01 2.003284817921265238e-10
1.104925053533190571e+01 2.003033666111403334e-10
1.107066381156316837e+01 2.003033514301541825e-10
1.109207708779443102e+01 2.003320362491680039e-10
1.111349036402569546e+01 2.003320210681818530e-10
1.113490364025695811e+01 2.003320058871957021e-10
1.115631691648822255e+01 2.003164907062095217e-10
1.117773019271948520e+01 2.003164755252233708e-10
1.119914346895074786e+01 2.003314603442371935e-10
1.122055674518201229e+01 2.003314451632510427e-10
1.124197002141327495e+01 2.003314299822648659e-10
1.126338329764453938e+01 2.003413148012787173e-10
1.128479657387580204e+01 2.003412996202925406e-10
1.130620985010706647e+01 2.003113844393063968e-10
1.132762312633832913e+01 2.003113692583202460e-10
1.134903640256959179e+01 2.003177540773340673e-10
1.137044967880085622e+01 2.003177388963479164e-10
1.139186295503211888e+01 2.003177237153617397e-10
1.141327623126338331e+01 2.003207085343755887e-10
1.143468950749464597e+01 2.003206933533894120e-10
1.145610278372590862e+01 2.003085781724032555e-10
1.147751605995717306e+01 2.003085629914171047e-10
1.149892933618843571e+01 2.003134478104309390e-10
1.152034261241970015e+01 2.003134326294447881e-10
1.154175588865096280e+01 2.003134174484586114e-10
1.156316916488222546e+01 2.003258022674724583e-10
1.158458244111348989e+01 2.003257870864862816e-10
1.160599571734475255e+01 2.003225719055001188e-10
1.162740899357601698e+01 2.003225567245139679e-10
1.164882226980727964e+01 2.003225415435277912e-10
1.167023554603854230e+01 2.003253263625416540e-10
1.169164882226980673e+01 2.003253111815554773e-10
1.171306209850106939e+01 2.003583960005693312e-10
1.173447537473233382e+01 2.003583808195831545e-10
1.175588865096359648e+01 2.003583656385970036e-10
1.177730192719486091e+01 2.003583504576108269e-10
1.179871520342612357e+01 2.003167352766246759e-10
1.182012847965738622e+01 2.003167200956385250e-10
1.184154175588865066e+01 2.003282049146523435e-10
1.186295503211991331e+01 2.003281897336661927e-10
1.188436830835117775e+01 2.003281745526800159e-10
1.190578158458244040e+01 2.003334593716938485e-10
1.192719486081370306e+01 2.003334441907076718e-10
1.194860813704496749e+01 2.002981290097215386e-10
1.197002141327623015e+01 2.002981138287353877e-10
1.199143468950749458e+01 2.003382986477492043e-10
1.201284796573875724e+01 2.003382834667630534e-10
1.203426124197001990e+01 2.003382682857768767e-10
1.205567451820128433e+01 2.003349531047907337e-10
1.207708779443254699e+01 2.003349379238045570e-10
1.209850107066381142e+01 2.003271227428184013e-10
1.211991434689507408e+01 2.003271075618322246e-10
1.214132762312633673e+01 2.003270923808460737e-10
1.216274089935760117e+01 2.003459771998599247e-10
1.218415417558886382e+01 2.003459620188737480e-10
1.220556745182012826e+01 2.003132468378875906e-10
1.222698072805139091e+01 2.003132316569014139e-10
1.224839400428265357e+01 2.003129164759152707e-10
1.226980728051391800e+01 2.003129012949290940e-10
1.229122055674518066e+01 2.003128861139429432e-10
1.231263383297644509e+01 2.003190709329567783e-10
1.233404710920770775e+01 2.003190557519706015e-10
1.235546038543897218e+01 2.003239405709844617e-10
1.237687366167023484e+01 2.003239253899982850e-10
1.239828693790149750e+01 2.003239102090121341e-10
1.241970021413276193e+01 2.003196950280259627e-10
1.244111349036402459e+01 2.003196798470398118e-10
1.246252676659528902e+01 2.003379646660536525e-10
1.248394004282655168e+01 2.003379494850674758e-10
1.250535331905781433e+01 2.003589343040813241e-10
1.252676659528907877e+01 2.003589191230951474e-10
1.254817987152034142e+01 2.003589039421089965e-10
1.256959314775160585e+01 2.003187887611228325e-10
1.259100642398286851e+01 2.003187735801366817e-10
1.261241970021413117e+01 2.003359583991504819e-10
1.263383297644539560e+01 2.003359432181643310e-10
1.265524625267665826e+01 2.003359280371781801e-10
1.267665952890792269e+01 2.003333128561920277e-10
1.269807280513918535e+01 2.003332976752058768e-10
1.271948608137044801e+01 2.003035824942196934e-10
1.274089935760171244e+01 2.003035673132335426e-10
1.276231263383297510e+01 2.003531521322473571e-10
1.278372591006423953e+01 2.003531369512612062e-10
1.280513918629550218e+01 2.003531217702750553e-10
1.282655246252676662e+01 2.003316065892888751e-10
1.284796573875802927e+01 2.003315914083027242e-10
1.286937901498929193e+01 2.003525762273165467e-10
1.289079229122055636e+01 2.003525610463303959e-10
1.291220556745181902e+01 2.003525458653442191e-10
1.293361884368308345e+01 2.003424306843580798e-10
1.295503211991434611e+01 2.003424155033719290e-10
1.297644539614560877e+01 2.003423003223857462e-10
1.299785867237687320e+01 2.003422851413995954e-10
1.301927194860813586e+01 2.003422699604134186e-10
1.304068522483940029e+01 2.003344547794272629e-10
1.306209850107066295e+01 2.003344395984410862e-10
1.308351177730192560e+01 2.003199244174549402e-10
1.310492505353319004e+01 2.003199092364687634e-10
1.312633832976445269e+01 2.003313940554826078e-10
1.314775160599571713e+01 2.003313788744964570e-10
1.316916488222697978e+01 2.003313636935102802e-10
1.319057815845824244e+01 2.003127485125241456e-10
1.321199143468950687e+01 2.003127333315379689e-10
1.323340471092076953e+01 2.003440181505518177e-10
1.325481798715203396e+01 2.003440029695656409e-10
1.327623126338329662e+01 2.003439877885794901e-10
1.329764453961455928e+01 2.003335726075933327e-10
1.331905781584582371e+01 2.003335574266071560e-10
1.334047109207708637e+01 2.003366422456210110e-10
1.336188436830835080e+01 2.003366270646348343e-10
1.338329764453961346e+01 2.003264118836486631e-10
1.340471092077087789e+01 2.003263967026624864e-10
1.342612419700214055e+01 2.003263815216763355e-10
1.344753747323340320e+01 2.003317663406901741e-10
1.346895074946466764e+01 2.003317511597040233e-10
1.349036402569593029e+01 2.003171359787178712e-10
1.351177730192719473e+01 2.003171207977316945e-10
1.353319057815845738e+01 2.003171056167455436e-10
1.355460385438972004e+01 2.003086904357593517e-10
1.357601713062098447e+01 2.003086752547732008e-10
1.359743040685224713e+01 2.003086600737870241e-10
1.361884368308351156e+01 2.003328448928008844e-10
1.364025695931477422e+01 2.003328297118147335e-10
1.366167023554603688e+01 2.003328145308285568e-10
1.368308351177730131e+01 2.003415993498424194e-10
1.370449678800856397e+01 2.003415841688562427e-10
1.372591006423982840e+01 2.003460689878700787e-10
1.374732334047109106e+01 2.003460538068839020e-10
1.376873661670235371e+01 2.003460386258977511e-10
1.379014989293361815e+01 2.003387234449115997e-10
1.381156316916488080e+01 2.003387082639254229e-10
1.383297644539614524e+01 2.003269930829392648e-10
1.385438972162740789e+01 2.003269779019530880e-10
1.387580299785867233e+01 2.003431627209669572e-10
1.389721627408993498e+01 2.003431475399807805e-10
1.391862955032119764e+01 2.003277323589946061e-10
1.394004282655246207e+01 2.003277171780084294e-10
1.396145610278372473e+01 2.003277019970222785e-10
1.398286937901498916e+01 2.003048868160361492e-10
1.400428265524625182e+01 2.003048716350499725e-10
1.402569593147751448e+01 2.003528564540638198e-10
1.404710920770877891e+01 2.003528412730776430e-10
1.406852248394004157e+01 2.003307260920914784e-10
1.408993576017130600e+01 2.003307109111053016e-10
1.411134903640256866e+01 2.003306957301191508e-10
1.413276231263383131e+01 2.003514805491330129e-10
1.415417558886509575e+01 2.003514653681468362e-10
1.417558886509635840e+01 2.003554501871606679e-10
1.419700214132762284e+01 2.003554350061744912e-10
1.421841541755888549e+01 2.003054198251883508e-10
1.423982869379014815e+01 2.003054046442021741e-10
1.426124197002141258e+01 2.003211894632160192e-10
1.428265524625267524e+01 2.003211742822298683e-10
1.430406852248393967e+01 2.003211591012436916e-10
1.432548179871520233e+01 2.003238439202575484e-10
1.434689507494646499e+01 2.003238287392713717e-10
1.436830835117772942e+01 2.003238135582852208e-10
1.438972162740899208e+01 2.003237983772990441e-10
1.441113490364025651e+01 2.003223831963128864e-10
1.443254817987151917e+01 2.003223680153267097e-10
1.445396145610278360e+01 2.003223528343405588e-10
1.447537473233404626e+01 2.003395376533544107e-10
1.449678800856530891e+01 2.003395224723682340e-10
1.451820128479657335e+01 2.003456072913820889e-10
1.453961456102783600e+01 2.003455921103959122e-10
1.456102783725910044e+01 2.003234769294097475e-10
1.458244111349036309e+01 2.003234617484235708e-10
1.460385438972162575e+01 2.003234465674374199e-10
1.462526766595289018e+01 2.003528313864512834e-10
1.464668094218415284e+01 2.003528162054651067e-10
1.466809421841541727e+01 2.003341010244789402e-10
1.468950749464667993e+01 2.003340858434927635e-10
1.471092077087794259e+01 2.003340706625066126e-10
1.473233404710920702e+01 2.003102554815204488e-10
1.475374732334046968e+01 2.003102403005342980e-10
1.477516059957173411e+01 2.003386251195481271e-10
1.479657387580299677e+01 2.003386099385619762e-10
1.481798715203425942e+01 2.003385947575758253e-10
1.483940042826552386e+01 2.003409795765896382e-10
1.486081370449678651e+01 2.003409643956034873e-10
1.488222698072805095e+01 2.003496492146173180e-10
1.490364025695931360e+01 2.003496340336311671e-10
1.492505353319057804e+01 2.003481188526449776e-10
1.494646680942184069e+01 2.003481036716588267e-10
1.496788008565310335e+01 2.003480884906726758e-10
1.498929336188436778e+01 2.003485733096865034e-10
1.501070663811563044e+01 2.003485581287003525e-10
1.503211991434689487e+01 2.003313429477141730e-10
1.505353319057815753e+01 2.003313277667280221e-10
1.507494646680942019e+01 2.003313125857418454e-10
1.509635974304068462e+01 2.003344974047557065e-10
1.511777301927194728e+01 2.003344822237695556e-10
1.513918629550321171e+01 2.003333670427833643e-10
1.516059957173447437e+01 2.003333518617972134e-10
1.518201284796573702e+01 2.003333366808110367e-10
1.520342612419700146e+01 2.003333214998248858e-10
1.522483940042826411e+01 2.003228063188387224e-10
1.524625267665952855e+01 2.003227911378525715e-10
1.526766595289079120e+01 2.003341759568663841e-10
1.528907922912205386e+01 2.003341607758802332e-10
1.531049250535331829e+01 2.003448455948940810e-10
1.533190578158458095e+01 2.003448304139079043e-10
1.535331905781584538e+01 2.003448152329217535e-10
1.537473233404710804e+01 2.003347000519355883e-10
1.539614561027837070e+01 2.003346848709494374e-10
1.541755888650963513e+01 2.003509696899632610e-10
1.543897216274089779e+01 2.003509545089771101e-10
1.546038543897216222e+01 2.003148393279909546e-10
1.548179871520342488e+01 2.003148241470047778e-10
1.550321199143468931e+01 2.003148089660186270e-10
1.552462526766595197e+01 2.003155937850324468e-10
1.554603854389721462e+01 2.003155786040462959e-10
1.556745182012847906e+01 2.003358634230601279e-10
1.558886509635974171e+01 2.003358482420739770e-10
1.561027837259100615e+01 2.003258330610878179e-10
1.563169164882226880e+01 2.003258178801016412e-10
1.565310492505353146e+01 2.003258026991154903e-10
1.567451820128479589e+01 2.003376875181293071e-10
1.569593147751605855e+01 2.003376723371431562e-10
1.571734475374732298e+01 2.003579571561569882e-10
1.573875802997858564e+01 2.003579419751708374e-10
1.576017130620984830e+01 2.003579267941846606e-10
1.578158458244111273e+01 2.003564116131985228e-10
1.580299785867237539e+01 2.003563964322123719e-10
1.582441113490363982e+01 2.003312812512261815e-10
1.584582441113490248e+01 2.003312660702400306e-10
1.586723768736616513e+01 2.003505508892538540e-10
1.588865096359742957e+01 2.003505357082677031e-10
1.591006423982869222e+01 2.003505205272815264e-10
1.593147751605995666e+01 2.003334053462953788e-10
1.595289079229121931e+01 2.003333901653092279e-10
1.597430406852248375e+01 2.003102749843230546e-10
1.599571734475374640e+01 2.003102598033369038e-10
1.601713062098501084e+01 2.003586446223507235e-10
1.603854389721627172e+01 2.003586294413645726e-10
1.605995717344753615e+01 2.003586142603783959e-10
1.608137044967880058e+01 2.003292990793922367e-10
1.610278372591006146e+01 2.003292838984060599e-10
1.612419700214132590e+01 2.003569687174199244e-10
1.614561027837259033e+01 2.003569535364337735e-10
1.616702355460385476e+01 2.003682383554475800e-10
1.618843683083511564e+01 2.003682231744614291e-10
1.620985010706638008e+01 2.003244079934752489e-10
1.623126338329764451e+01 2.003243928124890980e-10
1.625267665952890539e+01 2.003243776315029213e-10
1.627408993576016982e+01 2.003240624505167782e-10
1.629550321199143426e+01 2.003240472695306273e-10
1.631691648822269869e+01 2.003220320885444593e-10
1.633832976445395957e+01 2.003220169075583084e-10
1.635974304068522400e+01 2.003165017265721362e-10
1.638115631691648844e+01 2.003164865455859854e-10
1.640256959314774932e+01 2.003164713645998086e-10
1.642398286937901375e+01 2.003085561836136469e-10
1.644539614561027818e+01 2.003085410026274960e-10
1.646680942184153906e+01 2.003315258216413098e-10
1.648822269807280350e+01 2.003315106406551589e-10
1.650963597430406793e+01 2.003372954596689958e-10
1.653104925053533236e+01 2.003372802786828449e-10
1.655246252676659324e+01 2.003372650976966682e-10
1.657387580299785768e+01 2.003282499167105176e-10
1.659528907922912211e+01 2.003282347357243409e-10
1.661670235546038299e+01 2.003536195547381960e-10
1.663811563169164742e+01 2.003536043737520451e-10
1.665952890792291186e+01 2.003535891927658684e-10
1.668094218415417274e+01 2.003227740117796963e-10
1.670235546038543717e+01 2.003227588307935196e-10
1.672376873661670160e+01 2.003147436498073776e-10
1.674518201284796604e+01 2.003147284688212009e-10
1.676659528907922692e+01 2.003147132878350500e-10
1.678800856531049135e+01 2.003146981068488992e-10
1.680942184154175578e+01 2.003381829258627172e-10
1.683083511777301666e+01 2.003381677448765664e-10
1.685224839400428110e+01 2.003125525638903975e-10
1.687366167023554553e+01 2.003125373829042466e-10
1.689507494646680996e+01 2.003125222019180699e-10
1.691648822269807084e+01 2.003357070209319216e-10
1.693790149892933528e+01 2.003356918399457707e-10
1.695931477516059971e+01 2.003382766589595956e-10
1.698072805139186059e+01 2.003382614779734448e-10
1.700214132762312502e+01 2.003203462969872748e-10
1.702355460385438946e+01 2.003203311160011239e-10
1.704496788008565034e+01 2.003203159350149472e-10
1.706638115631691477e+01 2.003404007540287930e-10
1.708779443254817920e+01 2.003403855730426162e-10
1.710920770877944364e+01 2.003218703920564618e-10
1.713062098501070452e+01 2.003218552110703109e-10
1.715203426124196895e+01 2.003218400300841342e-10
1.717344753747323338e+01 2.003045248490979745e-10
1.719486081370449426e+01 2.003045096681117978e-10
1.721627408993575870e+01 2.003175944871256610e-10
1.723768736616702313e+01 2.003175793061394843e-10
1.725910064239828756e+01 2.003290641251533287e-10
1.728051391862954844e+01 2.003290489441671778e-10
1.730192719486081288e+01 2.003290337631810011e-10
1.732334047109207731e+01 2.003213185821948514e-10
1.734475374732333819e+01 2.003213034012086747e-10
1.736616702355460262e+01 2.003389882202225309e-10
1.738758029978586706e+01 2.003389730392363542e-10
1.740899357601712794e+01 2.003570578582501828e-10
1.743040685224839237e+01 2.003570426772640061e-10
1.745182012847965680e+01 2.003209274962778764e-10
1.747323340471092123e+01 2.003209123152917255e-10
1.749464668094218212e+01 2.003208971343055488e-10
1.751605995717344655e+01 2.003272819533193960e-10
1.753747323340471098e+01 2.003272667723332192e-10
1.755888650963597186e+01 2.003310515913470648e-10
1.758029978586723630e+01 2.003310364103608881e-10
1.760171306209850073e+01 2.003093212293747216e-10
1.762312633832976161e+01 2.003093060483885708e-10
1.764453961456102604e+01 2.003092908674023940e-10
1.766595289079229048e+01 2.003523756864162562e-10
1.768736616702355491e+01 2.003523605054300795e-10
1.770877944325481579e+01 2.003354453244439180e-10
1.773019271948608022e+01 2.003354301434577413e-10
1.775160599571734465e+01 2.003466149624715935e-10
1.777301927194860554e+01 2.003465997814854426e-10
1.779443254817986997e+01 2.003516846004992631e-10
1.781584582441113440e+01 2.003516694195131122e-10
1.783725910064239883e+01 2.003516542385269355e-10
1.785867237687365972e+01 2.003590390575407912e-10
1.788008565310492415e+01 2.003590238765546145e-10
1.790149892933618858e+01 2.003338086955684698e-10
1.792291220556744946e+01 2.003337935145822931e-10
1.794432548179871389e+01 2.003174783335961419e-10
1.796573875802997833e+01 2.003174631526099911e-10
1.798715203426123921e+01 2.003562479716238008e-10
1.800856531049250364e+01 2.003562327906376499e-10
1.802997858672376807e+01 2.003562176096514732e-10
1.805139186295503251e+01 2.003166024286653394e-10
1.807280513918629339e+01 2.003165872476791626e-10
1.809421841541755782e+01 2.003378720666930032e-10
1.811563169164882225e+01 2.003378568857068523e-10
1.813704496788008314e+01 2.003438417047206754e-10
1.815845824411134757e+01 2.003438265237345245e-10
1.817987152034261200e+01 2.003438113427483478e-10
1.820128479657387288e+01 2.003261961617621959e-10
1.822269807280513731e+01 2.003261809807760192e-10
1.824411134903640175e+01 2.003258657997898760e-10
1.826552462526766618e+01 2.003258506188037252e-10
1.828693790149892706e+01 2.003245354378175476e-10
1.830835117773019149e+01 2.003245202568313968e-10
1.832976445396145593e+01 2.003245050758452201e-10
1.835117773019271681e+01 2.003244898948590692e-10
1.837259100642398124e+01 2.003106747138728878e-10
1.839400428265524567e+01 2.003106595328867369e-10
1.841541755888651011e+01 2.003106443519005602e-10
1.843683083511777099e+01 2.003425291709144193e-10
1.845824411134903542e+01 2.003425139899282685e-10
1.847965738758029985e+01 2.003283988089420690e-10
1.850107066381156073e+01 2.003283836279559182e-10
1.852248394004282517e+01 2.003374684469697471e-10
1.854389721627408960e+01 2.003374532659835962e-10
1.856531049250535048e+01 2.003374380849974195e-10
1.858672376873661491e+01 2.003451229040112675e-10
1.860813704496787935e+01 2.003451077230251166e-10
1.862955032119914378e+01 2.003429925420389426e-10
1.865096359743040466e+01 2.003429773610527917e-10
1.867237687366166909e+01 2.003429621800666150e-10
1.869379014989293353e+01 2.003346469990804550e-10
1.871520342612419441e+01 2.003346318180942782e-10
1.873661670235545884e+01 2.003510166371081336e-10
1.875802997858672327e+01 2.003510014561219569e-10
1.877944325481798415e+01 2.003509862751358060e-10
1.880085653104924859e+01 2.003486710941496716e-10
1.882226980728051302e+01 2.003486559131634949e-10
1.884368308351177745e+01 2.003173407321773444e-10
1.886509635974303833e+01 2.003173255511911676e-10
1.888650963597430277e+01 2.003591103702050031e-10
1.890792291220556720e+01 2.003590951892188264e-10
1.892933618843682808e+01 2.003590800082326755e-10
1.895074946466809251e+01 2.003421648272465399e-10
1.897216274089935695e+01 2.003421496462603632e-10
1.899357601713062138e+01 2.003504344652741957e-10
1.901498929336188226e+01 2.003504192842880190e-10
1.903640256959314669e+01 2.003626041033018797e-10
1.905781584582441113e+01 2.003625889223157030e-10
1.907922912205567201e+01 2.003625737413295521e-10
1.910064239828693644e+01 2.003392585603433926e-10
1.912205567451820087e+01 2.003392433793572159e-10
1.914346895074946175e+01 2.003217281983710700e-10
1.916488222698072619e+01 2.003217130173848933e-10
1.918629550321199062e+01 2.003216978363987424e-10
1.920770877944325505e+01 2.003177826554125633e-10
1.922912205567451593e+01 2.003177674744264124e-10
1.925053533190578037e+01 2.003346522934402462e-10
1.927194860813704480e+01 2.003346371124540954e-10
1.929336188436830568e+01 2.003346219314679445e-10
1.931477516059957011e+01 2.003152067504817616e-10
1.933618843683083455e+01 2.003151915694956107e-10
1.935760171306209898e+01 2.003316763885094205e-10
1.937901498929335986e+01 2.003316612075232696e-10
1.940042826552462429e+01 2.003357460265371074e-10
1.942184154175588873e+01 2.003357308455509565e-10
1.944325481798714961e+01 2.003357156645648056e-10
1.946466809421841404e+01 2.003212004835786338e-10
1.948608137044967847e+01 2.003211853025924829e-10
1.950749464668093935e+01 2.003430701216062821e-10
1.952890792291220379e+01 2.003430549406201312e-10
1.955032119914346822e+01 2.003430397596339545e-10
1.957173447537473265e+01 2.003232245786478250e-10
1.959314775160599353e+01 2.003232093976616483e-10
1.961456102783725797e+01 2.003111942166754979e-10
1.963597430406852240e+01 2.003111790356893470e-10
1.965738758029978328e+01 2.003111638547031703e-10
1.967880085653104771e+01 2.003326486737169971e-10
1.970021413276231215e+01 2.003326334927308204e-10
1.972162740899357303e+01 2.003250183117446767e-10
1.974304068522483746e+01 2.003250031307585000e-10
1.976445396145610189e+01 2.003424879497723441e-10
1.978586723768736633e+01 2.003424727687861932e-10
1.980728051391862721e+01 2.003424575878000165e-10
1.982869379014989164e+01 2.003467424068138664e-10
1.985010706638115607e+01 2.003467272258276896e-10
1.987152034261241695e+01 2.003533120448415488e-10
1.989293361884368139e+01 2.003532968638553721e-10
1.991434689507494582e+01 2.003532816828692213e-10
1.993576017130621025e+01 2.003305665018830721e-10
1.995717344753747113e+01 2.003305513208968954e-10
1.997858672376873557e+01 2.003305361399107445e-10
2.000000000000000000e+01 2.003182209589245760e-10
