0.000000000000000000e+00 1.858308999999999957e-10
2.192982456140350755e-02 1.858309524479248156e-10
4.385964912280701511e-02 1.858310048958496355e-10
6.578947368421052266e-02 1.858268573437744349e-10
8.771929824561403022e-02 1.858269097916992548e-10
1.096491228070175378e-01 1.858375622396240674e-10
1.315789473684210453e-01 1.858376146875488874e-10
1.535087719298245390e-01 1.858183671354737071e-10
1.754385964912280604e-01 1.858184195833985012e-10
1.973684210526315819e-01 1.858184720313233211e-10
2.192982456140350755e-01 1.858466244792481546e-10
2.412280701754385692e-01 1.858466769271729745e-10
2.631578947368420907e-01 1.858352293750977992e-10
2.850877192982456121e-01 1.858352818230225933e-10
3.070175438596490780e-01 1.858353342709474132e-10
3.289473684210525994e-01 1.858338867188722202e-10
3.508771929824561209e-01 1.858339391667970401e-10
3.728070175438596423e-01 1.858646916147218494e-10
3.947368421052631637e-01 1.858647440626466435e-10
4.166666666666666297e-01 1.858308965105714621e-10
4.385964912280701511e-01 1.858309489584962820e-10
4.605263157894736725e-01 1.858310014064211019e-10
4.824561403508771384e-01 1.858328538543459011e-10
5.043859649122807154e-01 1.858329063022707210e-10
5.263157894736841813e-01 1.858385587501955424e-10
5.482456140350876472e-01 1.858386111981203623e-10
5.701754385964912242e-01 1.858328636460451945e-10
5.921052631578946901e-01 1.858329160939699886e-10
6.140350877192981560e-01 1.858329685418948085e-10
6.359649122807017330e-01 1.858351209898196257e-10
6.578947368421051989e-01 1.858351734377444456e-10
6.798245614035087758e-01 1.858400258856692705e-10
7.017543859649122417e-01 1.858400783335940646e-10
7.236842105263157077e-01 1.858188307815188672e-10
7.456140350877192846e-01 1.858188832294436872e-10
7.675438596491227505e-01 1.858540356773685032e-10
7.894736842105263275e-01 1.858540881252933231e-10
8.114035087719297934e-01 1.858541405732181171e-10
8.333333333333332593e-01 1.858250930211429407e-10
8.552631578947368363e-01 1.858251454690677606e-10
8.771929824561403022e-01 1.858514979169925890e-10
8.991228070175437681e-01 1.858515503649174089e-10
9.210526315789473450e-01 1.858577028128422088e-10
9.429824561403508110e-01 1.858577552607670287e-10
9.649122807017542769e-01 1.858578077086918486e-10
9.868421052631578538e-01 1.858395601566166512e-10
1.008771929824561431e+00 1.858396126045414711e-10
1.030701754385964897e+00 1.858396650524662651e-10
1.052631578947368363e+00 1.858397175003910850e-10
1.074561403508771829e+00 1.858487699483159046e-10
1.096491228070175294e+00 1.858488223962407245e-10
1.118421052631578982e+00 1.858324748441655640e-10
1.140350877192982448e+00 1.858325272920903581e-10
1.162280701754385914e+00 1.858325797400151780e-10
1.184210526315789380e+00 1.858416321879399976e-10
1.206140350877192846e+00 1.858416846358648175e-10
1.228070175438596312e+00 1.858396370837896401e-10
1.250000000000000000e+00 1.858396895317144341e-10
1.271929824561403466e+00 1.858178419796392523e-10
1.293859649122806932e+00 1.858178944275640722e-10
1.315789473684210398e+00 1.858179468754888921e-10
1.337719298245613864e+00 1.858505993234136867e-10
1.359649122807017552e+00 1.858506517713385066e-10
1.381578947368421018e+00 1.858409042192633303e-10
1.403508771929824483e+00 1.858409566671881502e-10
1.425438596491227949e+00 1.858565091151129480e-10
1.447368421052631415e+00 1.858565615630377421e-10
1.469298245614035103e+00 1.858566140109625620e-10
1.491228070175438569e+00 1.858566664588873819e-10
1.513157894736842035e+00 1.858460189068122031e-10
1.535087719298245501e+00 1.858460713547370230e-10
1.557017543859648967e+00 1.858249238026618316e-10
1.578947368421052655e+00 1.858249762505866516e-10
1.600877192982456121e+00 1.858520286985114704e-10
1.622807017543859587e+00 1.858520811464362904e-10
1.644736842105263053e+00 1.858521335943611103e-10
1.666666666666666519e+00 1.858266860422858924e-10
1.688596491228069985e+00 1.858267384902107123e-10
1.710526315789473673e+00 1.858299909381355441e-10
1.732456140350877138e+00 1.858300433860603641e-10
1.754385964912280604e+00 1.858354958339851734e-10
1.776315789473684070e+00 1.858355482819099675e-10
1.798245614035087536e+00 1.858273007298348041e-10
1.820175438596491224e+00 1.858273531777596240e-10
1.842105263157894690e+00 1.858274056256844439e-10
1.864035087719298156e+00 1.858312580736092602e-10
1.885964912280701622e+00 1.858313105215340543e-10
1.907894736842105088e+00 1.858425629694588772e-10
1.929824561403508554e+00 1.858426154173836971e-10
1.951754385964912242e+00 1.858318678653085123e-10
1.973684210526315708e+00 1.858319203132333322e-10
1.995614035087719174e+00 1.858448727611581284e-10
2.017543859649122862e+00 1.858449252090829483e-10
2.039473684210526105e+00 1.858449776570077682e-10
2.061403508771929793e+00 1.858506301049325896e-10
2.083333333333333037e+00 1.858506825528573837e-10
2.105263157894736725e+00 1.858412350007821997e-10
2.127192982456140413e+00 1.858412874487070196e-10
2.149122807017543657e+00 1.858535398966318252e-10
2.171052631578947345e+00 1.858535923445566451e-10
2.192982456140350589e+00 1.858423447924814560e-10
2.214912280701754277e+00 1.858423972404062759e-10
2.236842105263157965e+00 1.858424496883310958e-10
2.258771929824561209e+00 1.858396021362558960e-10
2.280701754385964897e+00 1.858396545841807160e-10
2.302631578947368141e+00 1.858296070321055216e-10
2.324561403508771829e+00 1.858296594800303415e-10
2.346491228070175517e+00 1.858443119279551626e-10
2.368421052631578760e+00 1.858443643758799825e-10
2.390350877192982448e+00 1.858444168238048024e-10
2.412280701754385692e+00 1.858229692717295930e-10
2.434210526315789380e+00 1.858230217196544129e-10
2.456140350877192624e+00 1.858534741675792299e-10
2.478070175438596312e+00 1.858535266155040499e-10
2.500000000000000000e+00 1.858348790634288800e-10
2.521929824561403244e+00 1.858349315113536740e-10
2.543859649122806932e+00 1.858349839592784939e-10
2.565789473684210176e+00 1.858563364072033053e-10
2.587719298245613864e+00 1.858563888551281252e-10
2.609649122807017552e+00 1.858503413030529393e-10
2.631578947368420796e+00 1.858503937509777334e-10
2.653508771929824483e+00 1.858456461989025741e-10
2.675438596491227727e+00 1.858456986468273941e-10
2.697368421052631415e+00 1.858535510947521930e-10
2.719298245614035103e+00 1.858536035426770129e-10
2.741228070175438347e+00 1.858536559906018070e-10
2.763157894736842035e+00 1.858507084385266270e-10
2.785087719298245279e+00 1.858507608864514469e-10
2.807017543859648967e+00 1.858445133343762748e-10
2.828947368421052655e+00 1.858445657823010947e-10
2.850877192982455899e+00 1.858577182302259030e-10
2.872807017543859587e+00 1.858577706781507229e-10
2.894736842105262831e+00 1.858578231260755428e-10
2.916666666666666519e+00 1.858462755740003614e-10
2.938596491228070207e+00 1.858463280219251555e-10
2.960526315789473450e+00 1.858358804698499629e-10
2.982456140350877138e+00 1.858359329177747828e-10
3.004385964912280382e+00 1.858655853656996033e-10
3.026315789473684070e+00 1.858656378136244232e-10
3.048245614035087758e+00 1.858320902615492082e-10
3.070175438596491002e+00 1.858321427094740281e-10
3.092105263157894690e+00 1.858321951573988480e-10
3.114035087719297934e+00 1.858710476053236803e-10
3.135964912280701622e+00 1.858711000532485002e-10
3.157894736842105310e+00 1.858533525011732811e-10
3.179824561403508554e+00 1.858534049490981010e-10
3.201754385964912242e+00 1.858575573970229354e-10
3.223684210526315486e+00 1.858576098449477553e-10
3.245614035087719174e+00 1.858576622928725753e-10
3.267543859649122417e+00 1.858691147407973586e-10
3.289473684210526105e+00 1.858691671887221785e-10
3.311403508771929793e+00 1.858431196366470020e-10
3.333333333333333037e+00 1.858431720845718219e-10
3.355263157894736725e+00 1.858432245324966418e-10
3.377192982456139969e+00 1.858497769804214399e-10
3.399122807017543657e+00 1.858498294283462598e-10
3.421052631578947345e+00 1.858316818762710684e-10
3.442982456140350589e+00 1.858317343241958883e-10
3.464912280701754277e+00 1.858317867721207082e-10
3.486842105263157521e+00 1.858390392200455227e-10
3.508771929824561209e+00 1.858390916679703426e-10
3.530701754385964897e+00 1.858295441158951525e-10
3.552631578947368141e+00 1.858295965638199724e-10
3.574561403508771829e+00 1.858484490117447882e-10
3.596491228070175072e+00 1.858485014596695822e-10
3.618421052631578760e+00 1.858215539075944032e-10
3.640350877192982448e+00 1.858216063555192231e-10
3.662280701754385692e+00 1.858216588034440430e-10
3.684210526315789380e+00 1.858497112513688705e-10
3.706140350877192624e+00 1.858497636992936645e-10
3.728070175438596312e+00 1.858394161472184779e-10
3.750000000000000000e+00 1.858394685951432979e-10
3.771929824561403244e+00 1.858477210430681209e-10
3.793859649122806932e+00 1.858477734909929150e-10
3.815789473684210176e+00 1.858478259389177349e-10
3.837719298245613864e+00 1.858627783868425482e-10
3.859649122807017108e+00 1.858628308347673681e-10
3.881578947368420796e+00 1.858501832826921980e-10
3.903508771929824483e+00 1.858502357306169921e-10
3.925438596491227727e+00 1.858560881785417997e-10
3.947368421052631415e+00 1.858561406264666196e-10
3.969298245614034659e+00 1.858561930743914395e-10
3.991228070175438347e+00 1.858415455223162781e-10
4.013157894736841591e+00 1.858415979702410721e-10
4.035087719298245723e+00 1.858389504181658844e-10
4.057017543859648967e+00 1.858390028660907043e-10
4.078947368421052211e+00 1.858397553140155147e-10
4.100877192982456343e+00 1.858398077619403346e-10
4.122807017543859587e+00 1.858398602098651287e-10
4.144736842105262831e+00 1.858466126577899647e-10
4.166666666666666075e+00 1.858466651057147846e-10
4.188596491228070207e+00 1.858281175536395949e-10
4.210526315789473450e+00 1.858281700015644148e-10
4.232456140350876694e+00 1.858599224494892068e-10
4.254385964912280826e+00 1.858599748974140267e-10
4.276315789473684070e+00 1.858600273453388467e-10
4.298245614035087314e+00 1.858350797932636589e-10
4.320175438596490558e+00 1.858351322411884788e-10
4.342105263157894690e+00 1.858590846891132918e-10
4.364035087719297934e+00 1.858591371370381117e-10
4.385964912280701178e+00 1.858591895849629316e-10
4.407894736842105310e+00 1.858635420328877522e-10
4.429824561403508554e+00 1.858635944808125721e-10
4.451754385964911798e+00 1.858474469287373461e-10
4.473684210526315930e+00 1.858474993766621661e-10
4.495614035087719174e+00 1.858523518245869910e-10
4.517543859649122417e+00 1.858524042725118109e-10
4.539473684210525661e+00 1.858524567204366308e-10
4.561403508771929793e+00 1.858567091683614195e-10
4.583333333333333037e+00 1.858567616162862394e-10
4.605263157894736281e+00 1.858473140642110812e-10
4.627192982456140413e+00 1.858473665121359012e-10
4.649122807017543657e+00 1.858481189600606857e-10
4.671052631578946901e+00 1.858481714079855056e-10
4.692982456140351033e+00 1.858506238559103151e-10
4.714912280701754277e+00 1.858506763038351350e-10
4.736842105263157521e+00 1.858507287517599549e-10
4.758771929824560765e+00 1.858386811996847693e-10
4.780701754385964897e+00 1.858387336476095892e-10
4.802631578947368141e+00 1.858627860955344082e-10
4.824561403508771384e+00 1.858628385434592281e-10
4.846491228070175517e+00 1.858628909913840480e-10
4.868421052631578760e+00 1.858276434393088339e-10
4.890350877192982004e+00 1.858276958872336539e-10
4.912280701754385248e+00 1.858277483351584738e-10
4.934210526315789380e+00 1.858491007830832851e-10
4.956140350877192624e+00 1.858491532310081050e-10
4.978070175438595868e+00 1.858523056789329050e-10
5.000000000000000000e+00 1.858523581268577249e-10
5.021929824561403244e+00 1.858358105747825524e-10
5.043859649122806488e+00 1.858358630227073723e-10
5.065789473684210620e+00 1.858359154706321922e-10
5.087719298245613864e+00 1.858671679185569799e-10
5.109649122807017108e+00 1.858672203664817998e-10
5.131578947368420351e+00 1.858377728144066252e-10
5.153508771929824483e+00 1.858378252623314451e-10
5.175438596491227727e+00 1.858419777102562536e-10
5.197368421052630971e+00 1.858420301581810477e-10
5.219298245614035103e+00 1.858420826061058676e-10
5.241228070175438347e+00 1.858459350540306839e-10
5.263157894736841591e+00 1.858459875019555038e-10
5.285087719298245723e+00 1.858411399498803386e-10
5.307017543859648967e+00 1.858411923978051326e-10
5.328947368421052211e+00 1.858378448457299544e-10
5.350877192982455455e+00 1.858378972936547743e-10
5.372807017543859587e+00 1.858531497415795799e-10
5.394736842105262831e+00 1.858532021895043739e-10
5.416666666666666075e+00 1.858532546374291939e-10
5.438596491228070207e+00 1.858371070853540196e-10
5.460526315789473450e+00 1.858371595332788395e-10
5.482456140350876694e+00 1.858536119812036657e-10
5.504385964912280826e+00 1.858536644291284597e-10
5.526315789473684070e+00 1.858460168770532808e-10
5.548245614035087314e+00 1.858460693249781007e-10
5.570175438596490558e+00 1.858461217729029206e-10
5.592105263157894690e+00 1.858551742208277402e-10
5.614035087719297934e+00 1.858552266687525342e-10
5.635964912280701178e+00 1.858616791166773522e-10
5.657894736842105310e+00 1.858617315646021721e-10
5.679824561403508554e+00 1.858394840125269920e-10
5.701754385964911798e+00 1.858395364604518119e-10
5.723684210526315042e+00 1.858395889083766060e-10
5.745614035087719174e+00 1.858438413563014206e-10
5.767543859649122417e+00 1.858438938042262405e-10
5.789473684210525661e+00 1.858457462521510655e-10
5.811403508771929793e+00 1.858457987000758854e-10
5.833333333333333037e+00 1.858474511480006725e-10
5.855263157894736281e+00 1.858475035959254924e-10
5.877192982456140413e+00 1.858340560438503258e-10
5.899122807017543657e+00 1.858341084917751457e-10
5.921052631578946901e+00 1.858578609396999466e-10
5.942982456140350145e+00 1.858579133876247407e-10
5.964912280701754277e+00 1.858579658355495606e-10
5.986842105263157521e+00 1.858352182834743762e-10
6.008771929824560765e+00 1.858352707313991961e-10
6.030701754385964897e+00 1.858669231793240338e-10
6.052631578947368141e+00 1.858669756272488278e-10
6.074561403508771384e+00 1.858670280751736478e-10
6.096491228070175517e+00 1.858576805230984697e-10
6.118421052631578760e+00 1.858577329710232897e-10
6.140350877192982004e+00 1.858572854189481053e-10
6.162280701754385248e+00 1.858573378668728993e-10
6.184210526315789380e+00 1.858676903147977197e-10
6.206140350877192624e+00 1.858677427627225396e-10
6.228070175438595868e+00 1.858567952106473686e-10
6.250000000000000000e+00 1.858568476585721627e-10
6.271929824561403244e+00 1.858530001064969801e-10
6.293859649122806488e+00 1.858530525544218000e-10
6.315789473684210620e+00 1.858531050023466200e-10
6.337719298245613864e+00 1.858508574502714305e-10
6.359649122807017108e+00 1.858509098981962245e-10
6.381578947368420351e+00 1.858552623461210452e-10
6.403508771929824483e+00 1.858553147940458651e-10
6.425438596491227727e+00 1.858392672419706709e-10
6.447368421052630971e+00 1.858393196898954909e-10
6.469298245614035103e+00 1.858393721378202849e-10
6.491228070175438347e+00 1.858612245857451264e-10
6.513157894736841591e+00 1.858612770336699463e-10
6.535087719298244835e+00 1.858460294815947487e-10
6.557017543859648967e+00 1.858460819295195686e-10
6.578947368421052211e+00 1.858461343774443627e-10
6.600877192982455455e+00 1.858702868253691877e-10
6.622807017543859587e+00 1.858703392732940076e-10
6.644736842105262831e+00 1.858462917212188224e-10
6.666666666666666075e+00 1.858463441691436424e-10
6.688596491228070207e+00 1.858463966170684364e-10
6.710526315789473450e+00 1.858516490649932596e-10
6.732456140350876694e+00 1.858517015129180795e-10
6.754385964912279938e+00 1.858697539608428987e-10
6.776315789473684070e+00 1.858698064087677186e-10
6.798245614035087314e+00 1.858698588566925127e-10
6.820175438596490558e+00 1.858502113046173342e-10
6.842105263157894690e+00 1.858502637525421541e-10
6.864035087719297934e+00 1.858540162004669903e-10
6.885964912280701178e+00 1.858540686483918102e-10
6.907894736842105310e+00 1.858402210963165936e-10
6.929824561403508554e+00 1.858402735442414135e-10
6.951754385964911798e+00 1.858403259921662334e-10
6.973684210526315042e+00 1.858388784400910405e-10
6.995614035087719174e+00 1.858389308880158604e-10
7.017543859649122417e+00 1.858453833359406783e-10
7.039473684210525661e+00 1.858454357838654982e-10
7.061403508771929793e+00 1.858484882317903180e-10
7.083333333333333037e+00 1.858485406797151379e-10
7.105263157894736281e+00 1.858334931276399265e-10
7.127192982456139525e+00 1.858335455755647465e-10
7.149122807017543657e+00 1.858335980234895664e-10
7.171052631578946901e+00 1.858565504714143708e-10
7.192982456140350145e+00 1.858566029193391907e-10
7.214912280701754277e+00 1.858533553672639926e-10
7.236842105263157521e+00 1.858534078151888125e-10
7.258771929824560765e+00 1.858549602631136453e-10
7.280701754385964897e+00 1.858550127110384652e-10
7.302631578947368141e+00 1.858798651589632808e-10
7.324561403508771384e+00 1.858799176068880748e-10
7.346491228070174628e+00 1.858482700548128968e-10
7.368421052631578760e+00 1.858483225027377167e-10
7.390350877192982004e+00 1.858483749506625366e-10
7.412280701754385248e+00 1.858579273985873346e-10
7.434210526315789380e+00 1.858579798465121287e-10
7.456140350877192624e+00 1.858521322944369549e-10
7.478070175438595868e+00 1.858521847423617748e-10
7.500000000000000000e+00 1.858463371902866010e-10
7.521929824561403244e+00 1.858463896382114209e-10
7.543859649122806488e+00 1.858543420861362258e-10
7.565789473684209732e+00 1.858543945340610457e-10
7.587719298245613864e+00 1.858544469819858657e-10
7.609649122807017108e+00 1.858595994299106828e-10
7.631578947368420351e+00 1.858596518778355027e-10
7.653508771929824483e+00 1.858397043257602803e-10
7.675438596491227727e+00 1.858397567736851002e-10
7.697368421052630971e+00 1.858398092216099201e-10
7.719298245614034215e+00 1.858699616695347449e-10
7.741228070175438347e+00 1.858700141174595648e-10
7.763157894736841591e+00 1.858479665653843709e-10
7.785087719298244835e+00 1.858480190133091909e-10
7.807017543859648967e+00 1.858545714612340148e-10
7.828947368421052211e+00 1.858546239091588347e-10
7.850877192982455455e+00 1.858798763570836227e-10
7.872807017543859587e+00 1.858799288050084426e-10
7.894736842105262831e+00 1.858799812529332625e-10
7.916666666666666075e+00 1.858547337008580825e-10
7.938596491228069318e+00 1.858547861487829024e-10
7.960526315789473450e+00 1.858558385967076792e-10
7.982456140350876694e+00 1.858558910446324991e-10
8.004385964912280826e+00 1.858537434925573415e-10
8.026315789473683182e+00 1.858537959404821614e-10
8.048245614035087314e+00 1.858533483884069771e-10
8.070175438596491446e+00 1.858534008363317711e-10
8.092105263157893802e+00 1.858534532842565911e-10
8.114035087719297934e+00 1.858561057321814126e-10
8.135964912280702066e+00 1.858561581801062325e-10
8.157894736842104422e+00 1.858595106280310445e-10
8.179824561403508554e+00 1.858595630759558386e-10
8.201754385964912686e+00 1.858596155238806585e-10
8.223684210526315042e+00 1.858596679718054784e-10
8.245614035087719174e+00 1.858567204197302985e-10
8.267543859649121529e+00 1.858567728676551184e-10
8.289473684210525661e+00 1.858585253155799115e-10
8.311403508771929793e+00 1.858585777635047314e-10
8.333333333333332149e+00 1.858532302114295619e-10
8.355263157894736281e+00 1.858532826593543818e-10
8.377192982456140413e+00 1.858533351072792017e-10
8.399122807017542769e+00 1.858597875552039938e-10
8.421052631578946901e+00 1.858598400031288137e-10
8.442982456140351033e+00 1.858749924510536132e-10
8.464912280701753389e+00 1.858750448989784331e-10
8.486842105263157521e+00 1.858386973469032562e-10
8.508771929824561653e+00 1.858387497948280502e-10
8.530701754385964009e+00 1.858721022427528870e-10
8.552631578947368141e+00 1.858721546906777069e-10
8.574561403508772273e+00 1.858575071386025196e-10
8.596491228070174628e+00 1.858575595865273395e-10
8.618421052631578760e+00 1.858576120344521336e-10
8.640350877192981116e+00 1.858475644823769392e-10
8.662280701754385248e+00 1.858476169303017591e-10
8.684210526315789380e+00 1.858553693782266037e-10
8.706140350877191736e+00 1.858554218261513978e-10
8.728070175438595868e+00 1.858431742740762001e-10
8.750000000000000000e+00 1.858432267220010200e-10
8.771929824561402356e+00 1.858432791699258399e-10
8.793859649122806488e+00 1.858554316178506654e-10
8.815789473684210620e+00 1.858554840657754595e-10
8.837719298245612976e+00 1.858720365137002917e-10
8.859649122807017108e+00 1.858720889616251116e-10
8.881578947368421240e+00 1.858575414095499303e-10
8.903508771929823595e+00 1.858575938574747503e-10
8.925438596491227727e+00 1.858576463053995443e-10
8.947368421052631859e+00 1.858606987533243641e-10
8.969298245614034215e+00 1.858607512012491840e-10
8.991228070175438347e+00 1.858785036491739852e-10
9.013157894736842479e+00 1.858785560970988051e-10
9.035087719298244835e+00 1.858429085450236186e-10
9.057017543859648967e+00 1.858429609929484385e-10
9.078947368421051323e+00 1.858430134408732584e-10
9.100877192982455455e+00 1.858696658887980791e-10
9.122807017543859587e+00 1.858697183367228990e-10
9.144736842105261942e+00 1.858431707846476923e-10
9.166666666666666075e+00 1.858432232325725122e-10
9.188596491228070207e+00 1.858456756804973217e-10
9.210526315789472562e+00 1.858457281284221416e-10
9.232456140350876694e+00 1.858457805763469615e-10
9.254385964912280826e+00 1.858598330242717465e-10
9.276315789473683182e+00 1.858598854721965664e-10
9.298245614035087314e+00 1.858568379201214062e-10
9.320175438596491446e+00 1.858568903680462261e-10
9.342105263157893802e+00 1.858523428159710273e-10
9.364035087719297934e+00 1.858523952638958213e-10
9.385964912280702066e+00 1.858524477118206412e-10
9.407894736842104422e+00 1.858643001597454745e-10
9.429824561403508554e+00 1.858643526076702944e-10
9.451754385964910909e+00 1.858539050555951018e-10
9.473684210526315042e+00 1.858539575035198959e-10
9.495614035087719174e+00 1.858540099514447158e-10
9.517543859649121529e+00 1.858636623993695457e-10
9.539473684210525661e+00 1.858637148472943656e-10
9.561403508771929793e+00 1.858769672952191540e-10
9.583333333333332149e+00 1.858770197431439739e-10
9.605263157894736281e+00 1.858617721910688021e-10
9.627192982456140413e+00 1.858618246389936220e-10
9.649122807017542769e+00 1.858579770869184395e-10
9.671052631578946901e+00 1.858580295348432336e-10
9.692982456140351033e+00 1.858580819827680535e-10
9.714912280701753389e+00 1.858465344306928721e-10
9.736842105263157521e+00 1.858465868786176920e-10
9.758771929824561653e+00 1.858482393265425050e-10
9.780701754385964009e+00 1.858482917744672991e-10
9.802631578947368141e+00 1.858483442223921190e-10
9.824561403508770496e+00 1.858483966703169389e-10
9.846491228070174628e+00 1.858738491182417647e-10
9.868421052631578760e+00 1.858739015661665846e-10
9.890350877192981116e+00 1.858412540140913722e-10
9.912280701754385248e+00 1.858413064620161921e-10
9.934210526315789380e+00 1.858413589099410120e-10
9.956140350877191736e+00 1.858414113578658319e-10
9.978070175438595868e+00 1.858414638057906518e-10
1.000000000000000000e+01 1.865610162537154402e-10
1.002192982456140236e+01 1.865610687016402601e-10
1.004385964912280649e+01 1.866114211495650876e-10
1.006578947368421062e+01 1.866114735974899075e-10
1.008771929824561298e+01 1.866115260454147274e-10
1.010964912280701711e+01 1.865698784933395153e-10
1.013157894736842124e+01 1.865699309412643352e-10
1.015350877192982360e+01 1.864741833891891708e-10
1.017543859649122773e+01 1.864742358371139907e-10
1.019736842105263186e+01 1.865025882850388104e-10
1.021929824561403422e+01 1.865026407329636045e-10
1.024122807017543835e+01 1.865026931808884244e-10
1.026315789473684070e+01 1.864807456288132365e-10
1.028508771929824483e+01 1.864807980767380564e-10
1.030701754385964897e+01 1.864452505246628760e-10
1.032894736842105132e+01 1.864453029725876700e-10
1.035087719298245545e+01 1.864716554205124984e-10
1.037280701754385959e+01 1.864717078684373184e-10
1.039473684210526194e+01 1.864717603163621383e-10
1.041666666666666607e+01 1.864934127642869160e-10
1.043859649122807021e+01 1.864934652122117359e-10
1.046052631578947256e+01 1.864735176601365652e-10
1.048245614035087669e+01 1.864735701080613851e-10
1.050438596491228083e+01 1.865440225559862092e-10
1.052631578947368318e+01 1.865440750039110033e-10
1.054824561403508731e+01 1.865441274518358232e-10
1.057017543859649145e+01 1.865116798997606487e-10
1.059210526315789380e+01 1.865117323476854686e-10
1.061403508771929793e+01 1.864589847956102853e-10
1.063596491228070029e+01 1.864590372435350794e-10
1.065789473684210442e+01 1.864965896914598850e-10
1.067982456140350855e+01 1.864966421393847049e-10
1.070175438596491091e+01 1.864872945873095269e-10
1.072368421052631504e+01 1.864873470352343468e-10
1.074561403508771917e+01 1.864873994831591409e-10
1.076754385964912153e+01 1.864291519310839621e-10
1.078947368421052566e+01 1.864292043790087820e-10
1.081140350877192979e+01 1.864498568269336029e-10
1.083333333333333215e+01 1.864499092748584228e-10
1.085526315789473628e+01 1.864281617227832211e-10
1.087719298245614041e+01 1.864282141707080410e-10
1.089912280701754277e+01 1.864257666186328654e-10
1.092105263157894690e+01 1.864258190665576853e-10
1.094298245614035103e+01 1.864258715144825052e-10
1.096491228070175339e+01 1.864334239624072860e-10
1.098684210526315752e+01 1.864334764103321060e-10
1.100877192982456165e+01 1.864194288582569290e-10
1.103070175438596401e+01 1.864194813061817489e-10
1.105263157894736814e+01 1.864313337541065822e-10
1.107456140350877050e+01 1.864313862020313762e-10
1.109649122807017463e+01 1.864314386499561961e-10
1.111842105263157876e+01 1.864339910978810116e-10
1.114035087719298112e+01 1.864340435458058316e-10
1.116228070175438525e+01 1.864226959937306105e-10
1.118421052631578938e+01 1.864227484416554305e-10
1.120614035087719174e+01 1.864362008895802568e-10
1.122807017543859587e+01 1.864362533375050767e-10
1.125000000000000000e+01 1.864469057854298893e-10
1.127192982456140236e+01 1.864469582333546833e-10
1.129385964912280649e+01 1.864470106812795033e-10
1.131578947368421062e+01 1.864063631292043256e-10
1.133771929824561298e+01 1.864064155771291455e-10
1.135964912280701711e+01 1.864392680250539779e-10
1.138157894736842124e+01 1.864393204729787720e-10
1.140350877192982360e+01 1.864393729209035919e-10
1.142543859649122773e+01 1.864202253688284177e-10
1.144736842105263008e+01 1.864202778167532377e-10
1.146929824561403422e+01 1.864203302646780576e-10
1.149122807017543835e+01 1.864206827126028439e-10
1.151315789473684070e+01 1.864207351605276638e-10
1.153508771929824483e+01 1.864403876084524761e-10
1.155701754385964897e+01 1.864404400563772960e-10
1.157894736842105132e+01 1.864121925043021161e-10
1.160087719298245545e+01 1.864122449522269102e-10
1.162280701754385959e+01 1.864122974001517301e-10
1.164473684210526194e+01 1.864373498480765576e-10
1.166666666666666607e+01 1.864374022960013776e-10
1.168859649122807021e+01 1.864131547439262061e-10
1.171052631578947256e+01 1.864132071918510002e-10
1.173245614035087669e+01 1.864132596397758201e-10
1.175438596491228083e+01 1.864402120877006330e-10
1.177631578947368318e+01 1.864402645356254529e-10
1.179824561403508731e+01 1.864330169835502722e-10
1.182017543859649145e+01 1.864330694314750663e-10
1.184210526315789380e+01 1.864365218793998844e-10
1.186403508771929793e+01 1.864365743273247043e-10
1.188596491228070029e+01 1.864366267752495242e-10
1.190789473684210442e+01 1.864307792231743503e-10
1.192982456140350855e+01 1.864308316710991444e-10
1.195175438596491091e+01 1.864391841190239476e-10
1.197368421052631504e+01 1.864392365669487676e-10
1.199561403508771917e+01 1.864207890148736097e-10
1.201754385964912153e+01 1.864208414627984038e-10
1.203947368421052566e+01 1.864208939107232237e-10
1.206140350877192979e+01 1.864205463586480195e-10
1.208333333333333215e+01 1.864205988065728394e-10
1.210526315789473628e+01 1.864252512544976781e-10
1.212719298245614041e+01 1.864253037024224722e-10
1.214912280701754277e+01 1.864253561503472921e-10
1.217105263157894690e+01 1.864049085982721171e-10
1.219298245614035103e+01 1.864049610461969370e-10
1.221491228070175339e+01 1.864387134941217461e-10
1.223684210526315752e+01 1.864387659420465402e-10
1.225877192982455988e+01 1.864190183899713557e-10
1.228070175438596401e+01 1.864190708378961756e-10
1.230263157894736814e+01 1.864270232858210064e-10
1.232456140350877050e+01 1.864270757337458263e-10
1.234649122807017463e+01 1.864271281816706204e-10
1.236842105263157876e+01 1.864351806295954314e-10
1.239035087719298112e+01 1.864352330775202513e-10
1.241228070175438525e+01 1.864326855254450696e-10
1.243421052631578938e+01 1.864327379733698895e-10
1.245614035087719174e+01 1.864120904212946766e-10
1.247807017543859587e+01 1.864121428692194965e-10
1.250000000000000000e+01 1.864121953171443164e-10
1.252192982456140236e+01 1.864267477650691573e-10
1.254385964912280649e+01 1.864268002129939773e-10
1.256578947368421062e+01 1.864217526609187482e-10
1.258771929824561298e+01 1.864218051088435682e-10
1.260964912280701711e+01 1.864122575567684039e-10
1.263157894736842124e+01 1.864123100046932239e-10
1.265350877192982360e+01 1.864278624526180475e-10
1.267543859649122773e+01 1.864279149005428416e-10
1.269736842105263008e+01 1.864279673484676615e-10
1.271929824561403422e+01 1.864014197963924807e-10
1.274122807017543835e+01 1.864014722443173006e-10
1.276315789473684070e+01 1.864310246922421151e-10
1.278508771929824483e+01 1.864310771401669091e-10
1.280701754385964897e+01 1.864147295880917228e-10
1.282894736842105132e+01 1.864147820360165427e-10
1.285087719298245545e+01 1.864280344839413569e-10
1.287280701754385959e+01 1.864280869318661510e-10
1.289473684210526194e+01 1.864281393797909709e-10
1.291666666666666607e+01 1.864217918277157928e-10
1.293859649122807021e+01 1.864218442756406127e-10
1.296052631578947256e+01 1.864238967235654498e-10
1.298245614035087669e+01 1.864239491714902438e-10
1.300438596491228083e+01 1.864240016194150637e-10
1.302631578947368318e+01 1.864240540673398837e-10
1.304824561403508731e+01 1.864187065152646883e-10
1.307017543859648967e+01 1.864187589631895082e-10
1.309210526315789380e+01 1.864043114111143071e-10
1.311403508771929793e+01 1.864043638590391270e-10
1.313596491228070029e+01 1.864039163069639426e-10
1.315789473684210442e+01 1.864039687548887626e-10
1.317982456140350855e+01 1.864040212028135825e-10
1.320175438596491091e+01 1.863920736507383770e-10
1.322368421052631504e+01 1.863921260986631969e-10
1.324561403508771917e+01 1.864125785465880315e-10
1.326754385964912153e+01 1.864126309945128515e-10
1.328947368421052566e+01 1.863933834424376712e-10
1.331140350877192979e+01 1.863934358903624653e-10
1.333333333333333215e+01 1.863934883382872852e-10
1.335526315789473628e+01 1.864134407862120897e-10
1.337719298245614041e+01 1.864134932341369096e-10
1.339912280701754277e+01 1.864072456820617376e-10
1.342105263157894690e+01 1.864072981299865316e-10
1.344298245614034926e+01 1.864107505779113497e-10
1.346491228070175339e+01 1.864108030258361696e-10
1.348684210526315752e+01 1.864220554737609925e-10
1.350877192982455988e+01 1.864221079216858124e-10
1.353070175438596401e+01 1.864057603696106002e-10
1.355263157894736814e+01 1.864058128175354201e-10
1.357456140350877050e+01 1.864058652654602401e-10
1.359649122807017463e+01 1.864097177133850564e-10
1.361842105263157876e+01 1.864097701613098763e-10
1.364035087719298112e+01 1.864050226092346654e-10
1.366228070175438525e+01 1.864050750571594853e-10
1.368421052631578938e+01 1.863985275050843210e-10
1.370614035087719174e+01 1.863985799530091409e-10
1.372807017543859587e+01 1.863986324009339349e-10
1.375000000000000000e+01 1.864036848488587460e-10
1.377192982456140236e+01 1.864037372967835660e-10
1.379385964912280649e+01 1.864001897447084015e-10
1.381578947368421062e+01 1.864002421926332214e-10
1.383771929824561298e+01 1.863906946405580055e-10
1.385964912280701711e+01 1.863907470884828254e-10
1.388157894736841946e+01 1.864188995364076331e-10
1.390350877192982360e+01 1.864189519843324530e-10
1.392543859649122773e+01 1.864190044322572729e-10
1.394736842105263008e+01 1.863905568801820810e-10
1.396929824561403422e+01 1.863906093281069009e-10
1.399122807017543835e+01 1.864103617760317192e-10
1.401315789473684070e+01 1.864104142239565391e-10
1.403508771929824483e+01 1.864156666718813623e-10
1.405701754385964897e+01 1.864157191198061563e-10
1.407894736842105132e+01 1.864157715677309762e-10
1.410087719298245545e+01 1.863836240156557939e-10
1.412280701754385959e+01 1.863836764635806138e-10
1.414473684210526194e+01 1.863740289115054436e-10
1.416666666666666607e+01 1.863740813594302377e-10
1.418859649122807021e+01 1.863567338073550427e-10
1.421052631578947256e+01 1.863567862552798626e-10
1.423245614035087669e+01 1.863516387032046793e-10
1.425438596491227905e+01 1.863516911511294992e-10
1.427631578947368318e+01 1.863517435990542933e-10
1.429824561403508731e+01 1.863609960469791249e-10
1.432017543859648967e+01 1.863610484949039448e-10
1.434210526315789380e+01 1.863714009428287652e-10
1.436403508771929793e+01 1.863714533907535851e-10
1.438596491228070029e+01 1.863695058386783620e-10
1.440789473684210442e+01 1.863695582866031819e-10
1.442982456140350855e+01 1.863965107345280206e-10
1.445175438596491091e+01 1.863965631824528406e-10
1.447368421052631504e+01 1.863966156303776346e-10
1.449561403508771917e+01 1.863819680783024473e-10
1.451754385964912153e+01 1.863820205262272673e-10
1.453947368421052566e+01 1.863994729741520762e-10
1.456140350877192979e+01 1.863995254220768961e-10
1.458333333333333215e+01 1.863995778700016901e-10
1.460526315789473628e+01 1.864034303179265323e-10
1.462719298245614041e+01 1.864034827658513522e-10
1.464912280701754277e+01 1.864035352137761721e-10
1.467105263157894690e+01 1.863775876617009758e-10
1.469298245614034926e+01 1.863776401096257699e-10
1.471491228070175339e+01 1.863992925575505993e-10
1.473684210526315752e+01 1.863993450054754192e-10
1.475877192982455988e+01 1.863993974534002391e-10
1.478070175438596401e+01 1.863751499013250419e-10
1.480263157894736814e+01 1.863752023492498359e-10
1.482456140350877050e+01 1.863789547971746721e-10
1.484649122807017463e+01 1.863790072450994920e-10
1.486842105263157876e+01 1.863942596930242975e-10
1.489035087719298112e+01 1.863943121409491175e-10
1.491228070175438525e+01 1.863810645888739112e-10
1.493421052631578938e+01 1.863811170367987311e-10
1.495614035087719174e+01 1.863811694847235510e-10
1.497807017543859587e+01 1.863894219326483740e-10
1.500000000000000000e+01 1.863894743805731940e-10
1.502192982456140236e+01 1.864001268284980066e-10
1.504385964912280649e+01 1.864001792764228265e-10
1.506578947368420884e+01 1.863892317243476296e-10
1.508771929824561298e+01 1.863892841722724495e-10
1.510964912280701711e+01 1.863893366201972694e-10
1.513157894736841946e+01 1.864031890681220681e-10
1.515350877192982360e+01 1.864032415160468880e-10
1.517543859649122773e+01 1.864040939639717045e-10
1.519736842105263008e+01 1.864041464118965244e-10
1.521929824561403422e+01 1.863813988598213400e-10
1.524122807017543835e+01 1.863814513077461341e-10
1.526315789473684070e+01 1.864069037556709599e-10
1.528508771929824483e+01 1.864069562035957798e-10
1.530701754385964897e+01 1.864070086515205997e-10
1.532894736842105132e+01 1.863823610994454042e-10
1.535087719298245545e+01 1.863824135473702241e-10
1.537280701754385959e+01 1.863874659952950352e-10
1.539473684210526194e+01 1.863875184432198551e-10
1.541666666666666607e+01 1.863830708911446881e-10
1.543859649122806843e+01 1.863831233390694822e-10
1.546052631578947256e+01 1.863831757869943021e-10
1.548245614035087669e+01 1.863933282349191104e-10
1.550438596491227905e+01 1.863933806828439304e-10
1.552631578947368318e+01 1.863894331307687418e-10
1.554824561403508731e+01 1.863894855786935359e-10
1.557017543859648967e+01 1.864008380266183648e-10
1.559210526315789380e+01 1.864008904745431847e-10
1.561403508771929793e+01 1.864009429224680047e-10
1.563596491228070029e+01 1.863884953703928207e-10
1.565789473684210442e+01 1.863885478183176148e-10
1.567982456140350855e+01 1.863964002662424396e-10
1.570175438596491091e+01 1.863964527141672595e-10
1.572368421052631504e+01 1.863965051620920794e-10
1.574561403508771917e+01 1.864113576100168867e-10
1.576754385964912153e+01 1.864114100579416808e-10
1.578947368421052566e+01 1.863939625058665057e-10
1.581140350877192979e+01 1.863940149537913256e-10
1.583333333333333215e+01 1.864008674017161418e-10
1.585526315789473628e+01 1.864009198496409617e-10
1.587719298245613864e+01 1.864009722975657558e-10
1.589912280701754277e+01 1.863996247454905947e-10
1.592105263157894690e+01 1.863996771934154146e-10
1.594298245614034926e+01 1.863888296413402237e-10
1.596491228070175339e+01 1.863888820892650436e-10
1.598684210526315752e+01 1.863857345371898516e-10
1.600877192982456165e+01 1.863857869851146715e-10
1.603070175438596578e+01 1.864054394330394838e-10
1.605263157894736636e+01 1.864054918809643037e-10
1.607456140350877050e+01 1.864055443288891236e-10
1.609649122807017463e+01 1.863840967768139142e-10
1.611842105263157876e+01 1.863841492247387341e-10
1.614035087719298289e+01 1.863951016726635648e-10
1.616228070175438347e+01 1.863951541205883847e-10
1.618421052631578760e+01 1.863952065685131788e-10
1.620614035087719174e+01 1.863952590164379987e-10
1.622807017543859587e+01 1.864012114643628124e-10
1.625000000000000000e+01 1.864012639122876323e-10
1.627192982456140413e+01 1.864098163602124475e-10
1.629385964912280471e+01 1.864098688081372416e-10
1.631578947368420884e+01 1.864075212560620720e-10
1.633771929824561298e+01 1.864075737039868919e-10
1.635964912280701711e+01 1.864076261519117118e-10
1.638157894736842124e+01 1.863989785998365243e-10
1.640350877192982537e+01 1.863990310477613183e-10
1.642543859649122595e+01 1.864145834956861420e-10
1.644736842105263008e+01 1.864146359436109619e-10
1.646929824561403422e+01 1.863861883915357699e-10
1.649122807017543835e+01 1.863862408394605899e-10
1.651315789473684248e+01 1.863888932873853855e-10
1.653508771929824306e+01 1.863889457353102055e-10
1.655701754385964719e+01 1.863889981832350254e-10
1.657894736842105132e+01 1.863969506311598562e-10
1.660087719298245545e+01 1.863970030790846761e-10
1.662280701754385959e+01 1.863801555270094596e-10
1.664473684210526372e+01 1.863802079749342795e-10
1.666666666666666430e+01 1.863969604228590979e-10
1.668859649122806843e+01 1.863970128707839179e-10
1.671052631578947256e+01 1.863991653187087351e-10
1.673245614035087669e+01 1.863992177666335292e-10
1.675438596491228083e+01 1.863992702145583491e-10
1.677631578947368496e+01 1.864062226624831713e-10
1.679824561403508554e+01 1.864062751104079912e-10
1.682017543859648967e+01 1.863946275583328038e-10
1.684210526315789380e+01 1.863946800062575979e-10
1.686403508771929793e+01 1.864118324541824404e-10
1.688596491228070207e+01 1.864118849021072603e-10
1.690789473684210265e+01 1.864119373500320802e-10
1.692982456140350678e+01 1.863946897979568913e-10
1.695175438596491091e+01 1.863947422458816854e-10
1.697368421052631504e+01 1.864187946938065044e-10
1.699561403508771917e+01 1.864188471417313243e-10
1.701754385964912331e+01 1.863873995896561325e-10
1.703947368421052388e+01 1.863874520375809266e-10
1.706140350877192802e+01 1.864001044855057563e-10
1.708333333333333215e+01 1.864001569334305763e-10
1.710526315789473628e+01 1.864002093813553962e-10
1.712719298245614041e+01 1.863946618292802146e-10
1.714912280701754455e+01 1.863947142772050086e-10
1.717105263157894512e+01 1.863871667251298357e-10
1.719298245614034926e+01 1.863872191730546556e-10
1.721491228070175339e+01 1.863974716209794700e-10
1.723684210526315752e+01 1.863975240689042899e-10
1.725877192982456165e+01 1.863975765168290840e-10
1.728070175438596223e+01 1.864080289647539104e-10
1.730263157894736636e+01 1.864080814126787303e-10
1.732456140350877050e+01 1.863892338606035483e-10
1.734649122807017463e+01 1.863892863085283683e-10
1.736842105263157876e+01 1.863976387564531456e-10
1.739035087719298289e+01 1.863976912043779655e-10
1.741228070175438347e+01 1.864061436523028007e-10
1.743421052631578760e+01 1.864061961002276206e-10
1.745614035087719174e+01 1.863828485481524259e-10
1.747807017543859587e+01 1.863829009960772199e-10
1.750000000000000000e+01 1.863829534440020398e-10
1.752192982456140413e+01 1.864178058919268636e-10
1.754385964912280471e+01 1.864178583398516835e-10
1.756578947368420884e+01 1.863840107877765021e-10
1.758771929824561298e+01 1.863840632357012962e-10
1.760964912280701711e+01 1.863888156836261151e-10
1.763157894736842124e+01 1.863888681315509350e-10
1.765350877192982182e+01 1.863889205794757549e-10
1.767543859649122595e+01 1.863909730274005920e-10
1.769736842105263008e+01 1.863910254753253860e-10
1.771929824561403422e+01 1.863922779232502007e-10
1.774122807017543835e+01 1.863923303711750206e-10
1.776315789473684248e+01 1.863891828190998286e-10
1.778508771929824306e+01 1.863892352670246227e-10
1.780701754385964719e+01 1.864028877149494610e-10
1.782894736842105132e+01 1.864029401628742809e-10
1.785087719298245545e+01 1.864029926107991008e-10
1.787280701754385959e+01 1.863916450587239057e-10
1.789473684210526372e+01 1.863916975066486997e-10
1.791666666666666430e+01 1.864176499545735299e-10
1.793859649122806843e+01 1.864177024024983498e-10
1.796052631578947256e+01 1.864177548504231697e-10
1.798245614035087669e+01 1.864178072983479896e-10
1.800438596491228083e+01 1.864187597462727862e-10
1.802631578947368496e+01 1.864188121941976061e-10
1.804824561403508554e+01 1.864022646421224077e-10
1.807017543859648967e+01 1.864023170900472276e-10
1.809210526315789380e+01 1.864239695379720571e-10
1.811403508771929793e+01 1.864240219858968511e-10
1.813596491228070207e+01 1.864240744338216711e-10
1.815789473684210265e+01 1.864005268817464901e-10
1.817982456140350678e+01 1.864005793296713101e-10
1.820175438596491091e+01 1.864055317775961410e-10
1.822368421052631504e+01 1.864055842255209350e-10
1.824561403508771917e+01 1.864089366734457471e-10
1.826754385964912331e+01 1.864089891213705670e-10
1.828947368421052388e+01 1.863863415692953886e-10
1.831140350877192802e+01 1.863863940172202085e-10
1.833333333333333215e+01 1.863864464651450026e-10
1.835526315789473628e+01 1.864111989130698121e-10
1.837719298245614041e+01 1.864112513609946320e-10
1.839912280701754455e+01 1.864060038089194685e-10
1.842105263157894512e+01 1.864060562568442884e-10
1.844298245614034926e+01 1.864054087047690661e-10
1.846491228070175339e+01 1.864054611526938861e-10
1.848684210526315752e+01 1.864055136006187060e-10
1.850877192982456165e+01 1.864110660485435472e-10
1.853070175438596223e+01 1.864111184964683671e-10
1.855263157894736636e+01 1.864193709443931385e-10
1.857456140350877050e+01 1.864194233923179584e-10
1.859649122807017463e+01 1.863977758402427886e-10
1.861842105263157876e+01 1.863978282881676085e-10
1.864035087719298289e+01 1.864204807360923948e-10
1.866228070175438347e+01 1.864205331840172147e-10
1.868421052631578760e+01 1.864205856319420347e-10
1.870614035087719174e+01 1.863920380798668625e-10
1.872807017543859587e+01 1.863920905277916825e-10
1.875000000000000000e+01 1.864015429757164744e-10
1.877192982456140413e+01 1.864015954236412944e-10
1.879385964912280471e+01 1.863923478715661224e-10
1.881578947368420884e+01 1.863924003194909423e-10
1.883771929824561298e+01 1.863808527674157609e-10
1.885964912280701711e+01 1.863809052153405550e-10
1.888157894736842124e+01 1.863809576632653749e-10
1.890350877192982182e+01 1.864137101111902013e-10
1.892543859649122595e+01 1.864137625591150212e-10
1.894736842105263008e+01 1.864043150070398372e-10
1.896929824561403422e+01 1.864043674549646313e-10
1.899122807017543835e+01 1.864015199028894315e-10
1.901315789473684248e+01 1.864015723508142514e-10
1.903508771929824306e+01 1.864016247987390713e-10
1.905701754385964719e+01 1.864128772466638942e-10
1.907894736842105132e+01 1.864129296945886883e-10
1.910087719298245545e+01 1.864079821425135170e-10
1.912280701754385959e+01 1.864080345904383369e-10
1.914473684210526372e+01 1.863943870383631582e-10
1.916666666666666430e+01 1.863944394862879781e-10
1.918859649122806843e+01 1.864315919342127596e-10
1.921052631578947256e+01 1.864316443821375795e-10
1.923245614035087669e+01 1.864316968300623994e-10
1.925438596491228083e+01 1.863879492779872417e-10
1.927631578947368141e+01 1.863880017259120616e-10
1.929824561403508554e+01 1.864005541738368336e-10
1.932017543859648967e+01 1.864006066217616535e-10
1.934210526315789380e+01 1.863853590696864818e-10
1.936403508771929793e+01 1.863854115176113017e-10
1.938596491228070207e+01 1.863867639655361224e-10
1.940789473684210265e+01 1.863868164134609165e-10
1.942982456140350678e+01 1.863868688613857364e-10
1.945175438596491091e+01 1.863919213093105475e-10
1.947368421052631504e+01 1.863919737572353674e-10
1.949561403508771917e+01 1.863994262051601681e-10
1.951754385964912331e+01 1.863994786530849880e-10
1.953947368421052388e+01 1.863995311010098079e-10
1.956140350877192802e+01 1.863995835489346278e-10
1.958333333333333215e+01 1.864286359968594639e-10
1.960526315789473628e+01 1.864286884447842580e-10
1.962719298245614041e+01 1.864154408927090775e-10
1.964912280701754099e+01 1.864154933406338974e-10
1.967105263157894512e+01 1.864182457885586991e-10
1.969298245614034926e+01 1.864182982364835191e-10
1.971491228070175339e+01 1.864183506844083131e-10
1.973684210526315752e+01 1.864235031323331303e-10
1.975877192982456165e+01 1.864235555802579502e-10
1.978070175438596223e+01 1.864226080281827874e-10
1.980263157894736636e+01 1.864226604761076073e-10
1.982456140350877050e+01 1.864030129240324029e-10
1.984649122807017463e+01 1.864030653719572229e-10
1.986842105263157876e+01 1.864115178198820321e-10
1.989035087719298289e+01 1.864115702678068520e-10
1.991228070175438347e+01 1.864116227157316719e-10
1.993421052631578760e+01 1.864162751636564589e-10
1.995614035087719174e+01 1.864163276115812788e-10
1.997807017543859587e+01 1.863917800595061152e-10
