0.000000000000000000e+00 2.032075999999999994e-10
2.164502164502164414e-02 2.032042028932336364e-10
4.329004329004328827e-02 2.032042057864672975e-10
6.493506493506492894e-02 2.032007086797009285e-10
8.658008658008657654e-02 2.032007115729345895e-10
1.082251082251082241e-01 2.032007144661682247e-10
1.298701298701298579e-01 2.032008173594018659e-10
1.515151515151515194e-01 2.032008202526355269e-10
1.731601731601731531e-01 2.032026231458691672e-10
1.948051948051947868e-01 2.032026260391028024e-10
2.164502164502164483e-01 2.031968289323364499e-10
2.380952380952380820e-01 2.031968318255700850e-10
2.597402597402597157e-01 2.032019347188037433e-10
2.813852813852813495e-01 2.032019376120373785e-10
3.030303030303030387e-01 2.032019405052710137e-10
3.246753246753246724e-01 2.032090433985046891e-10
3.463203463203463062e-01 2.032090462917383243e-10
3.679653679653679399e-01 2.032001491849719917e-10
3.896103896103895736e-01 2.032001520782056268e-10
4.112554112554112629e-01 2.032067549714392463e-10
4.329004329004328966e-01 2.032067578646729073e-10
4.545454545454545303e-01 2.032067607579065425e-10
4.761904761904761640e-01 2.032040636511401700e-10
4.978354978354977978e-01 2.032040665443738310e-10
5.194805194805194315e-01 2.032009694376074862e-10
5.411255411255411207e-01 2.032009723308411472e-10
5.627705627705626990e-01 2.032024752240747694e-10
5.844155844155843882e-01 2.032024781173084046e-10
6.060606060606060774e-01 2.032030810105420759e-10
6.277056277056276556e-01 2.032030839037757111e-10
6.493506493506493449e-01 2.032030867970093721e-10
6.709956709956709231e-01 2.032043896902430081e-10
6.926406926406926123e-01 2.032043925834766433e-10
7.142857142857143016e-01 2.032015954767102907e-10
7.359307359307358798e-01 2.032015983699439259e-10
7.575757575757575690e-01 2.032016012631775610e-10
7.792207792207791472e-01 2.032034041564112272e-10
8.008658008658008365e-01 2.032034070496448624e-10
8.225108225108225257e-01 2.032034099428785234e-10
8.441558441558441039e-01 2.031997128361121682e-10
8.658008658008657932e-01 2.031997157293458034e-10
8.874458874458873714e-01 2.031997186225794644e-10
9.090909090909090606e-01 2.032075215158130786e-10
9.307359307359307499e-01 2.032075244090467396e-10
9.523809523809523281e-01 2.032017273022803871e-10
9.740259740259740173e-01 2.032017301955140223e-10
9.956709956709955955e-01 2.032045330887476712e-10
1.017316017316017174e+00 2.032045359819813063e-10
1.038961038961038863e+00 2.032045388752149415e-10
1.060606060606060552e+00 2.032062417684486275e-10
1.082251082251082241e+00 2.032062446616822627e-10
1.103896103896103931e+00 2.032032475549159238e-10
1.125541125541125398e+00 2.032032504481495590e-10
1.147186147186147087e+00 2.032032533413831942e-10
1.168831168831168776e+00 2.032055562346168387e-10
1.190476190476190466e+00 2.032055591278504739e-10
1.212121212121212155e+00 2.032065620210841435e-10
1.233766233766233622e+00 2.032065649143177787e-10
1.255411255411255311e+00 2.032039678075514123e-10
1.277056277056277001e+00 2.032039707007850733e-10
1.298701298701298690e+00 2.032049735940187171e-10
1.320346320346320379e+00 2.032049764872523523e-10
1.341991341991341846e+00 2.032049793804860133e-10
1.363636363636363535e+00 2.032044822737196442e-10
1.385281385281385225e+00 2.032044851669533052e-10
1.406926406926406914e+00 2.032002880601869457e-10
1.428571428571428603e+00 2.032002909534205809e-10
1.450216450216450070e+00 2.032002938466542419e-10
1.471861471861471760e+00 2.032002967398878771e-10
1.493506493506493449e+00 2.032002996331215382e-10
1.515151515151515138e+00 2.032058025263551688e-10
1.536796536796536827e+00 2.032058054195888040e-10
1.558441558441558294e+00 2.032058083128224650e-10
1.580086580086579984e+00 2.032013112060560875e-10
1.601731601731601673e+00 2.032013140992897226e-10
1.623376623376623362e+00 2.031965169925233787e-10
1.645021645021645051e+00 2.031965198857570139e-10
1.666666666666666519e+00 2.032026227789906807e-10
1.688311688311688208e+00 2.032026256722243159e-10
1.709956709956709897e+00 2.032026285654579511e-10
1.731601731601731586e+00 2.031980314586916192e-10
1.753246753246753276e+00 2.031980343519252544e-10
1.774891774891774743e+00 2.032005372451589110e-10
1.796536796536796432e+00 2.032005401383925462e-10
1.818181818181818121e+00 2.032011430316261917e-10
1.839826839826839810e+00 2.032011459248598527e-10
1.861471861471861500e+00 2.032011488180934879e-10
1.883116883116882967e+00 2.031999517113271024e-10
1.904761904761904656e+00 2.031999546045607635e-10
1.926406926406926345e+00 2.031987574977944039e-10
1.948051948051948035e+00 2.031987603910280649e-10
1.969696969696969724e+00 2.031987632842617001e-10
1.991341991341991191e+00 2.032080661774953530e-10
2.012987012987013102e+00 2.032080690707290140e-10
2.034632034632034348e+00 2.032007719639626486e-10
2.056277056277056037e+00 2.032007748571963097e-10
2.077922077922077726e+00 2.032077777504299273e-10
2.099567099567099415e+00 2.032077806436635625e-10
2.121212121212121104e+00 2.032077835368972236e-10
2.142857142857142794e+00 2.032025864301308555e-10
2.164502164502164483e+00 2.032025893233644907e-10
2.186147186147186172e+00 2.032041922165981706e-10
2.207792207792207861e+00 2.032041951098318058e-10
2.229437229437229551e+00 2.032051980030654495e-10
2.251082251082250796e+00 2.032052008962990847e-10
2.272727272727272485e+00 2.032052037895327199e-10
2.294372294372294174e+00 2.032011066827663923e-10
2.316017316017315864e+00 2.032011095760000275e-10
2.337662337662337553e+00 2.031989124692336852e-10
2.359307359307359242e+00 2.031989153624673203e-10
2.380952380952380931e+00 2.032043182557009450e-10
2.402597402597402620e+00 2.032043211489346060e-10
2.424242424242424310e+00 2.032043240421682412e-10
2.445887445887445999e+00 2.032043269354018764e-10
2.467532467532467244e+00 2.032037298286355529e-10
2.489177489177488933e+00 2.032037327218691881e-10
2.510822510822510623e+00 2.031985356151028459e-10
2.532467532467532312e+00 2.031985385083364811e-10
2.554112554112554001e+00 2.031985414015701163e-10
2.575757575757575690e+00 2.031968442948037782e-10
2.597402597402597380e+00 2.031968471880374134e-10
2.619047619047619069e+00 2.031992500812710640e-10
2.640692640692640758e+00 2.031992529745046992e-10
2.662337662337662447e+00 2.031992558677383344e-10
2.683982683982683692e+00 2.032004587609720160e-10
2.705627705627705382e+00 2.032004616542056512e-10
2.727272727272727071e+00 2.031991645474392856e-10
2.748917748917748760e+00 2.031991674406729466e-10
2.770562770562770449e+00 2.031991703339065818e-10
2.792207792207792139e+00 2.032033732271402375e-10
2.813852813852813828e+00 2.032033761203738727e-10
2.835497835497835517e+00 2.032006790136075002e-10
2.857142857142857206e+00 2.032006819068411613e-10
2.878787878787878451e+00 2.032032848000747981e-10
2.900432900432900141e+00 2.032032876933084333e-10
2.922077922077921830e+00 2.032032905865420943e-10
2.943722943722943519e+00 2.032051934797757406e-10
2.965367965367965208e+00 2.032051963730094016e-10
2.987012987012986898e+00 2.032059992662430333e-10
3.008658008658008587e+00 2.032060021594766685e-10
3.030303030303030276e+00 2.032060050527103295e-10
3.051948051948051965e+00 2.031986079459439581e-10
3.073593073593073655e+00 2.031986108391776192e-10
3.095238095238094900e+00 2.032043137324112619e-10
3.116883116883116589e+00 2.032043166256448971e-10
3.138528138528138278e+00 2.032080195188785485e-10
3.160173160173159967e+00 2.032080224121121837e-10
3.181818181818181657e+00 2.032080253053458188e-10
3.203463203463203346e+00 2.032029281985794826e-10
3.225108225108225035e+00 2.032029310918131178e-10
3.246753246753246724e+00 2.032035339850467892e-10
3.268398268398268414e+00 2.032035368782804244e-10
3.290043290043290103e+00 2.032040397715140380e-10
3.311688311688311348e+00 2.032040426647476990e-10
3.333333333333333037e+00 2.031995455579813473e-10
3.354978354978354727e+00 2.031995484512150083e-10
3.376623376623376416e+00 2.031995513444486435e-10
3.398268398268398105e+00 2.031952542376822780e-10
3.419913419913419794e+00 2.031952571309159390e-10
3.441558441558441483e+00 2.032014600241495602e-10
3.463203463203463173e+00 2.032014629173831954e-10
3.484848484848484862e+00 2.031970658106168755e-10
3.506493506493506551e+00 2.031970687038505107e-10
3.528138528138527796e+00 2.031970715970841717e-10
3.549783549783549486e+00 2.032019744903177921e-10
3.571428571428571175e+00 2.032019773835514273e-10
3.593073593073592864e+00 2.032026802767851046e-10
3.614718614718614553e+00 2.032026831700187398e-10
3.636363636363636243e+00 2.031955860632523865e-10
3.658008658008657932e+00 2.031955889564860217e-10
3.679653679653679621e+00 2.032034918497196678e-10
3.701298701298701310e+00 2.032034947429533288e-10
3.722943722943722999e+00 2.032034976361869640e-10
3.744588744588744245e+00 2.031968005294205830e-10
3.766233766233765934e+00 2.031968034226542441e-10
3.787878787878787623e+00 2.031947063158878819e-10
3.809523809523809312e+00 2.031947092091215429e-10
3.831168831168831002e+00 2.031977121023551780e-10
3.852813852813852691e+00 2.031977149955888132e-10
3.874458874458874380e+00 2.031977178888224742e-10
3.896103896103896069e+00 2.032012207820561136e-10
3.917748917748917759e+00 2.032012236752897746e-10
3.939393939393939448e+00 2.032002265685234012e-10
3.961038961038960693e+00 2.032002294617570364e-10
3.982683982683982382e+00 2.032045323549906981e-10
4.004329004329004071e+00 2.032045352482243333e-10
4.025974025974026205e+00 2.032045381414579685e-10
4.047619047619047450e+00 2.032005410346916469e-10
4.069264069264068695e+00 2.032005439279252821e-10
4.090909090909090828e+00 2.031984468211589458e-10
4.112554112554112073e+00 2.031984497143925810e-10
4.134199134199134207e+00 2.031984526076262162e-10
4.155844155844155452e+00 2.032068555008598665e-10
4.177489177489177585e+00 2.032068583940935017e-10
4.199134199134198830e+00 2.032071612873271550e-10
4.220779220779220964e+00 2.032071641805607902e-10
4.242424242424242209e+00 2.032071670737944254e-10
4.264069264069263454e+00 2.032071699670280864e-10
4.285714285714285587e+00 2.032026728602617347e-10
4.307359307359306833e+00 2.032026757534953698e-10
4.329004329004328966e+00 2.032029786467290231e-10
4.350649350649350211e+00 2.032029815399626583e-10
4.372294372294372344e+00 2.032029844331963193e-10
4.393939393939393590e+00 2.032016873264299537e-10
4.415584415584415723e+00 2.032016902196635889e-10
4.437229437229436968e+00 2.032021931128972542e-10
4.458874458874459101e+00 2.032021960061308894e-10
4.480519480519480346e+00 2.032006988993645634e-10
4.502164502164501592e+00 2.032007017925981986e-10
4.523809523809523725e+00 2.032007046858318338e-10
4.545454545454544970e+00 2.032045075790654912e-10
4.567099567099567103e+00 2.032045104722991264e-10
4.588744588744588349e+00 2.031967133655327567e-10
4.610389610389610482e+00 2.031967162587664177e-10
4.632034632034631727e+00 2.031967191520000529e-10
4.653679653679653860e+00 2.032029220452336999e-10
4.675324675324675106e+00 2.032029249384673351e-10
4.696969696969696351e+00 2.031996278317009782e-10
4.718614718614718484e+00 2.031996307249346392e-10
4.740259740259739729e+00 2.032017336181682717e-10
4.761904761904761862e+00 2.032017365114019328e-10
4.783549783549783108e+00 2.032017394046355679e-10
4.805194805194805241e+00 2.032065422978692081e-10
4.826839826839826486e+00 2.032065451911028691e-10
4.848484848484848619e+00 2.032113480843365093e-10
4.870129870129869865e+00 2.032113509775701445e-10
4.891774891774891998e+00 2.031995538708037922e-10
4.913419913419913243e+00 2.031995567640374274e-10
4.935064935064934488e+00 2.031995596572710884e-10
4.956709956709956622e+00 2.032022625505047312e-10
4.978354978354977867e+00 2.032022654437383664e-10
5.000000000000000000e+00 2.032058683369720377e-10
5.021645021645021245e+00 2.032058712302056728e-10
5.043290043290043378e+00 2.032058741234393339e-10
5.064935064935064624e+00 2.032022770166729588e-10
5.086580086580086757e+00 2.032022799099065940e-10
5.108225108225108002e+00 2.031999828031402457e-10
5.129870129870129247e+00 2.031999856963738809e-10
5.151515151515151381e+00 2.031999885896075160e-10
5.173160173160172626e+00 2.032024914828411985e-10
5.194805194805194759e+00 2.032024943760748337e-10
5.216450216450216004e+00 2.032082972693084824e-10
5.238095238095238138e+00 2.032083001625421176e-10
5.259740259740259383e+00 2.031975030557757481e-10
5.281385281385281516e+00 2.031975059490094091e-10
5.303030303030302761e+00 2.031975088422430443e-10
5.324675324675324894e+00 2.031991117354766983e-10
5.346320346320346140e+00 2.031991146287103335e-10
5.367965367965367385e+00 2.032019175219439824e-10
5.389610389610389518e+00 2.032019204151776434e-10
5.411255411255410763e+00 2.032019233084112786e-10
5.432900432900432897e+00 2.031946262016449132e-10
5.454545454545454142e+00 2.031946290948785742e-10
5.476190476190476275e+00 2.032079319881122098e-10
5.497835497835497520e+00 2.032079348813458708e-10
5.519480519480519654e+00 2.031954377745795022e-10
5.541125541125540899e+00 2.031954406678131373e-10
5.562770562770562144e+00 2.031954435610467984e-10
5.584415584415584277e+00 2.032041464542804410e-10
5.606060606060605522e+00 2.032041493475141020e-10
5.627705627705627656e+00 2.032026522407477243e-10
5.649350649350648901e+00 2.032026551339813595e-10
5.670995670995671034e+00 2.032029580272150386e-10
5.692640692640692279e+00 2.032029609204486738e-10
5.714285714285714413e+00 2.032029638136823090e-10
5.735930735930735658e+00 2.032034667069159485e-10
5.757575757575756903e+00 2.032034696001495836e-10
5.779220779220779036e+00 2.031988724933832517e-10
5.800865800865800281e+00 2.031988753866168869e-10
5.822510822510822415e+00 2.032033782798505349e-10
5.844155844155843660e+00 2.032033811730841959e-10
5.865800865800865793e+00 2.032033840663178311e-10
5.887445887445887038e+00 2.032033869595514921e-10
5.909090909090909172e+00 2.032018898527851144e-10
5.930735930735930417e+00 2.032018927460187496e-10
5.952380952380952550e+00 2.032018956392524106e-10
5.974025974025973795e+00 2.032021985324860381e-10
5.995670995670995040e+00 2.032022014257196732e-10
6.017316017316017174e+00 2.032016043189533498e-10
6.038961038961038419e+00 2.032016072121869850e-10
6.060606060606060552e+00 2.032001101054206332e-10
6.082251082251081797e+00 2.032001129986542683e-10
6.103896103896103931e+00 2.032001158918879035e-10
6.125541125541125176e+00 2.031981187851215732e-10
6.147186147186147309e+00 2.031981216783552084e-10
6.168831168831168554e+00 2.031961245715888782e-10
6.190476190476189799e+00 2.031961274648225133e-10
6.212121212121211933e+00 2.031992303580561286e-10
6.233766233766233178e+00 2.031992332512897896e-10
6.255411255411255311e+00 2.031992361445234248e-10
6.277056277056276556e+00 2.031998390377570703e-10
6.298701298701298690e+00 2.031998419309907313e-10
6.320346320346319935e+00 2.032023448242243621e-10
6.341991341991342068e+00 2.032023477174580231e-10
6.363636363636363313e+00 2.032023506106916583e-10
6.385281385281385447e+00 2.032040535039252926e-10
6.406926406926406692e+00 2.032040563971589536e-10
6.428571428571427937e+00 2.031952592903926012e-10
6.450216450216450070e+00 2.031952621836262622e-10
6.471861471861471315e+00 2.031952650768598974e-10
6.493506493506493449e+00 2.032042679700935322e-10
6.515151515151514694e+00 2.032042708633271933e-10
6.536796536796536827e+00 2.032033737565608259e-10
6.558441558441558072e+00 2.032033766497944611e-10
6.580086580086580206e+00 2.032006795430281145e-10
6.601731601731601451e+00 2.032006824362617497e-10
6.623376623376622696e+00 2.032006853294954107e-10
6.645021645021644829e+00 2.032011882227290502e-10
6.666666666666666075e+00 2.032011911159626853e-10
6.688311688311688208e+00 2.032044940091963385e-10
6.709956709956709453e+00 2.032044969024299737e-10
6.731601731601731586e+00 2.032064997956636519e-10
6.753246753246752832e+00 2.032065026888972871e-10
6.774891774891774965e+00 2.032049055821309033e-10
6.796536796536796210e+00 2.032049084753645644e-10
6.818181818181818343e+00 2.032049113685981996e-10
6.839826839826839588e+00 2.032070142618318579e-10
6.861471861471860834e+00 2.032070171550655190e-10
6.883116883116882967e+00 2.032049200482991310e-10
6.904761904761904212e+00 2.032049229415327920e-10
6.926406926406926345e+00 2.032050258347664332e-10
6.948051948051947591e+00 2.032050287280000684e-10
6.969696969696969724e+00 2.032050316212337294e-10
6.991341991341990969e+00 2.031995345144673691e-10
7.012987012987013102e+00 2.031995374077010301e-10
7.034632034632034348e+00 2.032036403009346540e-10
7.056277056277055593e+00 2.032036431941682892e-10
7.077922077922077726e+00 2.032036460874019502e-10
7.099567099567098971e+00 2.032064489806355990e-10
7.121212121212121104e+00 2.032064518738692342e-10
7.142857142857142350e+00 2.032014547671029041e-10
7.164502164502164483e+00 2.032014576603365393e-10
7.186147186147185728e+00 2.032022605535701968e-10
7.207792207792207861e+00 2.032022634468038320e-10
7.229437229437229107e+00 2.032022663400374672e-10
7.251082251082250352e+00 2.032018692332711299e-10
7.272727272727272485e+00 2.032018721265047651e-10
7.294372294372293730e+00 2.032016750197384141e-10
7.316017316017315864e+00 2.032016779129720493e-10
7.337662337662337109e+00 2.032079808062056765e-10
7.359307359307359242e+00 2.032079836994393375e-10
7.380952380952380487e+00 2.032079865926729727e-10
7.402597402597402620e+00 2.032012894859066176e-10
7.424242424242423866e+00 2.032012923791402786e-10
7.445887445887445999e+00 2.031968952723739071e-10
7.467532467532467244e+00 2.031968981656075681e-10
7.489177489177488489e+00 2.032022010588412126e-10
7.510822510822510623e+00 2.032022039520748478e-10
7.532467532467531868e+00 2.032022068453085088e-10
7.554112554112554001e+00 2.031994097385421303e-10
7.575757575757575246e+00 2.031994126317757913e-10
7.597402597402597380e+00 2.032081155250094339e-10
7.619047619047618625e+00 2.032081184182430691e-10
7.640692640692640758e+00 2.032048213114767380e-10
7.662337662337662003e+00 2.032048242047103732e-10
7.683982683982683248e+00 2.032048270979440084e-10
7.705627705627705382e+00 2.032048299911776694e-10
7.727272727272726627e+00 2.032007328844112901e-10
7.748917748917748760e+00 2.032007357776449512e-10
7.770562770562770005e+00 2.031986386708785890e-10
7.792207792207792139e+00 2.031986415641122242e-10
7.813852813852813384e+00 2.031986444573458852e-10
7.835497835497835517e+00 2.031999473505795212e-10
7.857142857142856762e+00 2.031999502438131822e-10
7.878787878787878896e+00 2.032040531370468319e-10
7.900432900432900141e+00 2.032040560302804671e-10
7.922077922077921386e+00 2.032004589235141179e-10
7.943722943722943519e+00 2.032004618167477531e-10
7.965367965367964764e+00 2.032004647099813883e-10
7.987012987012986898e+00 2.032033676032150432e-10
8.008658008658008143e+00 2.032033704964486784e-10
8.030303030303029388e+00 2.031995733896823430e-10
8.051948051948052409e+00 2.031995762829159782e-10
8.073593073593073655e+00 2.031995791761496134e-10
8.095238095238094900e+00 2.032024820693832683e-10
8.116883116883116145e+00 2.032024849626169034e-10
8.138528138528137390e+00 2.032042878558505696e-10
8.160173160173160412e+00 2.032042907490842048e-10
8.181818181818181657e+00 2.031931936423178429e-10
8.203463203463202902e+00 2.031931965355515040e-10
8.225108225108224147e+00 2.031931994287851392e-10
8.246753246753247168e+00 2.032021023220187680e-10
8.268398268398268414e+00 2.032021052152524290e-10
8.290043290043289659e+00 2.031982081084860876e-10
8.311688311688310904e+00 2.031982110017197486e-10
8.333333333333332149e+00 2.031982138949533838e-10
8.354978354978355171e+00 2.032049167881870093e-10
8.376623376623376416e+00 2.032049196814206703e-10
8.398268398268397661e+00 2.032107225746542932e-10
8.419913419913418906e+00 2.032107254678879284e-10
8.441558441558441928e+00 2.032107283611215894e-10
8.463203463203463173e+00 2.032025312543552215e-10
8.484848484848484418e+00 2.032025341475888825e-10
8.506493506493505663e+00 2.032023370408225315e-10
8.528138528138526908e+00 2.032023399340561666e-10
8.549783549783549930e+00 2.032063428272898361e-10
8.571428571428571175e+00 2.032063457205234713e-10
8.593073593073592420e+00 2.032063486137571324e-10
8.614718614718613665e+00 2.032047515069907486e-10
8.636363636363636687e+00 2.032047544002243838e-10
8.658008658008657932e+00 2.032037572934580621e-10
8.679653679653679177e+00 2.032037601866916973e-10
8.701298701298700422e+00 2.032037630799253325e-10
8.722943722943723444e+00 2.031972659731589895e-10
8.744588744588744689e+00 2.031972688663926247e-10
8.766233766233765934e+00 2.032039717596262760e-10
8.787878787878787179e+00 2.032039746528599111e-10
8.809523809523808424e+00 2.032033775460935619e-10
8.831168831168831446e+00 2.032033804393272229e-10
8.852813852813852691e+00 2.032033833325608581e-10
8.874458874458873936e+00 2.032020862257945183e-10
8.896103896103895181e+00 2.032020891190281535e-10
8.917748917748918203e+00 2.032049920122617825e-10
8.939393939393939448e+00 2.032049949054954435e-10
8.961038961038960693e+00 2.031978977987290643e-10
8.982683982683981938e+00 2.031979006919626995e-10
9.004329004329003183e+00 2.031979035851963606e-10
9.025974025974026205e+00 2.032025064784300145e-10
9.047619047619047450e+00 2.032025093716636756e-10
9.069264069264068695e+00 2.032019122648973004e-10
9.090909090909089940e+00 2.032019151581309356e-10
9.112554112554112962e+00 2.032019180513645966e-10
9.134199134199134207e+00 2.031977209445982372e-10
9.155844155844155452e+00 2.031977238378318982e-10
9.177489177489176697e+00 2.032029267310655366e-10
9.199134199134197942e+00 2.032029296242991718e-10
9.220779220779220964e+00 2.032029325175328328e-10
9.242424242424242209e+00 2.032061354107664541e-10
9.264069264069263454e+00 2.032061383040000893e-10
9.285714285714284699e+00 2.032038411972337668e-10
9.307359307359307721e+00 2.032038440904674020e-10
9.329004329004328966e+00 2.032038469837010630e-10
9.350649350649350211e+00 2.032042498769346964e-10
9.372294372294371456e+00 2.032042527701683316e-10
9.393939393939392701e+00 2.032042556634019927e-10
9.415584415584415723e+00 2.032026585566356089e-10
9.437229437229436968e+00 2.032026614498692700e-10
9.458874458874458213e+00 2.031998643431029173e-10
9.480519480519479458e+00 2.031998672363365525e-10
9.502164502164502480e+00 2.031998701295702135e-10
9.523809523809523725e+00 2.032000730228038608e-10
9.545454545454544970e+00 2.032000759160374960e-10
9.567099567099566215e+00 2.032114788092711462e-10
9.588744588744589237e+00 2.032114817025047814e-10
9.610389610389610482e+00 2.032028845957384410e-10
9.632034632034631727e+00 2.032028874889720762e-10
9.653679653679652972e+00 2.032028903822057114e-10
9.675324675324674217e+00 2.032095932754393627e-10
9.696969696969697239e+00 2.032095961686729979e-10
9.718614718614718484e+00 2.032061990619066608e-10
9.740259740259739729e+00 2.032062019551402960e-10
9.761904761904760974e+00 2.031984048483739521e-10
9.783549783549783996e+00 2.031984077416076131e-10
9.805194805194805241e+00 2.031973106348412337e-10
9.826839826839826486e+00 2.031973135280748689e-10
9.848484848484847731e+00 2.031973164213085299e-10
9.870129870129868976e+00 2.032019193145421581e-10
9.891774891774891998e+00 2.032019222077758191e-10
9.913419913419913243e+00 2.032026251010094706e-10
9.935064935064934488e+00 2.032026279942431058e-10
9.956709956709955733e+00 2.031914308874767638e-10
9.978354978354978755e+00 2.031914337807103990e-10
1.000000000000000000e+01 2.040387366739440546e-10
1.002164502164502125e+01 2.040387395671776898e-10
1.004329004329004249e+01 2.040387424604113250e-10
1.006493506493506374e+01 2.032565453536449864e-10
1.008658008658008676e+01 2.032565482468786215e-10
1.010822510822510800e+01 2.032472511401122648e-10
1.012987012987012925e+01 2.032472540333459259e-10
1.015151515151515049e+01 2.032472569265795611e-10
1.017316017316017351e+01 2.032537598198132261e-10
1.019480519480519476e+01 2.032537627130468613e-10
1.021645021645021600e+01 2.032374656062804963e-10
1.023809523809523725e+01 2.032374684995141573e-10
1.025974025974025849e+01 2.032374713927477925e-10
1.028138528138528152e+01 2.032475742859814419e-10
1.030303030303030276e+01 2.032475771792150771e-10
1.032467532467532401e+01 2.032418800724487048e-10
1.034632034632034525e+01 2.032418829656823658e-10
1.036796536796536827e+01 2.032454858589160112e-10
1.038961038961038952e+01 2.032454887521496464e-10
1.041125541125541076e+01 2.032454916453833074e-10
1.043290043290043201e+01 2.032463945386169451e-10
1.045454545454545325e+01 2.032463974318506062e-10
1.047619047619047628e+01 2.032466003250842275e-10
1.049783549783549752e+01 2.032466032183178627e-10
1.051948051948051877e+01 2.032438061115515359e-10
1.054112554112554001e+01 2.032438090047851711e-10
1.056277056277056303e+01 2.032351118980188247e-10
1.058441558441558428e+01 2.032351147912524599e-10
1.060606060606060552e+01 2.032351176844860951e-10
1.062770562770562677e+01 2.032308205777197554e-10
1.064935064935064979e+01 2.032308234709533906e-10
1.067099567099567103e+01 2.032397263641870194e-10
1.069264069264069228e+01 2.032397292574206804e-10
1.071428571428571352e+01 2.032293321506543350e-10
1.073593073593073477e+01 2.032293350438879960e-10
1.075757575757575779e+01 2.032293379371216312e-10
1.077922077922077904e+01 2.032347408303552558e-10
1.080086580086580028e+01 2.032347437235889169e-10
1.082251082251082153e+01 2.032313466168225539e-10
1.084415584415584455e+01 2.032313495100562149e-10
1.086580086580086579e+01 2.032315524032898622e-10
1.088744588744588704e+01 2.032315552965234974e-10
1.090909090909090828e+01 2.032315581897571584e-10
1.093073593073592953e+01 2.032324610829907703e-10
1.095238095238095255e+01 2.032324639762244055e-10
1.097402597402597380e+01 2.032324668694580665e-10
1.099567099567099504e+01 2.032317697626917112e-10
1.101731601731601629e+01 2.032317726559253722e-10
1.103896103896103931e+01 2.032344755491590150e-10
1.106060606060606055e+01 2.032344784423926502e-10
1.108225108225108180e+01 2.032344813356263113e-10
1.110389610389610304e+01 2.032366842288599498e-10
1.112554112554112429e+01 2.032366871220936108e-10
1.114718614718614731e+01 2.032320900153272272e-10
1.116883116883116855e+01 2.032320929085608624e-10
1.119047619047618980e+01 2.032303958017945244e-10
1.121212121212121104e+01 2.032303986950281596e-10
1.123376623376623407e+01 2.032304015882617947e-10
1.125541125541125531e+01 2.032309044814954601e-10
1.127705627705627656e+01 2.032309073747290952e-10
1.129870129870129780e+01 2.032291102679627512e-10
1.132034632034631905e+01 2.032291131611963864e-10
1.134199134199134207e+01 2.032330160544300240e-10
1.136363636363636331e+01 2.032330189476636850e-10
1.138528138528138456e+01 2.032330218408973202e-10
1.140692640692640580e+01 2.032282247341309762e-10
1.142857142857142883e+01 2.032282276273646114e-10
1.145021645021645007e+01 2.032269305205982716e-10
1.147186147186147132e+01 2.032269334138319327e-10
1.149350649350649256e+01 2.032269363070655679e-10
1.151515151515151381e+01 2.032350392002992001e-10
1.153679653679653683e+01 2.032350420935328612e-10
1.155844155844155807e+01 2.032276449867664898e-10
1.158008658008657932e+01 2.032276478800001508e-10
1.160173160173160056e+01 2.032323507732337849e-10
1.162337662337662358e+01 2.032323536664674201e-10
1.164502164502164483e+01 2.032323565597010811e-10
1.166666666666666607e+01 2.032203594529347168e-10
1.168831168831168732e+01 2.032203623461683778e-10
1.170995670995671034e+01 2.032313652394020040e-10
1.173160173160173159e+01 2.032313681326356391e-10
1.175324675324675283e+01 2.032280710258693081e-10
1.177489177489177408e+01 2.032280739191029432e-10
1.179653679653679532e+01 2.032280768123365784e-10
1.181818181818181834e+01 2.032244797055702293e-10
1.183982683982683959e+01 2.032244825988038644e-10
1.186147186147186083e+01 2.032328854920375407e-10
1.188311688311688208e+01 2.032328883852711758e-10
1.190476190476190510e+01 2.032318912785048024e-10
1.192640692640692635e+01 2.032318941717384635e-10
1.194805194805194759e+01 2.032300970649720936e-10
1.196969696969696884e+01 2.032300999582057546e-10
1.199134199134199008e+01 2.032301028514393898e-10
1.201298701298701310e+01 2.032320057446730361e-10
1.203463203463203435e+01 2.032320086379066971e-10
1.205627705627705559e+01 2.032305115311403194e-10
1.207792207792207684e+01 2.032305144243739546e-10
1.209956709956709986e+01 2.032305173176076156e-10
1.212121212121212110e+01 2.032333202108412645e-10
1.214285714285714235e+01 2.032333231040749255e-10
1.216450216450216359e+01 2.032372259973085632e-10
1.218614718614718484e+01 2.032372288905421983e-10
1.220779220779220786e+01 2.032372317837758594e-10
1.222943722943722911e+01 2.032353346770094834e-10
1.225108225108225035e+01 2.032353375702431445e-10
1.227272727272727160e+01 2.032324404634767858e-10
1.229437229437229462e+01 2.032324433567104210e-10
1.231601731601731586e+01 2.032325462499440880e-10
1.233766233766233711e+01 2.032325491431777232e-10
1.235930735930735835e+01 2.032325520364113584e-10
1.238095238095237960e+01 2.032256549296450171e-10
1.240259740259740262e+01 2.032256578228786523e-10
1.242424242424242387e+01 2.032265607161123159e-10
1.244588744588744511e+01 2.032265636093459511e-10
1.246753246753246636e+01 2.032265665025795862e-10
1.248917748917748938e+01 2.032349693958132366e-10
1.251082251082251062e+01 2.032349722890468718e-10
1.253246753246753187e+01 2.032319751822805329e-10
1.255411255411255311e+01 2.032319780755141681e-10
1.257575757575757436e+01 2.032262809687477958e-10
1.259740259740259738e+01 2.032262838619814568e-10
1.261904761904761862e+01 2.032262867552150920e-10
1.264069264069263987e+01 2.032280896484487323e-10
1.266233766233766111e+01 2.032280925416823933e-10
1.268398268398268414e+01 2.032255954349160329e-10
1.270562770562770538e+01 2.032255983281496939e-10
1.272727272727272663e+01 2.032256012213833291e-10
1.274891774891774787e+01 2.032304041146169693e-10
1.277056277056277089e+01 2.032304070078506303e-10
1.279220779220779214e+01 2.032304099010842655e-10
1.281385281385281338e+01 2.032310127943179110e-10
1.283549783549783463e+01 2.032310156875515462e-10
1.285714285714285587e+01 2.032329185807851925e-10
1.287878787878787890e+01 2.032329214740188535e-10
1.290043290043290014e+01 2.032329243672524887e-10
1.292207792207792139e+01 2.032263272604861138e-10
1.294372294372294263e+01 2.032263301537197748e-10
1.296536796536796565e+01 2.032354330469534157e-10
1.298701298701298690e+01 2.032354359401870767e-10
1.300865800865800814e+01 2.032272388334207088e-10
1.303030303030302939e+01 2.032272417266543440e-10
1.305194805194805063e+01 2.032302446198880049e-10
1.307359307359307365e+01 2.032302475131216401e-10
1.309523809523809490e+01 2.032302504063553011e-10
1.311688311688311614e+01 2.032342532995889447e-10
1.313852813852813739e+01 2.032342561928225799e-10
1.316017316017316041e+01 2.032314590860562273e-10
1.318181818181818166e+01 2.032314619792898624e-10
1.320346320346320290e+01 2.032251648725235056e-10
1.322510822510822415e+01 2.032251677657571667e-10
1.324675324675324539e+01 2.032289706589907982e-10
1.326839826839826841e+01 2.032289735522244593e-10
1.329004329004328966e+01 2.032289764454580945e-10
1.331168831168831090e+01 2.032228793386917497e-10
1.333333333333333215e+01 2.032228822319254107e-10
1.335497835497835517e+01 2.032286851251590336e-10
1.337662337662337642e+01 2.032286880183926947e-10
1.339826839826839766e+01 2.032295909116263324e-10
1.341991341991341891e+01 2.032295938048599676e-10
1.344155844155844015e+01 2.032295966980936286e-10
1.346320346320346317e+01 2.032248995913272648e-10
1.348484848484848442e+01 2.032249024845609000e-10
1.350649350649350566e+01 2.032304053777945565e-10
1.352813852813852691e+01 2.032304082710281917e-10
1.354978354978354993e+01 2.032304111642618527e-10
1.357142857142857117e+01 2.032309140574954922e-10
1.359307359307359242e+01 2.032309169507291274e-10
1.361471861471861367e+01 2.032297198439627936e-10
1.363636363636363669e+01 2.032297227371964288e-10
1.365800865800865793e+01 2.032272256304300943e-10
1.367965367965367918e+01 2.032272285236637294e-10
1.370129870129870042e+01 2.032272314168973646e-10
1.372294372294372167e+01 2.032303343101310057e-10
1.374458874458874469e+01 2.032303372033646409e-10
1.376623376623376593e+01 2.032309400965982864e-10
1.378787878787878718e+01 2.032309429898319474e-10
1.380952380952380842e+01 2.032309458830655826e-10
1.383116883116883145e+01 2.032288487762992463e-10
1.385281385281385269e+01 2.032288516695328815e-10
1.387445887445887394e+01 2.032286545627665046e-10
1.389610389610389518e+01 2.032286574560001657e-10
1.391774891774891643e+01 2.032274603492338061e-10
1.393939393939393945e+01 2.032274632424674412e-10
1.396103896103896069e+01 2.032288661357011091e-10
1.398268398268398194e+01 2.032288690289347443e-10
1.400432900432900318e+01 2.032339719221684026e-10
1.402597402597402620e+01 2.032339748154020377e-10
1.404761904761904745e+01 2.032339777086356729e-10
1.406926406926406870e+01 2.032351806018693287e-10
1.409090909090908994e+01 2.032351834951029639e-10
1.411255411255411119e+01 2.032314863883366346e-10
1.413419913419913421e+01 2.032314892815702698e-10
1.415584415584415545e+01 2.032314921748039049e-10
1.417748917748917670e+01 2.032321950680375565e-10
1.419913419913419794e+01 2.032321979612711916e-10
1.422077922077922096e+01 2.032344008545048302e-10
1.424242424242424221e+01 2.032344037477384912e-10
1.426406926406926345e+01 2.032322066409721230e-10
1.428571428571428470e+01 2.032322095342057841e-10
1.430735930735930594e+01 2.032322124274394193e-10
1.432900432900432897e+01 2.032322153206730544e-10
1.435064935064935021e+01 2.032334182139067103e-10
1.437229437229437146e+01 2.032334211071403454e-10
1.439393939393939270e+01 2.032334240003740065e-10
1.441558441558441572e+01 2.032234268936076593e-10
1.443722943722943697e+01 2.032234297868412945e-10
1.445887445887445821e+01 2.032299326800749337e-10
1.448051948051947946e+01 2.032299355733085689e-10
1.450216450216450070e+01 2.032283384665422110e-10
1.452380952380952372e+01 2.032283413597758720e-10
1.454545454545454497e+01 2.032283442530095072e-10
1.456709956709956622e+01 2.032260471462431847e-10
1.458874458874458746e+01 2.032260500394768199e-10
1.461038961038961048e+01 2.032264529327104533e-10
1.463203463203463173e+01 2.032264558259441144e-10
1.465367965367965297e+01 2.032264587191777496e-10
1.467532467532467422e+01 2.032320616124114121e-10
1.469696969696969724e+01 2.032320645056450473e-10
1.471861471861471848e+01 2.032336673988786755e-10
1.474025974025973973e+01 2.032336702921123366e-10
1.476190476190476097e+01 2.032351731853459588e-10
1.478354978354978222e+01 2.032351760785795939e-10
1.480519480519480524e+01 2.032351789718132550e-10
1.482683982683982649e+01 2.032326818650468946e-10
1.484848484848484773e+01 2.032326847582805556e-10
1.487012987012986898e+01 2.032323876515141985e-10
1.489177489177489200e+01 2.032323905447478337e-10
1.491341991341991324e+01 2.032323934379814948e-10
1.493506493506493449e+01 2.032290963312151378e-10
1.495670995670995573e+01 2.032290992244487988e-10
1.497835497835497698e+01 2.032262021176824143e-10
1.500000000000000000e+01 2.032262050109160495e-10
1.502164502164502125e+01 2.032279079041497096e-10
1.504329004329004249e+01 2.032279107973833448e-10
1.506493506493506374e+01 2.032279136906169800e-10
1.508658008658008676e+01 2.032278165838506608e-10
1.510822510822510800e+01 2.032278194770842960e-10
1.512987012987012925e+01 2.032298223703179484e-10
1.515151515151515049e+01 2.032298252635515835e-10
1.517316017316017174e+01 2.032298281567852187e-10
1.519480519480519476e+01 2.032321310500188891e-10
1.521645021645021600e+01 2.032321339432525243e-10
1.523809523809523725e+01 2.032276368364861726e-10
1.525974025974025849e+01 2.032276397297198078e-10
1.528138528138528152e+01 2.032276426229534430e-10
1.530303030303030276e+01 2.032222455161871145e-10
1.532467532467532401e+01 2.032222484094207497e-10
1.534632034632034525e+01 2.032223513026543651e-10
1.536796536796536650e+01 2.032223541958880261e-10
1.538961038961038952e+01 2.032298570891216739e-10
1.541125541125541076e+01 2.032298599823553350e-10
1.543290043290043201e+01 2.032298628755889702e-10
1.545454545454545325e+01 2.032282657688226123e-10
1.547619047619047628e+01 2.032282686620562733e-10
1.549783549783549752e+01 2.032281715552899025e-10
1.551948051948051877e+01 2.032281744485235635e-10
1.554112554112554001e+01 2.032281773417571987e-10
1.556277056277056126e+01 2.032301802349908252e-10
1.558441558441558428e+01 2.032301831282244862e-10
1.560606060606060552e+01 2.032315860214581282e-10
1.562770562770562677e+01 2.032315889146917634e-10
1.564935064935064801e+01 2.032300918079254116e-10
1.567099567099567103e+01 2.032300947011590468e-10
1.569264069264069228e+01 2.032300975943927078e-10
1.571428571428571352e+01 2.032233004876263467e-10
1.573593073593073477e+01 2.032233033808599819e-10
1.575757575757575779e+01 2.032308062740936555e-10
1.577922077922077904e+01 2.032308091673272907e-10
1.580086580086580028e+01 2.032289120605609406e-10
1.582251082251082153e+01 2.032289149537945758e-10
1.584415584415584277e+01 2.032289178470282110e-10
1.586580086580086579e+01 2.032313207402618874e-10
1.588744588744588704e+01 2.032313236334955226e-10
1.590909090909090828e+01 2.032374265267291378e-10
1.593073593073592953e+01 2.032374294199627988e-10
1.595238095238095255e+01 2.032374323131964340e-10
1.597402597402597380e+01 2.032374352064300950e-10
1.599567099567099504e+01 2.032324380996637390e-10
1.601731601731601629e+01 2.032324409928973742e-10
1.603896103896103753e+01 2.032293438861310293e-10
1.606060606060605878e+01 2.032293467793646645e-10
1.608225108225108002e+01 2.032237496725983240e-10
1.610389610389610482e+01 2.032237525658319592e-10
1.612554112554112606e+01 2.032237554590655944e-10
1.614718614718614731e+01 2.032250583522992562e-10
1.616883116883116855e+01 2.032250612455328914e-10
1.619047619047618980e+01 2.032278641387665403e-10
1.621212121212121104e+01 2.032278670320002013e-10
1.623376623376623229e+01 2.032228699252338194e-10
1.625541125541125353e+01 2.032228728184674805e-10
1.627705627705627478e+01 2.032301757117011162e-10
1.629870129870129958e+01 2.032301786049347514e-10
1.632034632034632082e+01 2.032301814981684124e-10
1.634199134199134207e+01 2.032284843914020486e-10
1.636363636363636331e+01 2.032284872846357096e-10
1.638528138528138456e+01 2.032333901778693558e-10
1.640692640692640580e+01 2.032333930711029910e-10
1.642857142857142705e+01 2.032251959643366489e-10
1.645021645021644829e+01 2.032251988575702841e-10
1.647186147186146954e+01 2.032252017508039192e-10
1.649350649350649434e+01 2.032292046440375887e-10
1.651515151515151558e+01 2.032292075372712239e-10
1.653679653679653683e+01 2.032306104305048918e-10
1.655844155844155807e+01 2.032306133237385270e-10
1.658008658008657932e+01 2.032306162169721622e-10
1.660173160173160056e+01 2.032322191102058162e-10
1.662337662337662181e+01 2.032322220034394514e-10
1.664502164502164305e+01 2.032313248966731099e-10
1.666666666666666430e+01 2.032313277899067451e-10
1.668831168831168910e+01 2.032324306831403690e-10
1.670995670995671034e+01 2.032324335763740300e-10
1.673160173160173159e+01 2.032324364696076652e-10
1.675324675324675283e+01 2.032322393628413142e-10
1.677489177489177408e+01 2.032322422560749752e-10
1.679653679653679532e+01 2.032339451493086095e-10
1.681818181818181657e+01 2.032339480425422705e-10
1.683982683982683781e+01 2.032339509357759057e-10
1.686147186147185906e+01 2.032316538290095315e-10
1.688311688311688386e+01 2.032316567222431925e-10
1.690476190476190510e+01 2.032280596154768434e-10
1.692640692640692635e+01 2.032280625087105044e-10
1.694805194805194759e+01 2.032296654019441326e-10
1.696969696969696884e+01 2.032296682951777678e-10
1.699134199134199008e+01 2.032285711884114142e-10
1.701298701298701133e+01 2.032285740816450494e-10
1.703463203463203257e+01 2.032390769748786971e-10
1.705627705627705382e+01 2.032390798681123582e-10
1.707792207792207861e+01 2.032390827613459933e-10
1.709956709956709986e+01 2.032313856545796555e-10
1.712121212121212110e+01 2.032313885478132907e-10
1.714285714285714235e+01 2.032306914410469354e-10
1.716450216450216359e+01 2.032306943342805964e-10
1.718614718614718484e+01 2.032262972275142249e-10
1.720779220779220609e+01 2.032263001207478859e-10
1.722943722943722733e+01 2.032263030139815211e-10
1.725108225108225213e+01 2.032310059072151552e-10
1.727272727272727337e+01 2.032310088004488163e-10
1.729437229437229462e+01 2.032283116936824438e-10
1.731601731601731586e+01 2.032283145869160790e-10
1.733766233766233711e+01 2.032283174801497400e-10
1.735930735930735835e+01 2.032276203733833847e-10
1.738095238095237960e+01 2.032276232666170457e-10
1.740259740259740084e+01 2.032292261598506740e-10
1.742424242424242209e+01 2.032292290530843092e-10
1.744588744588744689e+01 2.032292319463179702e-10
1.746753246753246813e+01 2.032278348395515985e-10
1.748917748917748938e+01 2.032278377327852596e-10
1.751082251082251062e+01 2.032263406260189077e-10
1.753246753246753187e+01 2.032263435192525429e-10
1.755411255411255311e+01 2.032263464124862039e-10
1.757575757575757436e+01 2.032263493057198391e-10
1.759740259740259560e+01 2.032341521989534792e-10
1.761904761904761685e+01 2.032341550921871402e-10
1.764069264069264165e+01 2.032358579854207745e-10
1.766233766233766289e+01 2.032358608786544355e-10
1.768398268398268414e+01 2.032272637718880693e-10
1.770562770562770538e+01 2.032272666651217045e-10
1.772727272727272663e+01 2.032272695583553655e-10
1.774891774891774787e+01 2.032287724515889877e-10
1.777056277056276912e+01 2.032287753448226487e-10
1.779220779220779036e+01 2.032283782380562857e-10
1.781385281385281161e+01 2.032283811312899208e-10
1.783549783549783641e+01 2.032283840245235819e-10
1.785714285714285765e+01 2.032314869177572230e-10
1.787878787878787890e+01 2.032314898109908582e-10
1.790043290043290014e+01 2.032292927042245158e-10
1.792207792207792139e+01 2.032292955974581510e-10
1.794372294372294263e+01 2.032305984906918128e-10
1.796536796536796388e+01 2.032306013839254480e-10
1.798701298701298512e+01 2.032306042771590832e-10
1.800865800865800637e+01 2.032274071703927323e-10
1.803030303030303116e+01 2.032274100636263675e-10
1.805194805194805241e+01 2.032299129568600500e-10
1.807359307359307365e+01 2.032299158500936851e-10
1.809523809523809490e+01 2.032299187433273203e-10
1.811688311688311614e+01 2.032237216365609695e-10
1.813852813852813739e+01 2.032237245297946047e-10
1.816017316017315864e+01 2.032291274230282294e-10
1.818181818181817988e+01 2.032291303162618904e-10
1.820346320346320113e+01 2.032255332094955412e-10
1.822510822510822592e+01 2.032255361027292023e-10
1.824675324675324717e+01 2.032294389959628399e-10
1.826839826839826841e+01 2.032294418891964751e-10
1.829004329004328966e+01 2.032294447824301361e-10
1.831168831168831090e+01 2.032247476756637723e-10
1.833333333333333215e+01 2.032247505688974333e-10
1.835497835497835339e+01 2.032325534621310734e-10
1.837662337662337464e+01 2.032325563553647086e-10
1.839826839826839588e+01 2.032350592485983652e-10
1.841991341991342068e+01 2.032350621418320004e-10
1.844155844155844193e+01 2.032350650350656356e-10
1.846320346320346317e+01 2.032317679282992786e-10
1.848484848484848442e+01 2.032317708215329138e-10
1.850649350649350566e+01 2.032266737147665776e-10
1.852813852813852691e+01 2.032266766080002128e-10
1.854978354978354815e+01 2.032315795012338590e-10
1.857142857142856940e+01 2.032315823944675200e-10
1.859307359307359064e+01 2.032315852877011552e-10
1.861471861471861544e+01 2.032297881809348112e-10
1.863636363636363669e+01 2.032297910741684463e-10
1.865800865800865793e+01 2.032299939674020936e-10
1.867965367965367918e+01 2.032299968606357546e-10
1.870129870129870042e+01 2.032299997538693898e-10
1.872294372294372167e+01 2.032350026471030162e-10
1.874458874458874291e+01 2.032350055403366772e-10
1.876623376623376416e+01 2.032338084335703176e-10
1.878787878787878540e+01 2.032338113268039786e-10
1.880952380952381020e+01 2.032348142200375965e-10
1.883116883116883145e+01 2.032348171132712317e-10
1.885281385281385269e+01 2.032348200065048928e-10
1.887445887445887394e+01 2.032330228997385487e-10
1.889610389610389518e+01 2.032330257929722097e-10
1.891774891774891643e+01 2.032270286862058451e-10
1.893939393939393767e+01 2.032270315794394803e-10
1.896103896103895892e+01 2.032320344726731325e-10
1.898268398268398016e+01 2.032320373659067677e-10
1.900432900432900496e+01 2.032320402591404029e-10
1.902597402597402620e+01 2.032273431523740650e-10
1.904761904761904745e+01 2.032273460456077002e-10
1.906926406926406870e+01 2.032268489388413569e-10
1.909090909090908994e+01 2.032268518320749921e-10
1.911255411255411119e+01 2.032318547253086185e-10
1.913419913419913243e+01 2.032318576185422795e-10
1.915584415584415368e+01 2.032283605117759364e-10
1.917748917748917847e+01 2.032283634050095974e-10
1.919913419913419972e+01 2.032299662982432256e-10
1.922077922077922096e+01 2.032299691914768608e-10
1.924242424242424221e+01 2.032299720847105218e-10
1.926406926406926345e+01 2.032281749779441519e-10
1.928571428571428470e+01 2.032281778711777871e-10
1.930735930735930594e+01 2.032329807644114531e-10
1.932900432900432719e+01 2.032329836576450883e-10
1.935064935064934843e+01 2.032329865508787493e-10
1.937229437229437323e+01 2.032329894441123845e-10
1.939393939393939448e+01 2.032265923373460217e-10
1.941558441558441572e+01 2.032265952305796827e-10
1.943722943722943697e+01 2.032326981238133237e-10
1.945887445887445821e+01 2.032327010170469589e-10
1.948051948051947946e+01 2.032357039102806198e-10
1.950216450216450070e+01 2.032357068035142550e-10
1.952380952380952195e+01 2.032357096967479160e-10
1.954545454545454319e+01 2.032369125899815460e-10
1.956709956709956799e+01 2.032369154832151811e-10
1.958874458874458924e+01 2.032340183764488483e-10
1.961038961038961048e+01 2.032340212696824835e-10
1.963203463203463173e+01 2.032315241629161231e-10
1.965367965367965297e+01 2.032315270561497583e-10
1.967532467532467422e+01 2.032265299493834023e-10
1.969696969696969546e+01 2.032265328426170633e-10
1.971861471861471671e+01 2.032265357358506985e-10
1.974025974025973795e+01 2.032290386290843293e-10
1.976190476190476275e+01 2.032290415223179903e-10
1.978354978354978400e+01 2.032305444155516383e-10
1.980519480519480524e+01 2.032305473087852994e-10
1.982683982683982649e+01 2.032328502020189181e-10
1.984848484848484773e+01 2.032328530952525533e-10
1.987012987012986898e+01 2.032314559884862333e-10
1.989177489177489022e+01 2.032314588817198685e-10
1.991341991341991147e+01 2.032314617749535295e-10
1.993506493506493271e+01 2.032370646681871662e-10
1.995670995670995751e+01 2.032370675614208014e-10
1.997835497835497875e+01 2.032315704546544411e-10
