0.000000000000000000e+00 1.844580000000000107e-10
2.188183807439824866e-02 1.844580450982368269e-10
4.376367614879649731e-02 1.844399901964736637e-10
6.564551422319474250e-02 1.844400352947104799e-10
8.752735229759299462e-02 1.844400803929473220e-10
1.094091903719912467e-01 1.844429254911841261e-10
1.312910284463894850e-01 1.844429705894209682e-10
1.531728665207877371e-01 1.844397156876577923e-10
1.750547045951859892e-01 1.844397607858946086e-10
1.969365426695842414e-01 1.844398058841314506e-10
2.188183807439824935e-01 1.844307509823682612e-10
2.407002188183807456e-01 1.844307960806051033e-10
2.625820568927789700e-01 1.844486411788419326e-10
2.844638949671772221e-01 1.844486862770787747e-10
3.063457330415754742e-01 1.844432313753155696e-10
3.282275711159737264e-01 1.844432764735523859e-10
3.501094091903719785e-01 1.844433215717892280e-10
3.719912472647702306e-01 1.844478666700260570e-10
3.938730853391684827e-01 1.844479117682628991e-10
4.157549234135667349e-01 1.844540568664997211e-10
4.376367614879649870e-01 1.844541019647365632e-10
4.595185995623632391e-01 1.844496470629733667e-10
4.814004376367614912e-01 1.844496921612102088e-10
5.032822757111596879e-01 1.844497372594470250e-10
5.251641137855579400e-01 1.844487823576838585e-10
5.470459518599561921e-01 1.844488274559207006e-10
5.689277899343544442e-01 1.844404725541575017e-10
5.908096280087526964e-01 1.844405176523943438e-10
6.126914660831509485e-01 1.844360627506311731e-10
6.345733041575492006e-01 1.844361078488680152e-10
6.564551422319474527e-01 1.844361529471048314e-10
6.783369803063457049e-01 1.844319980453416272e-10
7.002188183807439570e-01 1.844320431435784693e-10
7.221006564551422091e-01 1.844475882418152892e-10
7.439824945295404612e-01 1.844476333400521313e-10
7.658643326039387134e-01 1.844476784382889475e-10
7.877461706783369655e-01 1.844439235365257932e-10
8.096280087527352176e-01 1.844439686347626095e-10
8.315098468271334697e-01 1.844495137329994212e-10
8.533916849015317219e-01 1.844495588312362633e-10
8.752735229759299740e-01 1.844496039294730795e-10
8.971553610503282261e-01 1.844457490277099192e-10
9.190371991247264782e-01 1.844457941259467354e-10
9.409190371991247304e-01 1.844442392241835845e-10
9.628008752735229825e-01 1.844442843224204007e-10
9.846827133479212346e-01 1.844443294206572170e-10
1.006564551422319376e+00 1.844447745188940573e-10
1.028446389496717739e+00 1.844448196171308736e-10
1.050328227571115880e+00 1.844337647153677186e-10
1.072210065645514243e+00 1.844338098136045349e-10
1.094091903719912384e+00 1.844293549118413901e-10
1.115973741794310747e+00 1.844294000100782063e-10
1.137855579868708888e+00 1.844374451083150395e-10
1.159737417943107252e+00 1.844374902065518557e-10
1.181619256017505393e+00 1.844375353047886720e-10
1.203501094091903756e+00 1.844355804030255228e-10
1.225382932166301897e+00 1.844356255012623390e-10
1.247264770240700260e+00 1.844312705994991744e-10
1.269146608315098401e+00 1.844313156977359906e-10
1.291028446389496764e+00 1.844507607959728389e-10
1.312910284463894905e+00 1.844508058942096551e-10
1.334792122538293269e+00 1.844508509924464713e-10
1.356673960612691410e+00 1.844543960906833176e-10
1.378555798687089773e+00 1.844544411889201339e-10
1.400437636761487914e+00 1.844414862871569678e-10
1.422319474835886055e+00 1.844415313853937841e-10
1.444201312910284418e+00 1.844489764836306328e-10
1.466083150984682559e+00 1.844490215818674490e-10
1.487964989059080922e+00 1.844435666801042439e-10
1.509846827133479064e+00 1.844436117783410860e-10
1.531728665207877427e+00 1.844436568765779022e-10
1.553610503282275568e+00 1.844308019748147422e-10
1.575492341356673931e+00 1.844308470730515585e-10
1.597374179431072072e+00 1.844487921712884197e-10
1.619256017505470435e+00 1.844488372695252360e-10
1.641137855579868576e+00 1.844488823677620522e-10
1.663019693654266939e+00 1.844483274659988840e-10
1.684901531728665081e+00 1.844483725642357002e-10
1.706783369803063444e+00 1.844448176624725580e-10
1.728665207877461585e+00 1.844448627607093742e-10
1.750547045951859948e+00 1.844564078589462115e-10
1.772428884026258089e+00 1.844564529571830278e-10
1.794310722100656452e+00 1.844564980554198440e-10
1.816192560175054593e+00 1.844562431536566680e-10
1.838074398249452956e+00 1.844562882518934843e-10
1.859956236323851098e+00 1.844478333501303310e-10
1.881838074398249461e+00 1.844478784483671472e-10
1.903719912472647602e+00 1.844514235466039935e-10
1.925601750547045965e+00 1.844514686448408098e-10
1.947483588621444106e+00 1.844515137430776518e-10
1.969365426695842469e+00 1.844398588413144608e-10
1.991247264770240610e+00 1.844399039395512770e-10
2.013129102844638751e+00 1.844406490377881355e-10
2.035010940919037115e+00 1.844406941360249517e-10
2.056892778993435478e+00 1.844475392342617901e-10
2.078774617067833841e+00 1.844475843324986063e-10
2.100656455142231760e+00 1.844476294307354484e-10
2.122538293216630123e+00 1.844499745289722740e-10
2.144420131291028486e+00 1.844500196272090903e-10
2.166301969365426405e+00 1.844578647254459114e-10
2.188183807439824768e+00 1.844579098236827276e-10
2.210065645514223132e+00 1.844626549219195687e-10
2.231947483588621495e+00 1.844627000201563849e-10
2.253829321663019414e+00 1.844627451183932270e-10
2.275711159737417777e+00 1.844646902166300544e-10
2.297592997811816140e+00 1.844647353148668706e-10
2.319474835886214503e+00 1.844503804131037236e-10
2.341356673960612422e+00 1.844504255113405399e-10
2.363238512035010785e+00 1.844592706095773696e-10
2.385120350109409149e+00 1.844593157078141858e-10
2.407002188183807512e+00 1.844593608060510279e-10
2.428884026258205431e+00 1.844430059042878379e-10
2.450765864332603794e+00 1.844430510025246541e-10
2.472647702407002157e+00 1.844337961007615043e-10
2.494529540481400520e+00 1.844338411989983205e-10
2.516411378555798439e+00 1.844338862972351626e-10
2.538293216630196802e+00 1.844526313954719687e-10
2.560175054704595166e+00 1.844526764937088108e-10
2.582056892778993529e+00 1.844492215919456229e-10
2.603938730853391448e+00 1.844492666901824649e-10
2.625820568927789811e+00 1.844493117884192812e-10
2.647702407002188174e+00 1.844493568866560974e-10
2.669584245076586537e+00 1.844519019848929610e-10
2.691466083150984456e+00 1.844519470831297772e-10
2.713347921225382819e+00 1.844570921813666165e-10
2.735229759299781183e+00 1.844571372796034328e-10
2.757111597374179546e+00 1.844533823778402784e-10
2.778993435448577465e+00 1.844534274760770947e-10
2.800875273522975828e+00 1.844534725743139109e-10
2.822757111597374191e+00 1.844422176725507440e-10
2.844638949671772110e+00 1.844422627707875602e-10
2.866520787746170473e+00 1.844466078690244030e-10
2.888402625820568836e+00 1.844466529672612192e-10
2.910284463894967200e+00 1.844466980654980613e-10
2.932166301969365119e+00 1.844357431637348866e-10
2.954048140043763482e+00 1.844357882619717029e-10
2.975929978118161845e+00 1.844531333602085279e-10
2.997811816192560208e+00 1.844531784584453442e-10
3.019693654266958127e+00 1.844532235566821862e-10
3.041575492341356490e+00 1.844507686549190069e-10
3.063457330415754853e+00 1.844508137531558490e-10
3.085339168490153217e+00 1.844523588513926781e-10
3.107221006564551136e+00 1.844524039496294943e-10
3.129102844638949499e+00 1.844619490478663145e-10
3.150984682713347862e+00 1.844619941461031308e-10
3.172866520787746225e+00 1.844620392443399729e-10
3.194748358862144144e+00 1.844558843425768031e-10
3.216630196936542507e+00 1.844559294408136452e-10
3.238512035010940870e+00 1.844528745390504555e-10
3.260393873085339234e+00 1.844529196372872718e-10
3.282275711159737153e+00 1.844529647355241139e-10
3.304157549234135516e+00 1.844512098337609250e-10
3.326039387308533879e+00 1.844512549319977671e-10
3.347921225382932242e+00 1.844399000302345941e-10
3.369803063457330161e+00 1.844399451284714362e-10
3.391684901531728524e+00 1.844399902267082525e-10
3.413566739606126887e+00 1.844423353249451039e-10
3.435448577680525251e+00 1.844423804231819202e-10
3.457330415754923170e+00 1.844499255214187232e-10
3.479212253829321533e+00 1.844499706196555653e-10
3.501094091903719896e+00 1.844550157178923727e-10
3.522975929978117815e+00 1.844550608161292148e-10
3.544857768052516178e+00 1.844551059143660311e-10
3.566739606126914541e+00 1.844633510126028763e-10
3.588621444201312904e+00 1.844633961108396925e-10
3.610503282275710824e+00 1.844657412090765182e-10
3.632385120350109187e+00 1.844657863073133603e-10
3.654266958424507550e+00 1.844626314055501646e-10
3.676148796498905913e+00 1.844626765037870067e-10
3.698030634573303832e+00 1.844627216020238229e-10
3.719912472647702195e+00 1.844587667002606824e-10
3.741794310722100558e+00 1.844588117984974986e-10
3.763676148796498921e+00 1.844588568967343149e-10
3.785557986870896841e+00 1.844589019949711570e-10
3.807439824945295204e+00 1.844589470932079732e-10
3.829321663019693567e+00 1.844410921914447961e-10
3.851203501094091930e+00 1.844411372896816124e-10
3.873085339168489849e+00 1.844363823879184753e-10
3.894967177242888212e+00 1.844364274861552916e-10
3.916849015317286575e+00 1.844519725843920857e-10
3.938730853391684938e+00 1.844520176826289278e-10
3.960612691466082858e+00 1.844520627808657440e-10
3.982494529540481221e+00 1.844460078791026062e-10
4.004376367614879584e+00 1.844460529773394224e-10
4.026258205689277503e+00 1.844491980755762446e-10
4.048140043763676310e+00 1.844492431738130608e-10
4.070021881838074229e+00 1.844592882720499111e-10
4.091903719912472148e+00 1.844593333702867274e-10
4.113785557986870955e+00 1.844593784685235436e-10
4.135667396061268875e+00 1.844423235667603889e-10
4.157549234135667682e+00 1.844423686649972052e-10
4.179431072210065601e+00 1.844501137632340461e-10
4.201312910284463520e+00 1.844501588614708624e-10
4.223194748358862327e+00 1.844453039597076934e-10
4.245076586433260246e+00 1.844453490579445097e-10
4.266958424507658165e+00 1.844289941561813455e-10
4.288840262582056972e+00 1.844290392544181876e-10
4.310722100656454892e+00 1.844290843526550038e-10
4.332603938730852811e+00 1.844482294508918340e-10
4.354485776805251618e+00 1.844482745491286502e-10
4.376367614879649537e+00 1.844368196473654971e-10
4.398249452954048344e+00 1.844368647456023133e-10
4.420131291028446263e+00 1.844456098438391370e-10
4.442013129102844182e+00 1.844456549420759791e-10
4.463894967177242989e+00 1.844457000403127953e-10
4.485776805251640909e+00 1.844457451385496374e-10
4.507658643326038828e+00 1.844661902367864425e-10
4.529540481400437635e+00 1.844662353350232846e-10
4.551422319474835554e+00 1.844527804332601143e-10
4.573304157549234361e+00 1.844528255314969306e-10
4.595185995623632280e+00 1.844528706297337726e-10
4.617067833698030199e+00 1.844604157279705757e-10
4.638949671772429006e+00 1.844604608262074178e-10
4.660831509846826926e+00 1.844561059244442273e-10
4.682713347921224845e+00 1.844561510226810694e-10
4.704595185995623652e+00 1.844475961209178842e-10
4.726477024070021571e+00 1.844476412191547005e-10
4.748358862144420378e+00 1.844476863173915426e-10
4.770240700218818297e+00 1.844506314156283785e-10
4.792122538293216216e+00 1.844506765138652206e-10
4.814004376367615023e+00 1.844576216121020392e-10
4.835886214442012943e+00 1.844576667103388813e-10
4.857768052516410862e+00 1.844577118085756975e-10
4.879649890590809669e+00 1.844641569068125376e-10
4.901531728665207588e+00 1.844642020050493539e-10
4.923413566739605507e+00 1.844678471032861545e-10
4.945295404814004314e+00 1.844678922015229966e-10
4.967177242888402233e+00 1.844577372997598184e-10
4.989059080962801040e+00 1.844577823979966604e-10
5.010940919037198960e+00 1.844578274962334767e-10
5.032822757111596879e+00 1.844575725944703265e-10
5.054704595185995686e+00 1.844576176927071428e-10
5.076586433260393605e+00 1.844468627909439543e-10
5.098468271334791524e+00 1.844469078891807964e-10
5.120350109409190331e+00 1.844469529874176126e-10
5.142231947483588250e+00 1.844631980856544489e-10
5.164113785557987057e+00 1.844632431838912651e-10
5.185995623632384977e+00 1.844673882821281217e-10
5.207877461706782896e+00 1.844674333803649380e-10
5.229759299781181703e+00 1.844613784786017484e-10
5.251641137855579622e+00 1.844614235768385905e-10
5.273522975929977541e+00 1.844614686750754068e-10
5.295404814004376348e+00 1.844500137733122536e-10
5.317286652078774267e+00 1.844500588715490698e-10
5.339168490153173074e+00 1.844616039697859072e-10
5.361050328227570994e+00 1.844616490680227234e-10
5.382932166301968913e+00 1.844616941662595397e-10
5.404814004376367720e+00 1.844451392644963893e-10
5.426695842450765639e+00 1.844451843627332055e-10
5.448577680525163558e+00 1.844374294609700427e-10
5.470459518599562365e+00 1.844374745592068590e-10
5.492341356673960284e+00 1.844375196574437011e-10
5.514223194748359091e+00 1.844413647556805137e-10
5.536105032822757011e+00 1.844414098539173558e-10
5.557986870897154930e+00 1.844480549521541563e-10
5.579868708971553737e+00 1.844481000503909725e-10
5.601750547045951656e+00 1.844461451486278233e-10
5.623632385120349575e+00 1.844461902468646396e-10
5.645514223194748382e+00 1.844462353451014817e-10
5.667396061269146301e+00 1.844554804433383096e-10
5.689277899343544220e+00 1.844555255415751517e-10
5.711159737417943028e+00 1.844583706398119558e-10
5.733041575492340947e+00 1.844584157380487720e-10
5.754923413566739754e+00 1.844584608362856141e-10
5.776805251641137673e+00 1.844606059345224277e-10
5.798687089715535592e+00 1.844606510327592698e-10
5.820568927789934399e+00 1.844514961309961002e-10
5.842450765864332318e+00 1.844515412292329422e-10
5.864332603938730237e+00 1.844577863274697445e-10
5.886214442013129045e+00 1.844578314257065607e-10
5.908096280087526964e+00 1.844455765239434110e-10
5.929978118161925771e+00 1.844456216221802273e-10
5.951859956236323690e+00 1.844470667204170762e-10
5.973741794310721609e+00 1.844471118186538924e-10
5.995623632385120416e+00 1.844471569168907345e-10
6.017505470459518335e+00 1.844483020151275395e-10
6.039387308533916254e+00 1.844483471133643558e-10
6.061269146608315062e+00 1.844308922116012028e-10
6.083150984682712981e+00 1.844309373098380191e-10
6.105032822757111788e+00 1.844535824080748534e-10
6.126914660831509707e+00 1.844536275063116697e-10
6.148796498905907626e+00 1.844536726045485117e-10
6.170678336980306433e+00 1.844560177027853374e-10
6.192560175054704352e+00 1.844560628010221536e-10
6.214442013129102271e+00 1.844479078992589926e-10
6.236323851203501079e+00 1.844479529974958088e-10
6.258205689277898998e+00 1.844479980957326509e-10
6.280087527352297805e+00 1.844516431939694774e-10
6.301969365426695724e+00 1.844516882922063194e-10
6.323851203501093643e+00 1.844517333904431357e-10
6.345733041575492450e+00 1.844485784886799658e-10
6.367614879649890369e+00 1.844486235869167821e-10
6.389496717724288288e+00 1.844441686851536114e-10
6.411378555798687096e+00 1.844442137833904535e-10
6.433260393873085015e+00 1.844541588816272461e-10
6.455142231947482934e+00 1.844542039798640882e-10
6.477024070021881741e+00 1.844542490781009044e-10
6.498905908096279660e+00 1.844488941763377571e-10
6.520787746170678467e+00 1.844489392745745733e-10
6.542669584245076386e+00 1.844585843728113995e-10
6.564551422319474305e+00 1.844586294710482416e-10
6.586433260393873113e+00 1.844680745692850558e-10
6.608315098468271032e+00 1.844681196675218979e-10
6.630196936542668951e+00 1.844681647657587141e-10
6.652078774617067758e+00 1.844545098639955576e-10
6.673960612691465677e+00 1.844545549622323738e-10
6.695842450765864484e+00 1.844581000604691943e-10
6.717724288840262403e+00 1.844581451587060363e-10
6.739606126914660322e+00 1.844531902569428355e-10
6.761487964989059130e+00 1.844532353551796776e-10
6.783369803063457049e+00 1.844445804534164865e-10
6.805251641137854968e+00 1.844446255516533285e-10
6.827133479212253775e+00 1.844446706498901448e-10
6.849015317286651694e+00 1.844538157481269667e-10
6.870897155361050501e+00 1.844538608463638088e-10
6.892778993435448420e+00 1.844512059446006432e-10
6.914660831509846339e+00 1.844512510428374853e-10
6.936542669584245147e+00 1.844448961410742777e-10
6.958424507658643066e+00 1.844449412393111198e-10
6.980306345733040985e+00 1.844646863375479603e-10
7.002188183807439792e+00 1.844647314357848024e-10
7.024070021881837711e+00 1.844647765340216186e-10
7.045951859956235630e+00 1.844577216322584205e-10
7.067833698030634437e+00 1.844577667304952626e-10
7.089715536105032356e+00 1.844675118287320690e-10
7.111597374179431164e+00 1.844675569269689110e-10
7.133479212253829083e+00 1.844616020252057275e-10
7.155361050328227002e+00 1.844616471234425696e-10
7.177242888402625809e+00 1.844592922216793963e-10
7.199124726477023728e+00 1.844593373199162125e-10
7.221006564551421647e+00 1.844593824181530546e-10
7.242888402625820454e+00 1.844489275163898842e-10
7.264770240700218373e+00 1.844489726146267263e-10
7.286652078774617181e+00 1.844415177128635299e-10
7.308533916849015100e+00 1.844415628111003720e-10
7.330415754923413019e+00 1.844497079093371853e-10
7.352297592997811826e+00 1.844497530075740016e-10
7.374179431072209745e+00 1.844497981058108436e-10
7.396061269146607664e+00 1.844388432040476689e-10
7.417943107221006471e+00 1.844388883022845110e-10
7.439824945295404390e+00 1.844560334005213240e-10
7.461706783369803198e+00 1.844560784987581661e-10
7.483588621444201117e+00 1.844612235969949796e-10
7.505470459518599036e+00 1.844612686952317958e-10
7.527352297592997843e+00 1.844542137934686494e-10
7.549234135667395762e+00 1.844542588917054656e-10
7.571115973741793681e+00 1.844543039899423077e-10
7.592997811816192488e+00 1.844548490881791024e-10
7.614879649890590407e+00 1.844548941864159445e-10
7.636761487964989215e+00 1.844510392846527841e-10
7.658643326039387134e+00 1.844510843828896004e-10
7.680525164113785053e+00 1.844402294811264317e-10
7.702407002188183860e+00 1.844402745793632479e-10
7.724288840262581779e+00 1.844560196776000799e-10
7.746170678336979698e+00 1.844560647758368962e-10
7.768052516411378505e+00 1.844561098740737383e-10
7.789934354485776424e+00 1.844361549723105639e-10
7.811816192560174343e+00 1.844362000705474060e-10
7.833698030634573151e+00 1.844507451687842174e-10
7.855579868708971070e+00 1.844507902670210336e-10
7.877461706783369877e+00 1.844614353652578684e-10
7.899343544857767796e+00 1.844614804634946847e-10
7.921225382932165715e+00 1.844615255617315267e-10
7.943107221006564522e+00 1.844581706599683448e-10
7.964989059080962441e+00 1.844582157582051869e-10
7.986870897155360360e+00 1.844606608564420186e-10
8.008752735229759168e+00 1.844607059546788348e-10
8.030634573304157087e+00 1.844607510529156769e-10
8.052516411378555006e+00 1.844628961511524905e-10
8.074398249452952925e+00 1.844629412493893326e-10
8.096280087527352620e+00 1.844629863476261488e-10
8.118161925601750539e+00 1.844563314458629748e-10
8.140043763676148458e+00 1.844563765440997911e-10
8.161925601750546377e+00 1.844564216423366073e-10
8.183807439824944296e+00 1.844607667405734501e-10
8.205689277899343992e+00 1.844608118388102663e-10
8.227571115973741911e+00 1.844497569370471114e-10
8.249452954048139830e+00 1.844498020352839277e-10
8.271334792122537749e+00 1.844529471335207757e-10
8.293216630196935668e+00 1.844529922317575919e-10
8.315098468271335364e+00 1.844530373299944082e-10
8.336980306345733283e+00 1.844642824282312533e-10
8.358862144420131202e+00 1.844643275264680695e-10
8.380743982494529121e+00 1.844643726247049116e-10
8.402625820568927040e+00 1.844644177229417278e-10
8.424507658643324959e+00 1.844702628211785577e-10
8.446389496717724654e+00 1.844703079194153739e-10
8.468271334792122573e+00 1.844703530176522160e-10
8.490153172866520492e+00 1.844658981158890453e-10
8.512035010940918411e+00 1.844659432141258616e-10
8.533916849015316330e+00 1.844731883123626982e-10
8.555798687089716026e+00 1.844732334105995145e-10
8.577680525164113945e+00 1.844474785088363524e-10
8.599562363238511864e+00 1.844475236070731686e-10
8.621444201312909783e+00 1.844430687053100238e-10
8.643326039387307702e+00 1.844431138035468400e-10
8.665207877461705621e+00 1.844431589017836563e-10
8.687089715536105317e+00 1.844524040000204842e-10
8.708971553610503236e+00 1.844524490982573005e-10
8.730853391684901155e+00 1.844359941964941561e-10
8.752735229759299074e+00 1.844360392947309723e-10
8.774617067833696993e+00 1.844492843929678088e-10
8.796498905908096688e+00 1.844493294912046250e-10
8.818380743982494607e+00 1.844493745894414413e-10
8.840262582056892526e+00 1.844639196876782785e-10
8.862144420131290445e+00 1.844639647859150947e-10
8.884026258205688364e+00 1.844531098841519519e-10
8.905908096280088060e+00 1.844531549823887681e-10
8.927789934354485979e+00 1.844532000806256102e-10
8.949671772428883898e+00 1.844583451788624237e-10
8.971553610503281817e+00 1.844583902770992399e-10
8.993435448577679736e+00 1.844575353753360795e-10
9.015317286652077655e+00 1.844575804735728957e-10
9.037199124726477351e+00 1.844444255718097435e-10
9.059080962800875270e+00 1.844444706700465597e-10
9.080962800875273189e+00 1.844445157682834018e-10
9.102844638949671108e+00 1.844618608665202010e-10
9.124726477024069027e+00 1.844619059647570173e-10
9.146608315098468722e+00 1.844518510629938709e-10
9.168490153172866641e+00 1.844518961612306872e-10
9.190371991247264560e+00 1.844519412594675293e-10
9.212253829321662479e+00 1.844498863577043482e-10
9.234135667396060398e+00 1.844499314559411903e-10
9.256017505470458318e+00 1.844604765541779932e-10
9.277899343544858013e+00 1.844605216524148353e-10
9.299781181619255932e+00 1.844638667506516695e-10
9.321663019693653851e+00 1.844639118488884857e-10
9.343544857768051770e+00 1.844640569471253080e-10
9.365426695842449689e+00 1.844641020453621242e-10
9.387308533916849385e+00 1.844641471435989663e-10
9.409190371991247304e+00 1.844758922418357899e-10
9.431072210065645223e+00 1.844759373400726320e-10
9.452954048140043142e+00 1.844573824383094386e-10
9.474835886214441061e+00 1.844574275365462548e-10
9.496717724288840756e+00 1.844558726347831039e-10
9.518599562363238675e+00 1.844559177330199201e-10
9.540481400437636594e+00 1.844559628312567622e-10
9.562363238512034513e+00 1.844542079294935733e-10
9.584245076586432432e+00 1.844542530277304154e-10
9.606126914660830352e+00 1.844489981259672482e-10
9.628008752735230047e+00 1.844490432242040645e-10
9.649890590809627966e+00 1.844521883224409125e-10
9.671772428884025885e+00 1.844522334206777287e-10
9.693654266958423804e+00 1.844522785189145708e-10
9.715536105032821723e+00 1.844665236171513641e-10
9.737417943107221419e+00 1.844665687153882062e-10
9.759299781181619338e+00 1.844688138136250258e-10
9.781181619256017257e+00 1.844688589118618421e-10
9.803063457330415176e+00 1.844689040100986842e-10
9.824945295404813095e+00 1.844694491083355047e-10
9.846827133479211014e+00 1.844694942065723468e-10
9.868708971553610709e+00 1.844772393048091619e-10
9.890590809628008628e+00 1.844772844030460040e-10
9.912472647702406547e+00 1.844773295012828202e-10
9.934354485776804466e+00 1.844518745995196503e-10
9.956236323851202386e+00 1.844519196977564924e-10
9.978118161925602081e+00 1.844519647959933087e-10
1.000000000000000000e+01 1.859693098942301286e-10
1.002188183807439792e+01 1.859693549924669448e-10
1.004376367614879584e+01 1.850347000907037973e-10
1.006564551422319376e+01 1.850347451889406136e-10
1.008752735229759345e+01 1.850347902871774557e-10
1.010940919037199137e+01 1.850292353854142704e-10
1.013129102844638929e+01 1.850292804836510867e-10
1.015317286652078721e+01 1.850277255818879357e-10
1.017505470459518513e+01 1.850277706801247519e-10
1.019693654266958305e+01 1.850204157783615874e-10
1.021881838074398274e+01 1.850204608765984037e-10
1.024070021881838066e+01 1.850213059748352423e-10
1.026258205689277858e+01 1.850213510730720585e-10
1.028446389496717650e+01 1.850213961713088748e-10
1.030634573304157442e+01 1.850121412695457250e-10
1.032822757111597411e+01 1.850121863677825412e-10
1.035010940919037203e+01 1.850050314660193887e-10
1.037199124726476995e+01 1.850050765642562050e-10
1.039387308533916787e+01 1.850004216624930481e-10
1.041575492341356579e+01 1.850004667607298643e-10
1.043763676148796549e+01 1.850005118589666806e-10
1.045951859956236341e+01 1.850030569572035183e-10
1.048140043763676132e+01 1.850031020554403345e-10
1.050328227571115924e+01 1.849928471536771761e-10
1.052516411378555716e+01 1.849928922519139924e-10
1.054704595185995508e+01 1.849929373501508345e-10
1.056892778993435478e+01 1.849933824483876490e-10
1.059080962800875270e+01 1.849934275466244652e-10
1.061269146608315062e+01 1.850009726448612941e-10
1.063457330415754853e+01 1.850010177430981103e-10
1.065645514223194645e+01 1.850010628413349524e-10
1.067833698030634615e+01 1.849921079395717690e-10
1.070021881838074407e+01 1.849921530378086111e-10
1.072210065645514199e+01 1.850054981360454277e-10
1.074398249452953991e+01 1.850055432342822698e-10
1.076586433260393783e+01 1.850026883325190922e-10
1.078774617067833574e+01 1.850027334307559084e-10
1.080962800875273544e+01 1.849823785289927616e-10
1.083150984682713336e+01 1.849824236272295779e-10
1.085339168490153128e+01 1.849824687254664200e-10
1.087527352297592920e+01 1.849972138237032176e-10
1.089715536105032712e+01 1.849972589219400596e-10
1.091903719912472681e+01 1.849872040201768875e-10
1.094091903719912473e+01 1.849872491184137037e-10
1.096280087527352265e+01 1.849747942166505420e-10
1.098468271334792057e+01 1.849748393148873582e-10
1.100656455142231849e+01 1.849748844131242003e-10
1.102844638949671818e+01 1.849783295113610147e-10
1.105032822757111610e+01 1.849783746095978568e-10
1.107221006564551402e+01 1.849896197078346760e-10
1.109409190371991194e+01 1.849896648060714923e-10
1.111597374179430986e+01 1.849914099043083335e-10
1.113785557986870778e+01 1.849914550025451497e-10
1.115973741794310747e+01 1.849908001007820013e-10
1.118161925601750539e+01 1.849908451990188175e-10
1.120350109409190331e+01 1.849908902972556596e-10
1.122538293216630123e+01 1.849962353954924593e-10
1.124726477024069915e+01 1.849962804937292755e-10
1.126914660831509885e+01 1.849893255919661351e-10
1.129102844638949676e+01 1.849893706902029514e-10
1.131291028446389468e+01 1.849747157884397863e-10
1.133479212253829260e+01 1.849747608866766025e-10
1.135667396061269052e+01 1.849748059849134446e-10
1.137855579868708844e+01 1.849834510831502622e-10
1.140043763676148814e+01 1.849834961813870785e-10
1.142231947483588606e+01 1.849701412796239142e-10
1.144420131291028397e+01 1.849701863778607304e-10
1.146608315098468189e+01 1.849815314760975816e-10
1.148796498905907981e+01 1.849815765743343978e-10
1.150984682713347951e+01 1.849836216725712312e-10
1.153172866520787743e+01 1.849836667708080475e-10
1.155361050328227535e+01 1.849837118690448895e-10
1.157549234135667326e+01 1.849819569672817007e-10
1.159737417943107118e+01 1.849820020655185169e-10
1.161925601750547088e+01 1.849939471637553784e-10
1.164113785557986880e+01 1.849939922619921946e-10
1.166301969365426672e+01 1.849873373602290206e-10
1.168490153172866464e+01 1.849873824584658368e-10
1.170678336980306256e+01 1.849874275567026789e-10
1.172866520787746047e+01 1.849874726549394952e-10
1.175054704595186017e+01 1.849823177531763082e-10
1.177242888402625809e+01 1.849823628514131503e-10
1.179431072210065601e+01 1.849723079496499781e-10
1.181619256017505393e+01 1.849723530478868202e-10
1.183807439824945185e+01 1.849594981461236343e-10
1.185995623632385154e+01 1.849595432443604764e-10
1.188183807439824946e+01 1.849595883425972927e-10
1.190371991247264738e+01 1.849736334408340998e-10
1.192560175054704530e+01 1.849736785390709418e-10
1.194748358862144322e+01 1.849794236373077656e-10
1.196936542669584114e+01 1.849794687355446077e-10
1.199124726477024083e+01 1.849795138337814240e-10
1.201312910284463875e+01 1.849740589320182706e-10
1.203501094091903667e+01 1.849741040302550868e-10
1.205689277899343459e+01 1.849842491284918915e-10
1.207877461706783251e+01 1.849842942267287336e-10
1.210065645514223220e+01 1.849945393249655701e-10
1.212253829321663012e+01 1.849945844232024122e-10
1.214442013129102804e+01 1.849946295214392284e-10
1.216630196936542596e+01 1.849653746196760621e-10
1.218818380743982388e+01 1.849654197179128784e-10
1.221006564551422358e+01 1.849570648161497311e-10
1.223194748358862149e+01 1.849571099143865474e-10
1.225382932166301941e+01 1.849571550126233636e-10
1.227571115973741733e+01 1.849697001108601837e-10
1.229759299781181525e+01 1.849697452090969999e-10
1.231947483588621317e+01 1.849788903073338477e-10
1.234135667396061287e+01 1.849789354055706640e-10
1.236323851203501079e+01 1.849789805038075061e-10
1.238512035010940870e+01 1.849721256020443200e-10
1.240700218818380662e+01 1.849721707002811362e-10
1.242888402625820454e+01 1.849796157985179849e-10
1.245076586433260424e+01 1.849796608967548012e-10
1.247264770240700216e+01 1.849797059949916433e-10
1.249452954048140008e+01 1.849870510932284601e-10
1.251641137855579800e+01 1.849870961914653022e-10
1.253829321663019591e+01 1.849794412897021196e-10
1.256017505470459561e+01 1.849794863879389358e-10
1.258205689277899353e+01 1.849722314861757773e-10
1.260393873085339145e+01 1.849722765844125936e-10
1.262582056892778937e+01 1.849723216826494356e-10
1.264770240700218729e+01 1.849684667808862495e-10
1.266958424507658520e+01 1.849685118791230915e-10
1.269146608315098490e+01 1.849702569773599069e-10
1.271334792122538282e+01 1.849703020755967231e-10
1.273522975929978074e+01 1.849786471738335744e-10
1.275711159737417866e+01 1.849786922720703906e-10
1.277899343544857658e+01 1.849770373703072336e-10
1.280087527352297627e+01 1.849770824685440499e-10
1.282275711159737419e+01 1.849771275667808919e-10
1.284463894967177211e+01 1.849746726650177126e-10
1.286652078774617003e+01 1.849747177632545288e-10
1.288840262582056795e+01 1.849952628614913658e-10
1.291028446389496587e+01 1.849953079597281821e-10
1.293216630196936556e+01 1.849793530579650162e-10
1.295404814004376348e+01 1.849793981562018324e-10
1.297592997811816140e+01 1.849720432544386679e-10
1.299781181619255932e+01 1.849720883526754841e-10
1.301969365426695724e+01 1.849721334509123262e-10
1.304157549234135693e+01 1.849736785491491553e-10
1.306345733041575485e+01 1.849737236473859716e-10
1.308533916849015277e+01 1.849626687456228167e-10
1.310722100656455069e+01 1.849627138438596329e-10
1.312910284463894861e+01 1.849627589420964750e-10
1.315098468271334831e+01 1.849650040403332946e-10
1.317286652078774623e+01 1.849650491385701367e-10
1.319474835886214414e+01 1.849722942368069475e-10
1.321663019693654206e+01 1.849723393350437637e-10
1.323851203501093998e+01 1.849716844332805895e-10
1.326039387308533790e+01 1.849717295315174057e-10
1.328227571115973760e+01 1.849717746297542478e-10
1.330415754923413552e+01 1.849876197279910859e-10
1.332603938730853343e+01 1.849876648262279280e-10
1.334792122538293135e+01 1.849781099244647342e-10
1.336980306345732927e+01 1.849781550227015505e-10
1.339168490153172897e+01 1.849782001209383926e-10
1.341356673960612689e+01 1.849874452191751947e-10
1.343544857768052481e+01 1.849874903174120368e-10
1.345733041575492273e+01 1.849729354156488777e-10
1.347921225382932064e+01 1.849729805138857198e-10
1.350109409190371856e+01 1.849730256121225360e-10
1.352297592997811826e+01 1.849806707103593451e-10
1.354485776805251618e+01 1.849807158085961872e-10
1.356673960612691410e+01 1.849807609068330034e-10
1.358862144420131202e+01 1.849627060050698402e-10
1.361050328227570994e+01 1.849627511033066564e-10
1.363238512035010963e+01 1.849633962015435088e-10
1.365426695842450755e+01 1.849634412997803250e-10
1.367614879649890547e+01 1.849739863980171538e-10
1.369803063457330339e+01 1.849740314962539701e-10
1.371991247264770131e+01 1.849740765944907863e-10
1.374179431072210100e+01 1.849825216927276436e-10
1.376367614879649892e+01 1.849825667909644598e-10
1.378555798687089684e+01 1.849826118892013019e-10
1.380743982494529476e+01 1.849826569874381182e-10
1.382932166301969268e+01 1.849880020856749437e-10
1.385120350109409060e+01 1.849880471839117599e-10
1.387308533916849029e+01 1.849880922821485762e-10
1.389496717724288821e+01 1.849790373803854126e-10
1.391684901531728613e+01 1.849790824786222288e-10
1.393873085339168405e+01 1.849733275768590832e-10
1.396061269146608197e+01 1.849733726750958994e-10
1.398249452954048166e+01 1.849704177733327416e-10
1.400437636761487958e+01 1.849704628715695579e-10
1.402625820568927750e+01 1.849691079698063673e-10
1.404814004376367542e+01 1.849691530680432094e-10
1.407002188183807334e+01 1.849691981662800256e-10
1.409190371991247126e+01 1.849672432645168764e-10
1.411378555798687096e+01 1.849672883627536926e-10
1.413566739606126887e+01 1.849819334609905359e-10
1.415754923413566679e+01 1.849819785592273521e-10
1.417943107221006471e+01 1.849730236574641687e-10
1.420131291028446263e+01 1.849730687557010108e-10
1.422319474835886233e+01 1.849995138539378157e-10
1.424507658643326025e+01 1.849995589521746578e-10
1.426695842450765817e+01 1.849996040504114740e-10
1.428884026258205608e+01 1.849653491486483166e-10
1.431072210065645400e+01 1.849653942468851328e-10
1.433260393873085370e+01 1.849635393451219638e-10
1.435448577680525162e+01 1.849635844433588059e-10
1.437636761487964954e+01 1.849621295415956092e-10
1.439824945295404746e+01 1.849621746398324513e-10
1.442013129102844537e+01 1.849622197380692676e-10
1.444201312910284329e+01 1.849784648363061039e-10
1.446389496717724299e+01 1.849785099345429201e-10
1.448577680525164091e+01 1.849834550327797732e-10
1.450765864332603883e+01 1.849835001310165895e-10
1.452954048140043675e+01 1.849865452292534056e-10
1.455142231947483467e+01 1.849865903274902477e-10
1.457330415754923436e+01 1.849813354257270547e-10
1.459518599562363228e+01 1.849813805239638967e-10
1.461706783369803020e+01 1.849915256222007273e-10
1.463894967177242812e+01 1.849915707204375693e-10
1.466083150984682604e+01 1.849916158186743856e-10
1.468271334792122573e+01 1.849750609169111835e-10
1.470459518599562365e+01 1.849751060151480256e-10
1.472647702407002157e+01 1.849795511133848486e-10
1.474835886214441949e+01 1.849795962116216907e-10
1.477024070021881741e+01 1.849673413098585151e-10
1.479212253829321533e+01 1.849673864080953572e-10
1.481400437636761502e+01 1.849674315063321735e-10
1.483588621444201294e+01 1.849515766045689877e-10
1.485776805251641086e+01 1.849516217028058298e-10
1.487964989059080878e+01 1.849804668010426501e-10
1.490153172866520670e+01 1.849805118992794922e-10
1.492341356673960640e+01 1.849805569975163085e-10
1.494529540481400431e+01 1.849650020957531408e-10
1.496717724288840223e+01 1.849650471939899570e-10
1.498905908096280015e+01 1.849567922922267900e-10
1.501094091903719807e+01 1.849568373904636321e-10
1.503282275711159599e+01 1.849598824887004482e-10
1.505470459518599569e+01 1.849599275869372903e-10
1.507658643326039360e+01 1.849599726851741065e-10
1.509846827133479152e+01 1.849261177834109473e-10
1.512035010940918944e+01 1.849261628816477636e-10
1.514223194748358736e+01 1.849307079798845926e-10
1.516411378555798706e+01 1.849307530781214088e-10
1.518599562363238498e+01 1.849332981763582206e-10
1.520787746170678290e+01 1.849333432745950627e-10
1.522975929978118081e+01 1.849333883728318790e-10
1.525164113785557873e+01 1.849142334710687270e-10
1.527352297592997843e+01 1.849142785693055432e-10
1.529540481400437635e+01 1.849304236675423735e-10
1.531728665207877427e+01 1.849304687657791897e-10
1.533916849015317219e+01 1.849305138640160060e-10
1.536105032822757011e+01 1.849521589622528576e-10
1.538293216630196802e+01 1.849522040604896738e-10
1.540481400437636772e+01 1.849522491587265159e-10
1.542669584245076564e+01 1.849387942569633456e-10
1.544857768052516356e+01 1.849388393552001877e-10
1.547045951859956148e+01 1.849521844534370043e-10
1.549234135667395940e+01 1.849522295516738205e-10
1.551422319474835909e+01 1.849522746499106626e-10
1.553610503282275701e+01 1.849481197481474583e-10
1.555798687089715493e+01 1.849481648463843004e-10
1.557986870897155285e+01 1.849488099446211270e-10
1.560175054704595077e+01 1.849488550428579691e-10
1.562363238512034869e+01 1.849318001410947885e-10
1.564551422319474838e+01 1.849318452393316048e-10
1.566739606126914630e+01 1.849318903375684469e-10
1.568927789934354422e+01 1.849254354358052591e-10
1.571115973741794214e+01 1.849254805340421012e-10
1.573304157549234006e+01 1.849305256322789086e-10
1.575492341356673975e+01 1.849305707305157507e-10
1.577680525164113767e+01 1.849420158287525820e-10
1.579868708971553559e+01 1.849420609269893982e-10
1.582056892778993351e+01 1.849421060252262403e-10
1.584245076586433143e+01 1.849421511234630566e-10
1.586433260393873113e+01 1.849421962216998987e-10
1.588621444201312904e+01 1.849524413199367094e-10
1.590809628008752696e+01 1.849524864181735514e-10
1.592997811816192488e+01 1.849382315164103587e-10
1.595185995623632280e+01 1.849382766146472008e-10
1.597374179431072072e+01 1.849562217128840362e-10
1.599562363238512042e+01 1.849562668111208525e-10
1.601750547045951834e+01 1.849345119093576730e-10
1.603938730853391803e+01 1.849345570075944892e-10
1.606126914660831417e+01 1.849346021058313313e-10
1.608315098468271387e+01 1.849261472040681522e-10
1.610503282275711001e+01 1.849261923023049943e-10
1.612691466083150971e+01 1.849312374005418276e-10
1.614879649890590585e+01 1.849312824987786438e-10
1.617067833698030555e+01 1.849129275970154625e-10
1.619256017505470524e+01 1.849129726952522787e-10
1.621444201312910138e+01 1.849360177934891372e-10
1.623632385120350108e+01 1.849360628917259534e-10
1.625820568927789722e+01 1.849361079899627955e-10
1.628008752735229692e+01 1.849368530881996022e-10
1.630196936542669661e+01 1.849368981864364185e-10
1.632385120350109275e+01 1.849429432846732603e-10
1.634573304157549245e+01 1.849429883829100766e-10
1.636761487964988859e+01 1.849450334811469358e-10
1.638949671772428829e+01 1.849450785793837521e-10
1.641137855579868798e+01 1.849451236776205942e-10
1.643326039387308413e+01 1.849429687758574070e-10
1.645514223194748382e+01 1.849430138740942233e-10
1.647702407002187996e+01 1.849521589723310452e-10
1.649890590809627966e+01 1.849522040705678615e-10
1.652078774617067936e+01 1.849682491688047116e-10
1.654266958424507550e+01 1.849682942670415278e-10
1.656455142231947519e+01 1.849478393652783750e-10
1.658643326039387134e+01 1.849478844635151912e-10
1.660831509846827103e+01 1.849479295617520333e-10
1.663019693654267073e+01 1.849709746599888401e-10
1.665207877461706687e+01 1.849710197582256563e-10
1.667396061269146657e+01 1.849789648564625093e-10
1.669584245076586271e+01 1.849790099546993255e-10
1.671772428884026240e+01 1.849734550529361661e-10
1.673960612691465855e+01 1.849735001511729824e-10
1.676148796498905824e+01 1.849735452494098245e-10
1.678336980306345794e+01 1.849835903476466489e-10
1.680525164113785408e+01 1.849836354458834652e-10
1.682713347921225377e+01 1.849815805441203099e-10
1.684901531728664992e+01 1.849816256423571262e-10
1.687089715536104961e+01 1.849755707405939625e-10
1.689277899343544931e+01 1.849756158388307787e-10
1.691466083150984545e+01 1.849741609370676079e-10
1.693654266958424515e+01 1.849742060353044242e-10
1.695842450765864129e+01 1.849742511335412404e-10
1.698030634573304098e+01 1.849638962317781019e-10
1.700218818380744068e+01 1.849639413300149181e-10
1.702407002188183682e+01 1.849573864282517501e-10
1.704595185995623652e+01 1.849574315264885663e-10
1.706783369803063266e+01 1.849666766247253943e-10
1.708971553610503236e+01 1.849667217229622105e-10
1.711159737417943205e+01 1.849667668211990268e-10
1.713347921225382819e+01 1.849668119194358689e-10
1.715536105032822789e+01 1.849787570176727045e-10
1.717724288840262403e+01 1.849788021159095466e-10
1.719912472647702373e+01 1.849876472141463504e-10
1.722100656455142342e+01 1.849876923123831925e-10
1.724288840262581957e+01 1.849854374106200252e-10
1.726477024070021926e+01 1.849854825088568414e-10
1.728665207877461540e+01 1.849855276070936835e-10
1.730853391684901510e+01 1.849892727053304902e-10
1.733041575492341124e+01 1.849893178035673323e-10
1.735229759299781094e+01 1.849774629018041550e-10
1.737417943107221063e+01 1.849775080000409971e-10
1.739606126914660678e+01 1.849647530982778172e-10
1.741794310722100647e+01 1.849647981965146593e-10
1.743982494529540261e+01 1.849651432947514678e-10
1.746170678336980231e+01 1.849651883929882841e-10
1.748358862144420200e+01 1.849652334912251261e-10
1.750547045951859815e+01 1.849601785894619452e-10
1.752735229759299784e+01 1.849602236876987873e-10
1.754923413566739399e+01 1.849677687859355903e-10
1.757111597374179368e+01 1.849678138841724324e-10
1.759299781181619338e+01 1.849728589824092657e-10
1.761487964989058952e+01 1.849729040806460819e-10
1.763676148796498921e+01 1.849780491788829212e-10
1.765864332603938536e+01 1.849780942771197375e-10
1.768052516411378505e+01 1.849781393753565796e-10
1.770240700218818475e+01 1.849783844735933820e-10
1.772428884026258089e+01 1.849784295718302241e-10
1.774617067833698059e+01 1.849711746700670398e-10
1.776805251641137673e+01 1.849712197683038560e-10
1.778993435448577642e+01 1.849707648665406938e-10
1.781181619256017612e+01 1.849708099647775100e-10
1.783369803063457226e+01 1.849708550630143521e-10
1.785557986870897196e+01 1.849739001612511683e-10
1.787746170678336810e+01 1.849739452594880103e-10
1.789934354485776780e+01 1.849599903577248357e-10
1.792122538293216394e+01 1.849600354559616520e-10
1.794310722100656363e+01 1.849689805541984877e-10
1.796498905908096333e+01 1.849690256524353039e-10
1.798687089715535947e+01 1.849779707506721655e-10
1.800875273522975917e+01 1.849780158489089818e-10
1.803063457330415531e+01 1.849780609471458239e-10
1.805251641137855501e+01 1.849671060453826233e-10
1.807439824945295470e+01 1.849671511436194654e-10
1.809628008752735084e+01 1.849845962418562965e-10
1.811816192560175054e+01 1.849846413400931127e-10
1.814004376367614668e+01 1.849862864383299478e-10
1.816192560175054638e+01 1.849863315365667641e-10
1.818380743982494607e+01 1.849863766348036062e-10
1.820568927789934222e+01 1.849792217330404279e-10
1.822757111597374191e+01 1.849792668312772699e-10
1.824945295404813805e+01 1.849769119295140708e-10
1.827133479212253775e+01 1.849769570277508870e-10
1.829321663019693744e+01 1.849770021259877291e-10
1.831509846827133359e+01 1.849654472242245441e-10
1.833698030634573328e+01 1.849654923224613862e-10
1.835886214442012943e+01 1.849679374206982178e-10
1.838074398249452912e+01 1.849679825189350599e-10
1.840262582056892882e+01 1.849659276171718788e-10
1.842450765864332496e+01 1.849659727154086951e-10
1.844638949671772465e+01 1.849747178136455187e-10
1.846827133479212080e+01 1.849747629118823350e-10
1.849015317286652049e+01 1.849748080101191771e-10
1.851203501094091664e+01 1.849660531083560057e-10
1.853391684901531633e+01 1.849660982065928478e-10
1.855579868708971603e+01 1.849859433048296684e-10
1.857768052516411217e+01 1.849859884030664847e-10
1.859956236323851186e+01 1.849860335013033268e-10
1.862144420131290801e+01 1.849993785995401434e-10
1.864332603938730770e+01 1.849994236977769855e-10
1.866520787746170740e+01 1.849662687960137909e-10
1.868708971553610354e+01 1.849663138942506330e-10
1.870897155361050324e+01 1.849663589924874492e-10
1.873085339168489938e+01 1.849664040907242655e-10
1.875273522975929907e+01 1.849561491889611071e-10
1.877461706783369877e+01 1.849561942871979233e-10
1.879649890590809491e+01 1.849673393854347624e-10
1.881838074398249461e+01 1.849673844836715787e-10
1.884026258205689075e+01 1.849707295819084387e-10
1.886214442013129045e+01 1.849707746801452550e-10
1.888402625820569014e+01 1.849708197783820971e-10
1.890590809628008628e+01 1.849717648766188900e-10
1.892778993435448598e+01 1.849718099748557063e-10
1.894967177242888212e+01 1.849823550730925609e-10
1.897155361050328182e+01 1.849824001713293771e-10
1.899343544857768151e+01 1.849747452695662204e-10
1.901531728665207766e+01 1.849747903678030366e-10
1.903719912472647735e+01 1.849636354660398757e-10
1.905908096280087349e+01 1.849636805642766919e-10
1.908096280087527319e+01 1.849637256625135082e-10
1.910284463894966933e+01 1.849720707607503594e-10
1.912472647702406903e+01 1.849721158589871757e-10
1.914660831509846872e+01 1.849594609572240019e-10
1.916849015317286486e+01 1.849595060554608181e-10
1.919037199124726456e+01 1.849650511536976557e-10
1.921225382932166070e+01 1.849650962519344719e-10
1.923413566739606040e+01 1.849651413501712882e-10
1.925601750547046009e+01 1.849688864484081465e-10
1.927789934354485624e+01 1.849689315466449627e-10
1.929978118161925593e+01 1.849587766448818104e-10
1.932166301969365207e+01 1.849588217431186266e-10
1.934354485776805177e+01 1.849816668413554472e-10
1.936542669584245147e+01 1.849817119395922634e-10
1.938730853391684761e+01 1.849770570378290807e-10
1.940919037199124730e+01 1.849771021360659228e-10
1.943107221006564345e+01 1.849771472343027390e-10
1.945295404814004314e+01 1.849598923325395981e-10
1.947483588621444284e+01 1.849599374307764144e-10
1.949671772428883898e+01 1.849656825290132382e-10
1.951859956236323868e+01 1.849657276272500544e-10
1.954048140043763482e+01 1.849651727254869120e-10
1.956236323851203451e+01 1.849652178237237283e-10
1.958424507658643421e+01 1.849508629219605295e-10
1.960612691466083035e+01 1.849509080201973716e-10
1.962800875273523005e+01 1.849509531184341879e-10
1.964989059080962619e+01 1.849587982166710348e-10
1.967177242888402589e+01 1.849588433149078511e-10
1.969365426695842203e+01 1.849611884131447026e-10
1.971553610503282172e+01 1.849612335113815188e-10
1.973741794310722142e+01 1.849751786096183199e-10
1.975929978118161756e+01 1.849752237078551620e-10
1.978118161925601726e+01 1.849752688060919782e-10
1.980306345733041340e+01 1.849769139043288392e-10
1.982494529540481309e+01 1.849769590025656554e-10
1.984682713347921279e+01 1.849794041008024871e-10
1.986870897155360893e+01 1.849794491990393033e-10
1.989059080962800863e+01 1.849794942972761196e-10
1.991247264770240477e+01 1.849751393955129549e-10
1.993435448577680447e+01 1.849751844937497712e-10
1.995623632385120416e+01 1.849754295919866253e-10
1.997811816192560030e+01 1.849754746902234416e-10
