0.000000000000000000e+00 1.907525999999999892e-10
2.212389380530972033e-02 1.907441000827993514e-10
4.424778761061944066e-02 1.907441001655986831e-10
6.637168141592916792e-02 1.907441002483980407e-10
8.849557522123888131e-02 1.907486003311973852e-10
1.106194690265485947e-01 1.907486004139967428e-10
1.327433628318583358e-01 1.907582004967960587e-10
1.548672566371680492e-01 1.907582005795954163e-10
1.769911504424777626e-01 1.907580006623947619e-10
1.991150442477874760e-01 1.907580007451941195e-10
2.212389380530971894e-01 1.907580008279934512e-10
2.433628318584069306e-01 1.907459009107928032e-10
2.654867256637166717e-01 1.907459009935921350e-10
2.876106194690263851e-01 1.907478010763915037e-10
3.097345132743360985e-01 1.907478011591908355e-10
3.318584070796458119e-01 1.907419012419901735e-10
3.539823008849555253e-01 1.907419013247895052e-10
3.761061946902652386e-01 1.907406014075888620e-10
3.982300884955749520e-01 1.907406014903881938e-10
4.203539823008846654e-01 1.907406015731875514e-10
4.424778761061943788e-01 1.907464016559868967e-10
4.646017699115041477e-01 1.907464017387862543e-10
4.867256637168138611e-01 1.907381018215856027e-10
5.088495575221235745e-01 1.907381019043849345e-10
5.309734513274333434e-01 1.907490019871843029e-10
5.530973451327430013e-01 1.907490020699836346e-10
5.752212389380527702e-01 1.907490021527829922e-10
5.973451327433624281e-01 1.907449022355823095e-10
6.194690265486721970e-01 1.907449023183816671e-10
6.415929203539818548e-01 1.907571024011810104e-10
6.637168141592916237e-01 1.907571024839803680e-10
6.858407079646012816e-01 1.907571025667796998e-10
7.079646017699110505e-01 1.907551026495790661e-10
7.300884955752208194e-01 1.907551027323783978e-10
7.522123893805304773e-01 1.907566028151777424e-10
7.743362831858402462e-01 1.907566028979770742e-10
7.964601769911499041e-01 1.907468029807764356e-10
8.185840707964596730e-01 1.907468030635757673e-10
8.407079646017693308e-01 1.907468031463751249e-10
8.628318584070790997e-01 1.907582032291744459e-10
8.849557522123887576e-01 1.907582033119738035e-10
9.070796460176985265e-01 1.907469033947731521e-10
9.292035398230082954e-01 1.907469034775725097e-10
9.513274336283179533e-01 1.907469035603718673e-10
9.734513274336277222e-01 1.907523036431711885e-10
9.955752212389373801e-01 1.907523037259705461e-10
1.017699115044247149e+00 1.907408038087698826e-10
1.039823008849556807e+00 1.907408038915692402e-10
1.061946902654866687e+00 1.907335039743685713e-10
1.084070796460176345e+00 1.907335040571679289e-10
1.106194690265486003e+00 1.907335041399672607e-10
1.128318584070795660e+00 1.907335042227666183e-10
1.150442477876105540e+00 1.907469043055659564e-10
1.172566371681415198e+00 1.907469043883653140e-10
1.194690265486724856e+00 1.907356044711646367e-10
1.216814159292034514e+00 1.907356045539639943e-10
1.238938053097344394e+00 1.907502046367633272e-10
1.261061946902654052e+00 1.907502047195626848e-10
1.283185840707963710e+00 1.907502048023620166e-10
1.305309734513273590e+00 1.907503048851613802e-10
1.327433628318583247e+00 1.907503049679607120e-10
1.349557522123892905e+00 1.907459050507600628e-10
1.371681415929202563e+00 1.907459051335594204e-10
1.393805309734512443e+00 1.907592052163587526e-10
1.415929203539822101e+00 1.907592052991581102e-10
1.438053097345131759e+00 1.907592053819574419e-10
1.460176991150441639e+00 1.907458054647567931e-10
1.482300884955751297e+00 1.907458055475561249e-10
1.504424778761060955e+00 1.907380056303554776e-10
1.526548672566370612e+00 1.907380057131548093e-10
1.548672566371680492e+00 1.907386057959541773e-10
1.570796460176990150e+00 1.907386058787535090e-10
1.592920353982299808e+00 1.907498059615528696e-10
1.615044247787609688e+00 1.907498060443522014e-10
1.637168141592919346e+00 1.907358061271515681e-10
1.659292035398229004e+00 1.907358062099508999e-10
1.681415929203538662e+00 1.907358062927502575e-10
1.703539823008848542e+00 1.907438063755495803e-10
1.725663716814158199e+00 1.907438064583489379e-10
1.747787610619467857e+00 1.907379065411482759e-10
1.769911504424777515e+00 1.907379066239476335e-10
1.792035398230087395e+00 1.907379067067469653e-10
1.814159292035397053e+00 1.907529067895463223e-10
1.836283185840706711e+00 1.907529068723456799e-10
1.858407079646016591e+00 1.907440069551449922e-10
1.880530973451326249e+00 1.907440070379443498e-10
1.902654867256635907e+00 1.907561071207436871e-10
1.924778761061945564e+00 1.907561072035430447e-10
1.946902654867255444e+00 1.907561072863423764e-10
1.969026548672565102e+00 1.907559073691417478e-10
1.991150442477874760e+00 1.907559074519410796e-10
2.013274336283184418e+00 1.907549075347404286e-10
2.035398230088494298e+00 1.907549076175397604e-10
2.057522123893804178e+00 1.907392077003391280e-10
2.079646017699113614e+00 1.907392077831384598e-10
2.101769911504423494e+00 1.907392078659378174e-10
2.123893805309733374e+00 1.907592079487371398e-10
2.146017699115042809e+00 1.907592080315364974e-10
2.168141592920352689e+00 1.907456081143358365e-10
2.190265486725662125e+00 1.907456081971351941e-10
2.212389380530972005e+00 1.907438082799345208e-10
2.234513274336281885e+00 1.907438083627338784e-10
2.256637168141591321e+00 1.907438084455332101e-10
2.278761061946901201e+00 1.907477085283325702e-10
2.300884955752211081e+00 1.907477086111319278e-10
2.323008849557520517e+00 1.907305086939312567e-10
2.345132743362830396e+00 1.907305087767306143e-10
2.367256637168140276e+00 1.907567088595299485e-10
2.389380530973449712e+00 1.907567089423293061e-10
2.411504424778759592e+00 1.907542090251286423e-10
2.433628318584069028e+00 1.907542091079279999e-10
2.455752212389378908e+00 1.907542091907273316e-10
2.477876106194688788e+00 1.907505092735266730e-10
2.499999999999998224e+00 1.907505093563260047e-10
2.522123893805308104e+00 1.907456094391253772e-10
2.544247787610617983e+00 1.907456095219247089e-10
2.566371681415927419e+00 1.907527096047240551e-10
2.588495575221237299e+00 1.907527096875233868e-10
2.610619469026547179e+00 1.907527097703227444e-10
2.632743362831856615e+00 1.907420098531220774e-10
2.654867256637166495e+00 1.907420099359214350e-10
2.676991150442476375e+00 1.907537100187207741e-10
2.699115044247785811e+00 1.907537101015201317e-10
2.721238938053095691e+00 1.907370101843194649e-10
2.743362831858405126e+00 1.907370102671188225e-10
2.765486725663715006e+00 1.907370103499181801e-10
2.787610619469024886e+00 1.907454104327175012e-10
2.809734513274334322e+00 1.907454105155168588e-10
2.831858407079644202e+00 1.907438105983161975e-10
2.853982300884954082e+00 1.907438106811155551e-10
2.876106194690263518e+00 1.907305107639148865e-10
2.898230088495573398e+00 1.907305108467142441e-10
2.920353982300883278e+00 1.907305109295135759e-10
2.942477876106192713e+00 1.907623110123129374e-10
2.964601769911502593e+00 1.907623110951122692e-10
2.986725663716812029e+00 1.907623111779116268e-10
3.008849557522121909e+00 1.907396112607109603e-10
3.030973451327431789e+00 1.907396113435103179e-10
3.053097345132741225e+00 1.907435114263096520e-10
3.075221238938051105e+00 1.907435115091090096e-10
3.097345132743360985e+00 1.907435115919083414e-10
3.119469026548670421e+00 1.907609116747076880e-10
3.141592920353980301e+00 1.907609117575070197e-10
3.163716814159290180e+00 1.907468118403063805e-10
3.185840707964599616e+00 1.907468119231057122e-10
3.207964601769909496e+00 1.907555120059050772e-10
3.230088495575219376e+00 1.907555120887044348e-10
3.252212389380528812e+00 1.907555121715037666e-10
3.274336283185838692e+00 1.907516122543031218e-10
3.296460176991148128e+00 1.907516123371024535e-10
3.318584070796458008e+00 1.907445124199017967e-10
3.340707964601767888e+00 1.907445125027011285e-10
3.362831858407077323e+00 1.907516125855005005e-10
3.384955752212387203e+00 1.907516126682998322e-10
3.407079646017697083e+00 1.907410127510991712e-10
3.429203539823006519e+00 1.907410128338985030e-10
3.451327433628316399e+00 1.907430129166978778e-10
3.473451327433626279e+00 1.907430129994972095e-10
3.495575221238935715e+00 1.907430130822965671e-10
3.517699115044245595e+00 1.907553131650958906e-10
3.539823008849555031e+00 1.907553132478952482e-10
3.561946902654864910e+00 1.907376133306945729e-10
3.584070796460174790e+00 1.907376134134939305e-10
3.606194690265484226e+00 1.907645134962932810e-10
3.628318584070794106e+00 1.907645135790926386e-10
3.650442477876103986e+00 1.907645136618919962e-10
3.672566371681413422e+00 1.907542137446913275e-10
3.694690265486723302e+00 1.907542138274906851e-10
3.716814159292033182e+00 1.907534139102900204e-10
3.738938053097342618e+00 1.907534139930893780e-10
3.761061946902652497e+00 1.907519140758886968e-10
3.783185840707962377e+00 1.907519141586880544e-10
3.805309734513271813e+00 1.907622142414873867e-10
3.827433628318581693e+00 1.907622143242867443e-10
3.849557522123891129e+00 1.907622144070860760e-10
3.871681415929201009e+00 1.907441144898854283e-10
3.893805309734510889e+00 1.907441145726847600e-10
3.915929203539820325e+00 1.907459146554841227e-10
3.938053097345130205e+00 1.907459147382834545e-10
3.960176991150440085e+00 1.907353148210828194e-10
3.982300884955749520e+00 1.907353149038821511e-10
4.004424778761059400e+00 1.907353149866815087e-10
4.026548672566368836e+00 1.907317150694808303e-10
4.048672566371679160e+00 1.907317151522801879e-10
4.070796460176988596e+00 1.907369152350795229e-10
4.092920353982298032e+00 1.907369153178788805e-10
4.115044247787608356e+00 1.907223154006782369e-10
4.137168141592917792e+00 1.907223154834775686e-10
4.159292035398227227e+00 1.907429155662769272e-10
4.181415929203537551e+00 1.907429156490762589e-10
4.203539823008846987e+00 1.907429157318756165e-10
4.225663716814156423e+00 1.907259158146749575e-10
4.247787610619466747e+00 1.907259158974743151e-10
4.269911504424776183e+00 1.907190159802736446e-10
4.292035398230085619e+00 1.907190160630730022e-10
4.314159292035395055e+00 1.907086161458723274e-10
4.336283185840705379e+00 1.907086162286716850e-10
4.358407079646014815e+00 1.907086163114710168e-10
4.380530973451324250e+00 1.907123163942703648e-10
4.402654867256634574e+00 1.907123164770696965e-10
4.424778761061944010e+00 1.906926165598690557e-10
4.446902654867253446e+00 1.906926166426683875e-10
4.469026548672563770e+00 1.906995167254677474e-10
4.491150442477873206e+00 1.906995168082670791e-10
4.513274336283182642e+00 1.906871168910664389e-10
4.535398230088492966e+00 1.906871169738657707e-10
4.557522123893802402e+00 1.906871170566651283e-10
4.579646017699111837e+00 1.906919171394644909e-10
4.601769911504422161e+00 1.906919172222638226e-10
4.623893805309731597e+00 1.906975173050631817e-10
4.646017699115041033e+00 1.906975173878625135e-10
4.668141592920351357e+00 1.906909174706618610e-10
4.690265486725660793e+00 1.906909175534611927e-10
4.712389380530970229e+00 1.906909176362605503e-10
4.734513274336280553e+00 1.906909177190598821e-10
4.756637168141589989e+00 1.907170178018592361e-10
4.778761061946899424e+00 1.907170178846585679e-10
4.800884955752209748e+00 1.907097179674579249e-10
4.823008849557519184e+00 1.907097180502572566e-10
4.845132743362828620e+00 1.907232181330566266e-10
4.867256637168138056e+00 1.907232182158559584e-10
4.889380530973448380e+00 1.907232182986553160e-10
4.911504424778757816e+00 1.907155183814546489e-10
4.933628318584067252e+00 1.907155184642540065e-10
4.955752212389377576e+00 1.907181185470533399e-10
4.977876106194687011e+00 1.907181186298526975e-10
4.999999999999996447e+00 1.907147187126520311e-10
5.022123893805306771e+00 1.907147187954513887e-10
5.044247787610616207e+00 1.907106188782507318e-10
5.066371681415925643e+00 1.907106189610500635e-10
5.088495575221235967e+00 1.907106190438494211e-10
5.110619469026545403e+00 1.907061191266487660e-10
5.132743362831854839e+00 1.907061192094481236e-10
5.154867256637165163e+00 1.907029192922474434e-10
5.176991150442474598e+00 1.907029193750468010e-10
5.199115044247784034e+00 1.907102194578461333e-10
5.221238938053094358e+00 1.907102195406454909e-10
5.243362831858403794e+00 1.907102196234448227e-10
5.265486725663713230e+00 1.906972197062441980e-10
5.287610619469023554e+00 1.906972197890435298e-10
5.309734513274332990e+00 1.907158198718428711e-10
5.331858407079642426e+00 1.907158199546422029e-10
5.353982300884952750e+00 1.907084200374415539e-10
5.376106194690262186e+00 1.907084201202408856e-10
5.398230088495571621e+00 1.907130202030402620e-10
5.420353982300881057e+00 1.907130202858395938e-10
5.442477876106191381e+00 1.907130203686389514e-10
5.464601769911500817e+00 1.907204204514382897e-10
5.486725663716810253e+00 1.907204205342376473e-10
5.508849557522120577e+00 1.907174206170370050e-10
5.530973451327430013e+00 1.907174206998363368e-10
5.553097345132739449e+00 1.907075207826356922e-10
5.575221238938049773e+00 1.907075208654350239e-10
5.597345132743359208e+00 1.907075209482343815e-10
5.619469026548668644e+00 1.907168210310337052e-10
5.641592920353978968e+00 1.907168211138330628e-10
5.663716814159288404e+00 1.907087211966323974e-10
5.685840707964597840e+00 1.907087212794317550e-10
5.707964601769908164e+00 1.907070213622310877e-10
5.730088495575217600e+00 1.907070214450304453e-10
5.752212389380527036e+00 1.907070215278297770e-10
5.774336283185837360e+00 1.907078216106291312e-10
5.796460176991146795e+00 1.907078216934284629e-10
5.818584070796456231e+00 1.906964217762278054e-10
5.840707964601766555e+00 1.906964218590271372e-10
5.862831858407075991e+00 1.906964219418264948e-10
5.884955752212385427e+00 1.907157220246258267e-10
5.907079646017695751e+00 1.907157221074251843e-10
5.929203539823005187e+00 1.907061221902245577e-10
5.951327433628314623e+00 1.907061222730238895e-10
5.973451327433624058e+00 1.907112223558232443e-10
5.995575221238934382e+00 1.907112224386225761e-10
6.017699115044243818e+00 1.907112225214219337e-10
6.039823008849553254e+00 1.907116226042212637e-10
6.061946902654863578e+00 1.907116226870206213e-10
6.084070796460173014e+00 1.907077227698199506e-10
6.106194690265482450e+00 1.907077228526193082e-10
6.128318584070792774e+00 1.906985229354186541e-10
6.150442477876102210e+00 1.906985230182180117e-10
6.172566371681411646e+00 1.907180231010173298e-10
6.194690265486721970e+00 1.907180231838166874e-10
6.216814159292031405e+00 1.907180232666160191e-10
6.238938053097340841e+00 1.906938233494153914e-10
6.261061946902651165e+00 1.906938234322147232e-10
6.283185840707960601e+00 1.907131235150140809e-10
6.305309734513270037e+00 1.907131235978134126e-10
6.327433628318580361e+00 1.906937236806127641e-10
6.349557522123889797e+00 1.906937237634120958e-10
6.371681415929199233e+00 1.906937238462114534e-10
6.393805309734509557e+00 1.906963239290108127e-10
6.415929203539818992e+00 1.906963240118101444e-10
6.438053097345128428e+00 1.907004240946094907e-10
6.460176991150438752e+00 1.907004241774088224e-10
6.482300884955748188e+00 1.906988242602081870e-10
6.504424778761057624e+00 1.906988243430075187e-10
6.526548672566367060e+00 1.906988244258068763e-10
6.548672566371677384e+00 1.906988245086062081e-10
6.570796460176986820e+00 1.907242245914055716e-10
6.592920353982296255e+00 1.907242246742049033e-10
6.615044247787606579e+00 1.907144247570042389e-10
6.637168141592916015e+00 1.907144248398035707e-10
6.659292035398225451e+00 1.907131249226029533e-10
6.681415929203535775e+00 1.907131250054022850e-10
6.703539823008845211e+00 1.907155250882016322e-10
6.725663716814154647e+00 1.907155251710009640e-10
6.747787610619464971e+00 1.907155252538003216e-10
6.769911504424774407e+00 1.907181253365996549e-10
6.792035398230083842e+00 1.907181254193990125e-10
6.814159292035394166e+00 1.906990255021983304e-10
6.836283185840703602e+00 1.906990255849976880e-10
6.858407079646013038e+00 1.907051256677970514e-10
6.880530973451323362e+00 1.907051257505963831e-10
6.902654867256632798e+00 1.907051258333957407e-10
6.924778761061942234e+00 1.906941259161950815e-10
6.946902654867252558e+00 1.906941259989944391e-10
6.969026548672561994e+00 1.906970260817937647e-10
6.991150442477871430e+00 1.906970261645931223e-10
7.013274336283181754e+00 1.906970262473924541e-10
7.035398230088491189e+00 1.906970263301918117e-10
7.057522123893800625e+00 1.906970264129911434e-10
7.079646017699110061e+00 1.906867264957905005e-10
7.101769911504420385e+00 1.906867265785898323e-10
7.123893805309729821e+00 1.907040266613891987e-10
7.146017699115039257e+00 1.907040267441885305e-10
7.168141592920349581e+00 1.906957268269878789e-10
7.190265486725659017e+00 1.906957269097872106e-10
7.212389380530968452e+00 1.907019269925865801e-10
7.234513274336278776e+00 1.907019270753859118e-10
7.256637168141588212e+00 1.907019271581852694e-10
7.278761061946897648e+00 1.906995272409845858e-10
7.300884955752207972e+00 1.906995273237839434e-10
7.323008849557517408e+00 1.906945274065833098e-10
7.345132743362826844e+00 1.906945274893826415e-10
7.367256637168137168e+00 1.906951275721820094e-10
7.389380530973446604e+00 1.906951276549813412e-10
7.411504424778756039e+00 1.907014277377806908e-10
7.433628318584066363e+00 1.907014278205800225e-10
7.455752212389375799e+00 1.907014279033793801e-10
7.477876106194685235e+00 1.906895279861787184e-10
7.499999999999995559e+00 1.906895280689780760e-10
7.522123893805304995e+00 1.906903281517774042e-10
7.544247787610614431e+00 1.906903282345767618e-10
7.566371681415924755e+00 1.906835283173760973e-10
7.588495575221234191e+00 1.906835284001754549e-10
7.610619469026543626e+00 1.906835284829747867e-10
7.632743362831853950e+00 1.906742285657741265e-10
7.654867256637163386e+00 1.906742286485734583e-10
7.676991150442472822e+00 1.906935287313728160e-10
7.699115044247782258e+00 1.906935288141721477e-10
7.721238938053092582e+00 1.906823288969715023e-10
7.743362831858402018e+00 1.906823289797708341e-10
7.765486725663711454e+00 1.906966290625702006e-10
7.787610619469021778e+00 1.906966291453695582e-10
7.809734513274331213e+00 1.906966292281688900e-10
7.831858407079640649e+00 1.907050293109682369e-10
7.853982300884950973e+00 1.907050293937675686e-10
7.876106194690260409e+00 1.907112294765669381e-10
7.898230088495569845e+00 1.907112295593662698e-10
7.920353982300880169e+00 1.907224296421656304e-10
7.942477876106189605e+00 1.907224297249649622e-10
7.964601769911499041e+00 1.907438298077643173e-10
7.986725663716809365e+00 1.907438298905636490e-10
8.008849557522118801e+00 1.907438299733630066e-10
8.030973451327428236e+00 1.907295300561623294e-10
8.053097345132737672e+00 1.907295301389616870e-10
8.075221238938047108e+00 1.907370302217610314e-10
8.097345132743358320e+00 1.907370303045603890e-10
8.119469026548667756e+00 1.907239303873597066e-10
8.141592920353977192e+00 1.907239304701590642e-10
8.163716814159286628e+00 1.907239305529583960e-10
8.185840707964596064e+00 1.907352306357577626e-10
8.207964601769905499e+00 1.907352307185570944e-10
8.230088495575216712e+00 1.907253308013564498e-10
8.252212389380526147e+00 1.907253308841558074e-10
8.274336283185835583e+00 1.907317309669551371e-10
8.296460176991145019e+00 1.907317310497544947e-10
8.318584070796454455e+00 1.907317311325538265e-10
8.340707964601763891e+00 1.907482312153531964e-10
8.362831858407075103e+00 1.907482312981525281e-10
8.384955752212384539e+00 1.907482313809518857e-10
8.407079646017693975e+00 1.907388314637512196e-10
8.429203539823003410e+00 1.907388315465505772e-10
8.451327433628312846e+00 1.907410316293498864e-10
8.473451327433622282e+00 1.907410317121492440e-10
8.495575221238933494e+00 1.907410317949485758e-10
8.517699115044242930e+00 1.907436318777479350e-10
8.539823008849552366e+00 1.907436319605472668e-10
8.561946902654861802e+00 1.907449320433466252e-10
8.584070796460171238e+00 1.907449321261459569e-10
8.606194690265480673e+00 1.907338322089453175e-10
8.628318584070790109e+00 1.907338322917446493e-10
8.650442477876101321e+00 1.907458323745440064e-10
8.672566371681410757e+00 1.907458324573433640e-10
8.694690265486720193e+00 1.907458325401426958e-10
8.716814159292029629e+00 1.907216326229420681e-10
8.738938053097339065e+00 1.907216327057413998e-10
8.761061946902648501e+00 1.907339327885407492e-10
8.783185840707959713e+00 1.907339328713400810e-10
8.805309734513269149e+00 1.907288329541394413e-10
8.827433628318578585e+00 1.907288330369387731e-10
8.849557522123888020e+00 1.907288331197381307e-10
8.871681415929197456e+00 1.907211332025374636e-10
8.893805309734506892e+00 1.907211332853368212e-10
8.915929203539818104e+00 1.907302333681361586e-10
8.938053097345127540e+00 1.907302334509355162e-10
8.960176991150436976e+00 1.907296335337348377e-10
8.982300884955746412e+00 1.907296336165341953e-10
9.004424778761055848e+00 1.907296336993335270e-10
9.026548672566365283e+00 1.907335337821328870e-10
9.048672566371676496e+00 1.907335338649322188e-10
9.070796460176985931e+00 1.907387339477315796e-10
9.092920353982295367e+00 1.907387340305309114e-10
9.115044247787604803e+00 1.907374341133302682e-10
9.137168141592914239e+00 1.907374341961296258e-10
9.159292035398223675e+00 1.907374342789289575e-10
9.181415929203533111e+00 1.907386343617283099e-10
9.203539823008844323e+00 1.907386344445276417e-10
9.225663716814153759e+00 1.907487345273270135e-10
9.247787610619463194e+00 1.907487346101263453e-10
9.269911504424772630e+00 1.907305346929256915e-10
9.292035398230082066e+00 1.907305347757250233e-10
9.314159292035391502e+00 1.907305348585243809e-10
9.336283185840702714e+00 1.907393349413237002e-10
9.358407079646012150e+00 1.907393350241230578e-10
9.380530973451321586e+00 1.907301351069224037e-10
9.402654867256631022e+00 1.907301351897217613e-10
9.424778761061940457e+00 1.907301352725210931e-10
9.446902654867249893e+00 1.907371353553204590e-10
9.469026548672561105e+00 1.907371354381197908e-10
9.491150442477870541e+00 1.907252355209191290e-10
9.513274336283179977e+00 1.907252356037184607e-10
9.535398230088489413e+00 1.907342356865178180e-10
9.557522123893798849e+00 1.907342357693171497e-10
9.579646017699108285e+00 1.907235358521165086e-10
9.601769911504419497e+00 1.907235359349158662e-10
9.623893805309728933e+00 1.907235360177151980e-10
9.646017699115038369e+00 1.907166361005145532e-10
9.668141592920347804e+00 1.907166361833138850e-10
9.690265486725657240e+00 1.907060362661132499e-10
9.712389380530966676e+00 1.907060363489125816e-10
9.734513274336276112e+00 1.907247364317119291e-10
9.756637168141587324e+00 1.907247365145112608e-10
9.778761061946896760e+00 1.907576365973106370e-10
9.800884955752206196e+00 1.907576366801099687e-10
9.823008849557515632e+00 1.907576367629093263e-10
9.845132743362825067e+00 1.907576368457086581e-10
9.867256637168134503e+00 1.907576369285080157e-10
9.889380530973445715e+00 1.907576370113073474e-10
9.911504424778755151e+00 1.907576370941067050e-10
9.933628318584064587e+00 1.907576371769060368e-10
9.955752212389374023e+00 1.907576372597053944e-10
9.977876106194683459e+00 1.907576373425047261e-10
9.999999999999992895e+00 1.912738374253040762e-10
1.002212389380530411e+01 1.912738375081034080e-10
1.004424778761061354e+01 1.912563375909027705e-10
1.006637168141592298e+01 1.912563376737021281e-10
1.008849557522123241e+01 1.912511377565014566e-10
1.011061946902654185e+01 1.912511378393008142e-10
1.013274336283185129e+01 1.912511379221001460e-10
1.015486725663716250e+01 1.912421380048995039e-10
1.017699115044247193e+01 1.912421380876988357e-10
1.019911504424778137e+01 1.912421381704981933e-10
1.022123893805309081e+01 1.912316382532975125e-10
1.024336283185840024e+01 1.912316383360968701e-10
1.026548672566370968e+01 1.912294384188962243e-10
1.028761061946901911e+01 1.912294385016955819e-10
1.030973451327433033e+01 1.911959385844949107e-10
1.033185840707963976e+01 1.911959386672942683e-10
1.035398230088494920e+01 1.911959387500936000e-10
1.037610619469025863e+01 1.912012388328929410e-10
1.039823008849556807e+01 1.912012389156922728e-10
1.042035398230087750e+01 1.911929389984916471e-10
1.044247787610618872e+01 1.911929390812909788e-10
1.046460176991149815e+01 1.912147391640903321e-10
1.048672566371680759e+01 1.912147392468896639e-10
1.050884955752211702e+01 1.912147393296890215e-10
1.053097345132742646e+01 1.911896394124883654e-10
1.055309734513273590e+01 1.911896394952876971e-10
1.057522123893804711e+01 1.911908395780870754e-10
1.059734513274335654e+01 1.911908396608864071e-10
1.061946902654866598e+01 1.911907397436857587e-10
1.064159292035397542e+01 1.911907398264850905e-10
1.066371681415928485e+01 1.911804399092844476e-10
1.068584070796459429e+01 1.911804399920837793e-10
1.070796460176990550e+01 1.911804400748831369e-10
1.073008849557521494e+01 1.911889401576824641e-10
1.075221238938052437e+01 1.911889402404818217e-10
1.077433628318583381e+01 1.911899403232811620e-10
1.079646017699114324e+01 1.911899404060805196e-10
1.081858407079645268e+01 1.911787404888798483e-10
1.084070796460176211e+01 1.911787405716792059e-10
1.086283185840707333e+01 1.911787406544785377e-10
1.088495575221238276e+01 1.911920407372778956e-10
1.090707964601769220e+01 1.911920408200772274e-10
1.092920353982300163e+01 1.911880409028765765e-10
1.095132743362831107e+01 1.911880409856759341e-10
1.097345132743362051e+01 1.911837410684752652e-10
1.099557522123893172e+01 1.911837411512746228e-10
1.101769911504424115e+01 1.911984412340739617e-10
1.103982300884955059e+01 1.911984413168733193e-10
1.106194690265486003e+01 1.911984413996726511e-10
1.108407079646016946e+01 1.911806414824719955e-10
1.110619469026547890e+01 1.911806415652713273e-10
1.112831858407079011e+01 1.911858416480706881e-10
1.115044247787609955e+01 1.911858417308700199e-10
1.117256637168140898e+01 1.911839418136693922e-10
1.119469026548671842e+01 1.911839418964687240e-10
1.121681415929202785e+01 1.911839419792680816e-10
1.123893805309733729e+01 1.911772420620673972e-10
1.126106194690264850e+01 1.911772421448667548e-10
1.128318584070795794e+01 1.911772422276660865e-10
1.130530973451326737e+01 1.911772423104654441e-10
1.132743362831857681e+01 1.911845423932647765e-10
1.134955752212388624e+01 1.911845424760641341e-10
1.137168141592919568e+01 1.911674425588634691e-10
1.139380530973450512e+01 1.911674426416628267e-10
1.141592920353981633e+01 1.911674427244621843e-10
1.143805309734512576e+01 1.911801428072615319e-10
1.146017699115043520e+01 1.911801428900608895e-10
1.148230088495574464e+01 1.911708429728602035e-10
1.150442477876105407e+01 1.911708430556595611e-10
1.152654867256636351e+01 1.911768431384588926e-10
1.154867256637167472e+01 1.911768432212582502e-10
1.157079646017698416e+01 1.911850433040575851e-10
1.159292035398229359e+01 1.911850433868569427e-10
1.161504424778760303e+01 1.911850434696562745e-10
1.163716814159291246e+01 1.911645435524556372e-10
1.165929203539822190e+01 1.911645436352549689e-10
1.168141592920353311e+01 1.911737437180543124e-10
1.170353982300884255e+01 1.911737438008536441e-10
1.172566371681415198e+01 1.911737438836530017e-10
1.174778761061946142e+01 1.911737439664523335e-10
1.176991150442477085e+01 1.911775440492517133e-10
1.179203539823008029e+01 1.911775441320510451e-10
1.181415929203539150e+01 1.911576442148503922e-10
1.183628318584070094e+01 1.911576442976497240e-10
1.185840707964601037e+01 1.911649443804490822e-10
1.188053097345131981e+01 1.911649444632484398e-10
1.190265486725662925e+01 1.911535445460477823e-10
1.192477876106193868e+01 1.911535446288471399e-10
1.194690265486724812e+01 1.911535447116464716e-10
1.196902654867255933e+01 1.911692447944458192e-10
1.199115044247786876e+01 1.911692448772451509e-10
1.201327433628317820e+01 1.911664449600444948e-10
1.203539823008848764e+01 1.911664450428438266e-10
1.205752212389379707e+01 1.911618451256431913e-10
1.207964601769910651e+01 1.911618452084425230e-10
1.210176991150441772e+01 1.911618452912418806e-10
1.212389380530972716e+01 1.911591453740412306e-10
1.214601769911503659e+01 1.911591454568405882e-10
1.216814159292034603e+01 1.911709455396399074e-10
1.219026548672565546e+01 1.911709456224392650e-10
1.221238938053096490e+01 1.911490457052385950e-10
1.223451327433627611e+01 1.911490457880379526e-10
1.225663716814158555e+01 1.911490458708372843e-10
1.227876106194689498e+01 1.911732459536366531e-10
1.230088495575220442e+01 1.911732460364359848e-10
1.232300884955751386e+01 1.911548461192353449e-10
1.234513274336282329e+01 1.911548462020347025e-10
1.236725663716813450e+01 1.911559462848340230e-10
1.238938053097344394e+01 1.911559463676333806e-10
1.241150442477875337e+01 1.911579464504327036e-10
1.243362831858406281e+01 1.911579465332320612e-10
1.245575221238937225e+01 1.911579466160313930e-10
1.247787610619468168e+01 1.911522466988307689e-10
1.249999999999999112e+01 1.911522467816301006e-10
1.252212389380530233e+01 1.911583468644294382e-10
1.254424778761061177e+01 1.911583469472287699e-10
1.256637168141592120e+01 1.911683470300281358e-10
1.258849557522123064e+01 1.911683471128274675e-10
1.261061946902654007e+01 1.911683471956268251e-10
1.263274336283184951e+01 1.911486472784261585e-10
1.265486725663716072e+01 1.911486473612255161e-10
1.267699115044247016e+01 1.911706474440248556e-10
1.269911504424777959e+01 1.911706475268242132e-10
1.272123893805308903e+01 1.911717476096235337e-10
1.274336283185839847e+01 1.911717476924228913e-10
1.276548672566370790e+01 1.911506477752222178e-10
1.278761061946901911e+01 1.911506478580215754e-10
1.280973451327432855e+01 1.911506479408209330e-10
1.283185840707963798e+01 1.911647480236202617e-10
1.285398230088494742e+01 1.911647481064196193e-10
1.287610619469025686e+01 1.911546481892189626e-10
1.289823008849556629e+01 1.911546482720183202e-10
1.292035398230087750e+01 1.911546483548176520e-10
1.294247787610618694e+01 1.911447484376170073e-10
1.296460176991149638e+01 1.911447485204163391e-10
1.298672566371680581e+01 1.911577486032157048e-10
1.300884955752211525e+01 1.911577486860150366e-10
1.303097345132742468e+01 1.911541487688143840e-10
1.305309734513273412e+01 1.911541488516137157e-10
1.307522123893804533e+01 1.911541489344130733e-10
1.309734513274335477e+01 1.911669490172124011e-10
1.311946902654866420e+01 1.911669491000117587e-10
1.314159292035397364e+01 1.911766491828111065e-10
1.316371681415928308e+01 1.911766492656104641e-10
1.318584070796459251e+01 1.911702493484097978e-10
1.320796460176990372e+01 1.911702494312091554e-10
1.323008849557521316e+01 1.911702495140085130e-10
1.325221238938052259e+01 1.911785495968078281e-10
1.327433628318583203e+01 1.911785496796071857e-10
1.329646017699114147e+01 1.911827497624065121e-10
1.331858407079645090e+01 1.911827498452058697e-10
1.334070796460176211e+01 1.911818499280052247e-10
1.336283185840707155e+01 1.911818500108045823e-10
1.338495575221238099e+01 1.911818500936039141e-10
1.340707964601769042e+01 1.911920501764032661e-10
1.342920353982299986e+01 1.911920502592025979e-10
1.345132743362830929e+01 1.911806503420019404e-10
1.347345132743362051e+01 1.911806504248012722e-10
1.349557522123892994e+01 1.911826505076006469e-10
1.351769911504423938e+01 1.911826505903999787e-10
1.353982300884954881e+01 1.911826506731993363e-10
1.356194690265485825e+01 1.911707507559986487e-10
1.358407079646016768e+01 1.911707508387980063e-10
1.360619469026547712e+01 1.911707509215973380e-10
1.362831858407078833e+01 1.911685510043967181e-10
1.365044247787609777e+01 1.911685510871960498e-10
1.367256637168140720e+01 1.911852511699954059e-10
1.369469026548671664e+01 1.911852512527947635e-10
1.371681415929202608e+01 1.911723513355940932e-10
1.373893805309733551e+01 1.911723514183934508e-10
1.376106194690264672e+01 1.911723515011927825e-10
1.378318584070795616e+01 1.911773515839921313e-10
1.380530973451326560e+01 1.911773516667914631e-10
1.382743362831857503e+01 1.911868517495908246e-10
1.384955752212388447e+01 1.911868518323901564e-10
1.387168141592919390e+01 1.911895519151895216e-10
1.389380530973450512e+01 1.911895519979888534e-10
1.391592920353981455e+01 1.911895520807882110e-10
1.393805309734512399e+01 1.911844521635875455e-10
1.396017699115043342e+01 1.911844522463869031e-10
1.398230088495574286e+01 1.912030523291862187e-10
1.400442477876105229e+01 1.912030524119855763e-10
1.402654867256636351e+01 1.911852524947849207e-10
1.404867256637167294e+01 1.911852525775842783e-10
1.407079646017698238e+01 1.911910526603835978e-10
1.409292035398229181e+01 1.911910527431829554e-10
1.411504424778760125e+01 1.911910528259822872e-10
1.413716814159291069e+01 1.911744529087816523e-10
1.415929203539822012e+01 1.911744529915810099e-10
1.418141592920353133e+01 1.911858530743803309e-10
1.420353982300884077e+01 1.911858531571796885e-10
1.422566371681415021e+01 1.911819532399790178e-10
1.424778761061945964e+01 1.911819533227783754e-10
1.426991150442476908e+01 1.911819534055777071e-10
1.429203539823007851e+01 1.911865534883770835e-10
1.431415929203538973e+01 1.911865535711764153e-10
1.433628318584069916e+01 1.911771536539757749e-10
1.435840707964600860e+01 1.911771537367751067e-10
1.438053097345131803e+01 1.911846538195744511e-10
1.440265486725662747e+01 1.911846539023737828e-10
1.442477876106193690e+01 1.911863539851731395e-10
1.444690265486724812e+01 1.911863540679724713e-10
1.446902654867255755e+01 1.911863541507718289e-10
1.449115044247786699e+01 1.911888542335711562e-10
1.451327433628317642e+01 1.911888543163705138e-10
1.453539823008848586e+01 1.912045543991698613e-10
1.455752212389379530e+01 1.912045544819692189e-10
1.457964601769910651e+01 1.911824545647685369e-10
1.460176991150441594e+01 1.911824546475678945e-10
1.462389380530972538e+01 1.911824547303672521e-10
1.464601769911503482e+01 1.911881548131665914e-10
1.466814159292034425e+01 1.911881548959659490e-10
1.469026548672565369e+01 1.911871549787652721e-10
1.471238938053096490e+01 1.911871550615646297e-10
1.473451327433627434e+01 1.911871551443639615e-10
1.475663716814158377e+01 1.911777552271633212e-10
1.477876106194689321e+01 1.911777553099626529e-10
1.480088495575220264e+01 1.911885553927620153e-10
1.482300884955751208e+01 1.911885554755613470e-10
1.484513274336282151e+01 1.911893555583607011e-10
1.486725663716813273e+01 1.911893556411600329e-10
1.488938053097344216e+01 1.911893557239593905e-10
1.491150442477875160e+01 1.911814558067587372e-10
1.493362831858406103e+01 1.911814558895580948e-10
1.495575221238937047e+01 1.912030559723574102e-10
1.497787610619467991e+01 1.912030560551567678e-10
1.499999999999999112e+01 1.911803561379561013e-10
1.502212389380530055e+01 1.911803562207554589e-10
1.504424778761060999e+01 1.911803563035547906e-10
1.506637168141591943e+01 1.911868563863541523e-10
1.508849557522122886e+01 1.911868564691535099e-10
1.511061946902653830e+01 1.912009565519528385e-10
1.513274336283184951e+01 1.912009566347521961e-10
1.515486725663715895e+01 1.911913567175515179e-10
1.517699115044246838e+01 1.911913568003508755e-10
1.519911504424777782e+01 1.911913568831502073e-10
1.522123893805308725e+01 1.911918569659495691e-10
1.524336283185839669e+01 1.911918570487489009e-10
1.526548672566370790e+01 1.911998571315482754e-10
1.528761061946901734e+01 1.911998572143476072e-10
1.530973451327432677e+01 1.911884572971469497e-10
1.533185840707963621e+01 1.911884573799462814e-10
1.535398230088494564e+01 1.911884574627456390e-10
1.537610619469025508e+01 1.911884575455449708e-10
1.539823008849556452e+01 1.911863576283443311e-10
1.542035398230087573e+01 1.911863577111436628e-10
1.544247787610618516e+01 1.911924577939430262e-10
1.546460176991149460e+01 1.911924578767423580e-10
1.548672566371680404e+01 1.911948579595417051e-10
1.550884955752211347e+01 1.911948580423410627e-10
1.553097345132742291e+01 1.911948581251403945e-10
1.555309734513273412e+01 1.912015582079397682e-10
1.557522123893804356e+01 1.912015582907391000e-10
1.559734513274335299e+01 1.911958583735384500e-10
1.561946902654866243e+01 1.911958584563377818e-10
1.564159292035397186e+01 1.912012585391371288e-10
1.566371681415928130e+01 1.912012586219364606e-10
1.568584070796459251e+01 1.912098587047358196e-10
1.570796460176990195e+01 1.912098587875351513e-10
1.573008849557521138e+01 1.912098588703345089e-10
1.575221238938052082e+01 1.911916589531338551e-10
1.577433628318583025e+01 1.911916590359332127e-10
1.579646017699113969e+01 1.912084591187325490e-10
1.581858407079645090e+01 1.912084592015319066e-10
1.584070796460176034e+01 1.911927592843312226e-10
1.586283185840706977e+01 1.911927593671305802e-10
1.588495575221237921e+01 1.911927594499299120e-10
1.590707964601768865e+01 1.911969595327292642e-10
1.592920353982299808e+01 1.911969596155285960e-10
1.595132743362830752e+01 1.912012596983279543e-10
1.597345132743361873e+01 1.912012597811273119e-10
1.599557522123892817e+01 1.911943598639266413e-10
1.601769911504423760e+01 1.911943599467259989e-10
1.603982300884954881e+01 1.912029600295253320e-10
1.606194690265485647e+01 1.912029601123246896e-10
1.608407079646016768e+01 1.912029601951240214e-10
1.610619469026547534e+01 1.912101602779233994e-10
1.612831858407078656e+01 1.912101603607227312e-10
1.615044247787609422e+01 1.911985604435220875e-10
1.617256637168140543e+01 1.911985605263214192e-10
1.619469026548671664e+01 1.912089606091207575e-10
1.621681415929202430e+01 1.912089606919200892e-10
1.623893805309733551e+01 1.912089607747194468e-10
1.626106194690264317e+01 1.912087608575187924e-10
1.628318584070795438e+01 1.912087609403181500e-10
1.630530973451326560e+01 1.911969610231174684e-10
1.632743362831857326e+01 1.911969611059168260e-10
1.634955752212388447e+01 1.911969611887161577e-10
1.637168141592919213e+01 1.912144612715155362e-10
1.639380530973450334e+01 1.912144613543148680e-10
1.641592920353981100e+01 1.911957614371142099e-10
1.643805309734512221e+01 1.911957615199135675e-10
1.646017699115043342e+01 1.912030616027128998e-10
1.648230088495574108e+01 1.912030616855122574e-10
1.650442477876105229e+01 1.912030617683115892e-10
1.652654867256635995e+01 1.911990618511109383e-10
1.654867256637167117e+01 1.911990619339102701e-10
1.657079646017697883e+01 1.912039620167096387e-10
1.659292035398229004e+01 1.912039620995089704e-10
1.661504424778760125e+01 1.911991621823083230e-10
1.663716814159290891e+01 1.911991622651076548e-10
1.665929203539822012e+01 1.911991623479070124e-10
1.668141592920352778e+01 1.912110624307063377e-10
1.670353982300883899e+01 1.912110625135056953e-10
1.672566371681415021e+01 1.911979625963050387e-10
1.674778761061945787e+01 1.911979626791043963e-10
1.676991150442476908e+01 1.912199627619037358e-10
1.679203539823007674e+01 1.912199628447030934e-10
1.681415929203538795e+01 1.912199629275024252e-10
1.683628318584069561e+01 1.912090630103017720e-10
1.685840707964600682e+01 1.912090630931011038e-10
1.688053097345131803e+01 1.912085631759004571e-10
1.690265486725662569e+01 1.912085632586998147e-10
1.692477876106193690e+01 1.912130633414991592e-10
1.694690265486724456e+01 1.912130634242985168e-10
1.696902654867255578e+01 1.912130635070978485e-10
1.699115044247786699e+01 1.912020635898971893e-10
1.701327433628317465e+01 1.912020636726965211e-10
1.703539823008848586e+01 1.912020637554958787e-10
1.705752212389379352e+01 1.912060638382952189e-10
1.707964601769910473e+01 1.912060639210945765e-10
1.710176991150441239e+01 1.911998640038939222e-10
1.712389380530972360e+01 1.911998640866932798e-10
1.714601769911503482e+01 1.911943641694925903e-10
1.716814159292034248e+01 1.911943642522919479e-10
1.719026548672565369e+01 1.911943643350912796e-10
1.721238938053096135e+01 1.912119644178906383e-10
1.723451327433627256e+01 1.912119645006899700e-10
1.725663716814158022e+01 1.912069645834893364e-10
1.727876106194689143e+01 1.912069646662886682e-10
1.730088495575220264e+01 1.912037647490880397e-10
1.732300884955751030e+01 1.912037648318873714e-10
1.734513274336282151e+01 1.912037649146867290e-10
1.736725663716812917e+01 1.912109649974860812e-10
1.738938053097344039e+01 1.912109650802854129e-10
1.741150442477875160e+01 1.912064651630847578e-10
1.743362831858405926e+01 1.912064652458840895e-10
1.745575221238937047e+01 1.912032653286834610e-10
1.747787610619467813e+01 1.912032654114827928e-10
1.749999999999998934e+01 1.912112654942821415e-10
1.752212389380529700e+01 1.912112655770814732e-10
1.754424778761060821e+01 1.912112656598808308e-10
1.756637168141591943e+01 1.911946657426801701e-10
1.758849557522122709e+01 1.911946658254795277e-10
1.761061946902653830e+01 1.912034659082788470e-10
1.763274336283184596e+01 1.912034659910782046e-10
1.765486725663715717e+01 1.911958660738775436e-10
1.767699115044246483e+01 1.911958661566769012e-10
1.769911504424777604e+01 1.911958662394762329e-10
1.772123893805308725e+01 1.911887663222755762e-10
1.774336283185839491e+01 1.911887664050749079e-10
1.776548672566370612e+01 1.911970664878742747e-10
1.778761061946901378e+01 1.911970665706736323e-10
1.780973451327432500e+01 1.912020666534729552e-10
1.783185840707963621e+01 1.912020667362723128e-10
1.785398230088494387e+01 1.912022668190716566e-10
1.787610619469025508e+01 1.912022669018710142e-10
1.789823008849556274e+01 1.912022669846703460e-10
1.792035398230087395e+01 1.912066670674697103e-10
1.794247787610618161e+01 1.912066671502690420e-10
1.796460176991149282e+01 1.912028672330684032e-10
1.798672566371680404e+01 1.912028673158677350e-10
1.800884955752211170e+01 1.912038673986670753e-10
1.803097345132742291e+01 1.912038674814664071e-10
1.805309734513273057e+01 1.912038675642657647e-10
1.807522123893804178e+01 1.912155676470651037e-10
1.809734513274335299e+01 1.912155677298644613e-10
1.811946902654866065e+01 1.911976678126637998e-10
1.814159292035397186e+01 1.911976678954631574e-10
1.816371681415927952e+01 1.911976679782624891e-10
1.818584070796459073e+01 1.912037680610618525e-10
1.820796460176989839e+01 1.912037681438611843e-10
1.823008849557520961e+01 1.912039682266605281e-10
1.825221238938052082e+01 1.912039683094598857e-10
1.827433628318582848e+01 1.911912683922592274e-10
1.829646017699113969e+01 1.911912684750585850e-10
1.831858407079644735e+01 1.911954685578579114e-10
1.834070796460175856e+01 1.911954686406572690e-10
1.836283185840706622e+01 1.911954687234566008e-10
1.838495575221237743e+01 1.911997688062559591e-10
1.840707964601768865e+01 1.911997688890552908e-10
1.842920353982299631e+01 1.911903689718546505e-10
1.845132743362830752e+01 1.911903690546539823e-10
1.847345132743361518e+01 1.911903691374533399e-10
1.849557522123892639e+01 1.911997692202526695e-10
1.851769911504423760e+01 1.911997693030520271e-10
1.853982300884954526e+01 1.912005693858513554e-10
1.856194690265485647e+01 1.912005694686507130e-10
1.858407079646016413e+01 1.912005695514500447e-10
1.860619469026547534e+01 1.912005696342494023e-10
1.862831858407078300e+01 1.912181697170487352e-10
1.865044247787609422e+01 1.912181697998480928e-10
1.867256637168140543e+01 1.912161698826474332e-10
1.869469026548671309e+01 1.912161699654467908e-10
1.871681415929202430e+01 1.912044700482461411e-10
1.873893805309733196e+01 1.912044701310454728e-10
1.876106194690264317e+01 1.912044702138448304e-10
1.878318584070795083e+01 1.912140702966441463e-10
1.880530973451326204e+01 1.912140703794435039e-10
1.882743362831857326e+01 1.912066704622428549e-10
1.884955752212388091e+01 1.912066705450422125e-10
1.887168141592919213e+01 1.911984706278415411e-10
1.889380530973449979e+01 1.911984707106408987e-10
1.891592920353981100e+01 1.911984707934402305e-10
1.893805309734512221e+01 1.912085708762395765e-10
1.896017699115042987e+01 1.912085709590389082e-10
1.898230088495574108e+01 1.911928710418382759e-10
1.900442477876104874e+01 1.911928711246376077e-10
1.902654867256635995e+01 1.912282712074369536e-10
1.904867256637166761e+01 1.912282712902362853e-10
1.907079646017697883e+01 1.912077713730356480e-10
1.909292035398229004e+01 1.912077714558349798e-10
1.911504424778759770e+01 1.912077715386343374e-10
1.913716814159290891e+01 1.912128716214336663e-10
1.915929203539821657e+01 1.912128717042330239e-10
1.918141592920352778e+01 1.912119717870323790e-10
1.920353982300883899e+01 1.912119718698317107e-10
1.922566371681414665e+01 1.912189719526310767e-10
1.924778761061945787e+01 1.912189720354304084e-10
1.926991150442476552e+01 1.911988721182297694e-10
1.929203539823007674e+01 1.911988722010291011e-10
1.931415929203538440e+01 1.911988722838284587e-10
1.933628318584069561e+01 1.912187723666278009e-10
1.935840707964600682e+01 1.912187724494271585e-10
1.938053097345131448e+01 1.911995725322264703e-10
1.940265486725662569e+01 1.911995726150258279e-10
1.942477876106193335e+01 1.912004726978251622e-10
1.944690265486724456e+01 1.912004727806245198e-10
1.946902654867255222e+01 1.912004728634238516e-10
1.949115044247786344e+01 1.912100729462232192e-10
1.951327433628317465e+01 1.912100730290225509e-10
1.953539823008848231e+01 1.911949731118219030e-10
1.955752212389379352e+01 1.911949731946212348e-10
1.957964601769910118e+01 1.912024732774206050e-10
1.960176991150441239e+01 1.912024733602199368e-10
1.962389380530972360e+01 1.912107734430192777e-10
1.964601769911503126e+01 1.912107735258186353e-10
1.966814159292034248e+01 1.912107736086179670e-10
1.969026548672565013e+01 1.912006736914173362e-10
1.971238938053096135e+01 1.912006737742166680e-10
1.973451327433626901e+01 1.912075738570160279e-10
1.975663716814158022e+01 1.912075739398153597e-10
1.977876106194689143e+01 1.912166740226146971e-10
1.980088495575219909e+01 1.912166741054140288e-10
1.982300884955751030e+01 1.911944741882133925e-10
1.984513274336281796e+01 1.911944742710127242e-10
1.986725663716812917e+01 1.911944743538120818e-10
1.988938053097343683e+01 1.912185744366114187e-10
1.991150442477874805e+01 1.912185745194107763e-10
1.993362831858405926e+01 1.911996746022101062e-10
1.995575221238936692e+01 1.911996746850094638e-10
1.997787610619467813e+01 1.911996747678087955e-10
