0.000000000000000000e+00 1.839937999999999990e-10
2.188183807439824866e-02 1.839883012052801178e-10
4.376367614879649731e-02 1.839883024105602062e-10
6.564551422319474250e-02 1.839920036158403108e-10
8.752735229759299462e-02 1.839920048211204251e-10
1.094091903719912467e-01 1.839976060264005150e-10
1.312910284463894850e-01 1.839976072316806293e-10
1.531728665207877371e-01 1.839976084369607436e-10
1.750547045951859892e-01 1.839966096422408492e-10
1.969365426695842414e-01 1.839986108475209548e-10
2.188183807439824935e-01 1.839986120528010691e-10
2.407002188183807456e-01 1.839986132580811575e-10
2.625820568927789700e-01 1.839918144633612755e-10
2.844638949671772221e-01 1.839918156686413897e-10
3.063457330415754742e-01 1.839957168739214806e-10
3.282275711159737264e-01 1.839957180792015948e-10
3.501094091903719785e-01 1.839918192844817067e-10
3.719912472647702306e-01 1.839918204897617951e-10
3.938730853391684827e-01 1.839918216950419093e-10
4.157549234135667349e-01 1.839903229003220107e-10
4.376367614879649870e-01 1.839903241056020991e-10
4.595185995623632391e-01 1.839885253108822083e-10
4.814004376367614912e-01 1.839885265161623226e-10
5.032822757111596879e-01 1.839885277214424110e-10
5.251641137855579400e-01 1.839885289267225252e-10
5.470459518599561921e-01 1.839885301320026395e-10
5.689277899343544442e-01 1.839922313372827441e-10
5.908096280087526964e-01 1.839922325425628584e-10
6.126914660831509485e-01 1.839928337478429571e-10
6.345733041575492006e-01 1.839928349531230456e-10
6.564551422319474527e-01 1.839932361584031581e-10
6.783369803063457049e-01 1.839932373636832723e-10
7.002188183807439570e-01 1.839932385689633608e-10
7.221006564551422091e-01 1.839900397742434889e-10
7.439824945295404612e-01 1.839900409795236032e-10
7.658643326039387134e-01 1.839935421848036958e-10
7.877461706783369655e-01 1.839935433900838100e-10
8.096280087527352176e-01 1.839912445953639149e-10
8.315098468271334697e-01 1.839912458006440033e-10
8.533916849015317219e-01 1.839912470059241176e-10
8.752735229759299740e-01 1.839895482112042328e-10
8.971553610503282261e-01 1.839895494164843212e-10
9.190371991247264782e-01 1.839994506217644377e-10
9.409190371991247304e-01 1.839994518270445519e-10
9.628008752735229825e-01 1.839925530323246380e-10
9.846827133479212346e-01 1.839925542376047523e-10
1.006564551422319376e+00 1.839925554428848665e-10
1.028446389496717739e+00 1.839923566481649687e-10
1.050328227571115880e+00 1.839923578534450830e-10
1.072210065645514243e+00 1.839937590587251783e-10
1.094091903719912384e+00 1.839937602640052667e-10
1.115973741794310747e+00 1.839937614692853809e-10
1.137855579868708888e+00 1.839966626745655149e-10
1.159737417943107252e+00 1.839966638798456033e-10
1.181619256017505393e+00 1.839911650851256962e-10
1.203501094091903756e+00 1.839911662904058105e-10
1.225382932166301897e+00 1.839911674956858989e-10
1.247264770240700260e+00 1.839945687009660113e-10
1.269146608315098401e+00 1.839945699062461256e-10
1.291028446389496764e+00 1.839906711115262374e-10
1.312910284463894905e+00 1.839906723168063517e-10
1.334792122538293269e+00 1.839920735220864469e-10
1.356673960612691410e+00 1.839920747273665353e-10
1.378555798687089773e+00 1.839920759326466496e-10
1.400437636761487914e+00 1.839953771379267818e-10
1.422319474835886055e+00 1.839953783432068703e-10
1.444201312910284418e+00 1.839833795484869850e-10
1.466083150984682559e+00 1.839833807537670992e-10
1.487964989059080922e+00 1.839833819590471876e-10
1.509846827133479064e+00 1.839887831643272914e-10
1.531728665207877427e+00 1.839887843696074056e-10
1.553610503282275568e+00 1.839911855748874836e-10
1.575492341356673931e+00 1.839911867801675979e-10
1.597374179431072072e+00 1.839894879854477131e-10
1.619256017505470435e+00 1.839894891907278015e-10
1.641137855579868576e+00 1.839894903960079157e-10
1.663019693654266939e+00 1.839959916012880341e-10
1.684901531728665081e+00 1.839959928065681225e-10
1.706783369803063444e+00 1.839901940118482490e-10
1.728665207877461585e+00 1.839901952171283374e-10
1.750547045951859948e+00 1.839935964224084498e-10
1.772428884026258089e+00 1.839935976276885641e-10
1.794310722100656452e+00 1.839935988329686525e-10
1.816192560175054593e+00 1.839936000382487668e-10
1.838074398249452956e+00 1.839958012435288844e-10
1.859956236323851098e+00 1.839958024488089728e-10
1.881838074398249461e+00 1.839930036540890734e-10
1.903719912472647602e+00 1.839930048593691877e-10
1.925601750547045965e+00 1.839889060646492874e-10
1.947483588621444106e+00 1.839889072699294017e-10
1.969365426695842469e+00 1.839889084752095160e-10
1.991247264770240610e+00 1.839941096804896076e-10
2.013129102844638751e+00 1.839941108857697219e-10
2.035010940919037115e+00 1.839857120910498210e-10
2.056892778993435478e+00 1.839857132963299094e-10
2.078774617067833841e+00 1.839936145016100345e-10
2.100656455142231760e+00 1.839936157068901488e-10
2.122538293216630123e+00 1.839936169121702372e-10
2.144420131291028486e+00 1.839931181174503472e-10
2.166301969365426405e+00 1.839931193227304614e-10
2.188183807439824768e+00 1.839936205280105541e-10
2.210065645514223132e+00 1.839936217332906684e-10
2.231947483588621495e+00 1.839888229385707777e-10
2.253829321663019414e+00 1.839888241438508661e-10
2.275711159737417777e+00 1.839888253491309804e-10
2.297592997811816140e+00 1.839909265544110920e-10
2.319474835886214503e+00 1.839909277596911804e-10
2.341356673960612422e+00 1.839931289649712980e-10
2.363238512035010785e+00 1.839931301702514123e-10
2.385120350109409149e+00 1.839919313755315059e-10
2.407002188183807512e+00 1.839919325808116202e-10
2.428884026258205431e+00 1.839919337860917344e-10
2.450765864332603794e+00 1.839947349913718107e-10
2.472647702407002157e+00 1.839947361966519249e-10
2.494529540481400520e+00 1.839933374019320323e-10
2.516411378555798439e+00 1.839933386072121208e-10
2.538293216630196802e+00 1.839933398124922350e-10
2.560175054704595166e+00 1.839962410177723690e-10
2.582056892778993529e+00 1.839962422230524574e-10
2.603938730853391448e+00 1.839939434283325623e-10
2.625820568927789811e+00 1.839939446336126765e-10
2.647702407002188174e+00 1.839906458388927728e-10
2.669584245076586537e+00 1.839906470441728871e-10
2.691466083150984456e+00 1.839906482494530014e-10
2.713347921225382819e+00 1.839966494547330895e-10
2.735229759299781183e+00 1.839966506600132038e-10
2.757111597374179546e+00 1.839945518652933207e-10
2.778993435448577465e+00 1.839945530705734091e-10
2.800875273522975828e+00 1.839912542758535054e-10
2.822757111597374191e+00 1.839912554811336197e-10
2.844638949671772110e+00 1.839981566864137104e-10
2.866520787746170473e+00 1.839981578916938247e-10
2.888402625820568836e+00 1.839981590969739390e-10
2.910284463894967200e+00 1.839937603022540465e-10
2.932166301969365119e+00 1.839937615075341608e-10
2.954048140043763482e+00 1.839909627128142613e-10
2.975929978118161845e+00 1.839909639180943498e-10
2.997811816192560208e+00 1.839947651233744604e-10
3.019693654266958127e+00 1.839947663286545747e-10
3.041575492341356490e+00 1.839921675339346615e-10
3.063457330415754853e+00 1.839921687392147757e-10
3.085339168490153217e+00 1.839921699444948900e-10
3.107221006564551136e+00 1.839908711497749776e-10
3.129102844638949499e+00 1.839908723550550919e-10
3.150984682713347862e+00 1.839984735603352248e-10
3.172866520787746225e+00 1.839984747656153132e-10
3.194748358862144144e+00 1.839921759708954096e-10
3.216630196936542507e+00 1.839921771761755239e-10
3.238512035010940870e+00 1.839921783814556123e-10
3.260393873085339234e+00 1.840011795867357262e-10
3.282275711159737153e+00 1.840011807920158405e-10
3.304157549234135516e+00 1.839979819972959428e-10
3.326039387308533879e+00 1.839979832025760571e-10
3.347921225382932242e+00 1.839952844078561637e-10
3.369803063457330161e+00 1.839952856131362521e-10
3.391684901531728524e+00 1.839975868184163757e-10
3.413566739606126887e+00 1.839975880236964900e-10
3.435448577680525251e+00 1.839975892289765784e-10
3.457330415754923170e+00 1.839972904342566746e-10
3.479212253829321533e+00 1.839972916395367889e-10
3.501094091903719896e+00 1.839923928448168921e-10
3.522975929978117815e+00 1.839923940500970064e-10
3.544857768052516178e+00 1.839923952553771206e-10
3.566739606126914541e+00 1.839952964606572029e-10
3.588621444201312904e+00 1.839952976659373172e-10
3.610503282275710824e+00 1.839952988712174314e-10
3.632385120350109187e+00 1.839936000764975208e-10
3.654266958424507550e+00 1.839936012817776350e-10
3.676148796498905913e+00 1.839936024870577493e-10
3.698030634573303832e+00 1.839958036923378411e-10
3.719912472647702195e+00 1.839958048976179553e-10
3.741794310722100558e+00 1.839944061028980627e-10
3.763676148796498921e+00 1.839944073081781512e-10
3.785557986870896841e+00 1.839944085134582654e-10
3.807439824945295204e+00 1.840026097187383828e-10
3.829321663019693567e+00 1.840026109240184712e-10
3.851203501094091930e+00 1.839903121292985937e-10
3.873085339168489849e+00 1.839903133345787080e-10
3.894967177242888212e+00 1.839903145398587964e-10
3.916849015317286575e+00 1.839903157451389107e-10
3.938730853391684938e+00 1.839903169504190249e-10
3.960612691466082858e+00 1.839960181556990950e-10
3.982494529540481221e+00 1.839960193609792093e-10
4.004376367614879584e+00 1.839947205662593227e-10
4.026258205689277503e+00 1.839947217715394111e-10
4.048140043763676310e+00 1.839903229768195445e-10
4.070021881838074229e+00 1.839903241820996588e-10
4.091903719912472148e+00 1.839903253873797472e-10
4.113785557986870955e+00 1.839874265926598418e-10
4.135667396061268875e+00 1.839874277979399560e-10
4.157549234135667682e+00 1.839924290032200615e-10
4.179431072210065601e+00 1.839924302085001757e-10
4.201312910284463520e+00 1.839924314137802900e-10
4.223194748358862327e+00 1.839923326190603724e-10
4.245076586433260246e+00 1.839923338243404867e-10
4.266958424507658165e+00 1.839939350296205940e-10
4.288840262582056972e+00 1.839939362349006824e-10
4.310722100656454892e+00 1.839939374401807966e-10
4.332603938730852811e+00 1.839939386454609109e-10
4.354485776805251618e+00 1.839939398507409993e-10
4.376367614879649537e+00 1.839907410560211275e-10
4.398249452954048344e+00 1.839907422613012417e-10
4.420131291028446263e+00 1.839923434665813232e-10
4.442013129102844182e+00 1.839923446718614375e-10
4.463894967177242989e+00 1.839955458771415637e-10
4.485776805251640909e+00 1.839955470824216521e-10
4.507658643326038828e+00 1.839898482877017588e-10
4.529540481400437635e+00 1.839898494929818731e-10
4.551422319474835554e+00 1.839898506982619615e-10
4.573304157549234361e+00 1.839926519035420636e-10
4.595185995623632280e+00 1.839926531088221778e-10
4.617067833698030199e+00 1.839866543141022665e-10
4.638949671772429006e+00 1.839866555193823807e-10
4.660831509846826926e+00 1.839910567246625017e-10
4.682713347921224845e+00 1.839910579299425901e-10
4.704595185995623652e+00 1.839910591352227044e-10
4.726477024070021571e+00 1.839975603405028227e-10
4.748358862144420378e+00 1.839975615457829111e-10
4.770240700218818297e+00 1.839916627510630317e-10
4.792122538293216216e+00 1.839916639563431459e-10
4.814004376367615023e+00 1.839930651616232153e-10
4.835886214442012943e+00 1.839930663669033296e-10
4.857768052516410862e+00 1.839916675721834629e-10
4.879649890590809669e+00 1.839916687774635513e-10
4.901531728665207588e+00 1.839916699827436655e-10
4.923413566739605507e+00 1.839949711880237719e-10
4.945295404814004314e+00 1.839949723933038603e-10
4.967177242888402233e+00 1.839840735985839638e-10
4.989059080962801040e+00 1.839840748038640781e-10
5.010940919037198960e+00 1.839942760091441868e-10
5.032822757111596879e+00 1.839942772144243010e-10
5.054704595185995686e+00 1.839942784197043895e-10
5.076586433260393605e+00 1.839878796249844798e-10
5.098468271334791524e+00 1.839878808302645941e-10
5.120350109409190331e+00 1.839935820355446900e-10
5.142231947483588250e+00 1.839935832408248043e-10
5.164113785557987057e+00 1.839953844461049237e-10
5.185995623632384977e+00 1.839953856513850121e-10
5.207877461706782896e+00 1.839894868566651326e-10
5.229759299781181703e+00 1.839894880619452469e-10
5.251641137855579622e+00 1.839894892672253353e-10
5.273522975929977541e+00 1.839952904725054373e-10
5.295404814004376348e+00 1.839952916777855515e-10
5.317286652078774267e+00 1.839976928830656554e-10
5.339168490153173074e+00 1.839976940883457696e-10
5.361050328227570994e+00 1.839966952936258753e-10
5.382932166301968913e+00 1.839966964989059637e-10
5.404814004376367720e+00 1.839966977041860780e-10
5.426695842450765639e+00 1.839966989094661922e-10
5.448577680525163558e+00 1.839969001147462927e-10
5.470459518599562365e+00 1.839969013200264070e-10
5.492341356673960284e+00 1.839896025253065206e-10
5.514223194748359091e+00 1.839896037305866091e-10
5.536105032822757011e+00 1.839896049358667233e-10
5.557986870897154930e+00 1.839928061411468237e-10
5.579868708971553737e+00 1.839928073464269121e-10
5.601750547045951656e+00 1.839943085517070392e-10
5.623632385120349575e+00 1.839943097569871535e-10
5.645514223194748382e+00 1.839965109622672194e-10
5.667396061269146301e+00 1.839965121675473337e-10
5.689277899343544220e+00 1.839945133728274566e-10
5.711159737417943028e+00 1.839945145781075450e-10
5.733041575492340947e+00 1.839945157833876593e-10
5.754923413566739754e+00 1.839976169886677795e-10
5.776805251641137673e+00 1.839976181939478679e-10
5.798687089715535592e+00 1.840006193992279820e-10
5.820568927789934399e+00 1.840006206045080963e-10
5.842450765864332318e+00 1.839953218097881754e-10
5.864332603938730237e+00 1.839953230150682897e-10
5.886214442013129045e+00 1.839928242203484084e-10
5.908096280087526964e+00 1.839928254256284968e-10
5.929978118161925771e+00 1.839928266309086110e-10
5.951859956236323690e+00 1.839920278361887288e-10
5.973741794310721609e+00 1.839920290414688172e-10
5.995623632385120416e+00 1.839975302467489269e-10
6.017505470459518335e+00 1.839975314520290412e-10
6.039387308533916254e+00 1.839975326573091296e-10
6.061269146608315062e+00 1.839970338625892396e-10
6.083150984682712981e+00 1.839970350678693538e-10
6.105032822757111788e+00 1.839934362731494579e-10
6.126914660831509707e+00 1.839934374784295722e-10
6.148796498905907626e+00 1.839983386837096716e-10
6.170678336980306433e+00 1.839983398889897600e-10
6.192560175054704352e+00 1.839983410942698743e-10
6.214442013129102271e+00 1.840004422995499859e-10
6.236323851203501079e+00 1.840004435048300743e-10
6.258205689277898998e+00 1.839917447101102070e-10
6.280087527352297805e+00 1.839917459153903212e-10
6.301969365426695724e+00 1.839917471206704096e-10
6.323851203501093643e+00 1.840021483259505046e-10
6.345733041575492450e+00 1.840021495312306188e-10
6.367614879649890369e+00 1.839968507365107238e-10
6.389496717724288288e+00 1.839968519417908381e-10
6.411378555798687096e+00 1.839952531470709334e-10
6.433260393873085015e+00 1.839952543523510219e-10
6.455142231947482934e+00 1.839990555576311584e-10
6.477024070021881741e+00 1.839990567629112726e-10
6.498905908096279660e+00 1.839990579681913610e-10
6.520787746170678467e+00 1.839991591734714555e-10
6.542669584245076386e+00 1.839991603787515698e-10
6.564551422319474305e+00 1.839936615840316627e-10
6.586433260393873113e+00 1.839936627893117769e-10
6.608315098468271032e+00 1.839994639945919048e-10
6.630196936542668951e+00 1.839994651998719932e-10
6.652078774617067758e+00 1.839943664051521102e-10
6.673960612691465677e+00 1.839943676104322245e-10
6.695842450765864484e+00 1.839943688157123129e-10
6.717724288840262403e+00 1.839967700209924167e-10
6.739606126914660322e+00 1.839967712262725310e-10
6.761487964989059130e+00 1.839959724315526229e-10
6.783369803063457049e+00 1.839959736368327371e-10
6.805251641137854968e+00 1.839954748421128471e-10
6.827133479212253775e+00 1.839954760473929355e-10
6.849015317286651694e+00 1.839954772526730498e-10
6.870897155361050501e+00 1.839977784579531735e-10
6.892778993435448420e+00 1.839977796632332619e-10
6.914660831509846339e+00 1.839985808685133727e-10
6.936542669584245147e+00 1.839985820737934869e-10
6.958424507658643066e+00 1.839925832790735756e-10
6.980306345733040985e+00 1.839925844843536898e-10
7.002188183807439792e+00 1.839925856896338041e-10
7.024070021881837711e+00 1.839960868949138967e-10
7.045951859956235630e+00 1.839960881001940109e-10
7.067833698030634437e+00 1.839957893054741071e-10
7.089715536105032356e+00 1.839957905107541955e-10
7.111597374179431164e+00 1.839957917160343098e-10
7.133479212253829083e+00 1.839986929213144438e-10
7.155361050328227002e+00 1.839986941265945322e-10
7.177242888402625809e+00 1.839958953318746328e-10
7.199124726477023728e+00 1.839958965371547470e-10
7.221006564551421647e+00 1.839958977424348354e-10
7.242888402625820454e+00 1.839958989477149497e-10
7.264770240700218373e+00 1.839911001529950590e-10
7.286652078774617181e+00 1.839911013582751474e-10
7.308533916849015100e+00 1.839947025635552718e-10
7.330415754923413019e+00 1.839947037688353861e-10
7.352297592997811826e+00 1.839962049741154615e-10
7.374179431072209745e+00 1.839962061793955758e-10
7.396061269146607664e+00 1.839962073846756901e-10
7.417943107221006471e+00 1.839926085899557941e-10
7.439824945295404390e+00 1.839926097952359084e-10
7.461706783369803198e+00 1.839942110005160157e-10
7.483588621444201117e+00 1.839942122057961041e-10
7.505470459518599036e+00 1.839910134110762323e-10
7.527352297592997843e+00 1.839910146163563465e-10
7.549234135667395762e+00 1.839858158216364317e-10
7.571115973741793681e+00 1.839858170269165460e-10
7.592997811816192488e+00 1.839858182321966602e-10
7.614879649890590407e+00 1.839857194374767426e-10
7.636761487964989215e+00 1.839857206427568569e-10
7.658643326039387134e+00 1.839943218480369725e-10
7.680525164113785053e+00 1.839943230533170609e-10
7.702407002188183860e+00 1.839919242585971598e-10
7.724288840262581779e+00 1.839919254638772741e-10
7.746170678336979698e+00 1.839947266691573761e-10
7.768052516411378505e+00 1.839947278744374904e-10
7.789934354485776424e+00 1.839947290797176047e-10
7.811816192560174343e+00 1.839867302849977020e-10
7.833698030634573151e+00 1.839867314902778163e-10
7.855579868708971070e+00 1.839935326955579268e-10
7.877461706783369877e+00 1.839935339008380152e-10
7.899343544857767796e+00 1.839969351061181276e-10
7.921225382932165715e+00 1.839969363113982419e-10
7.943107221006564522e+00 1.839969375166783303e-10
7.964989059080962441e+00 1.839981387219584394e-10
7.986870897155360360e+00 1.839981399272385536e-10
8.008752735229759168e+00 1.839926411325186466e-10
8.030634573304157087e+00 1.839926423377987608e-10
8.052516411378555006e+00 1.839928435430788613e-10
8.074398249452952925e+00 1.839928447483589497e-10
8.096280087527352620e+00 1.839928459536390640e-10
8.118161925601750539e+00 1.839975471589191772e-10
8.140043763676148458e+00 1.839975483641992656e-10
8.161925601750546377e+00 1.839921495694793904e-10
8.183807439824944296e+00 1.839921507747595047e-10
8.205689277899343992e+00 1.839987519800396032e-10
8.227571115973741911e+00 1.839987531853197174e-10
8.249452954048139830e+00 1.839987543905998317e-10
8.271334792122537749e+00 1.839937555958799031e-10
8.293216630196935668e+00 1.839937568011600173e-10
8.315098468271335364e+00 1.839956580064401427e-10
8.336980306345733283e+00 1.839956592117202311e-10
8.358862144420131202e+00 1.839956604170003454e-10
8.380743982494529121e+00 1.839943616222804330e-10
8.402625820568927040e+00 1.839943628275605473e-10
8.424507658643324959e+00 1.839924640328406504e-10
8.446389496717724654e+00 1.839924652381207388e-10
8.468271334792122573e+00 1.839923664434008470e-10
8.490153172866520492e+00 1.839923676486809613e-10
8.512035010940918411e+00 1.839923688539610497e-10
8.533916849015316330e+00 1.839981700592411776e-10
8.555798687089716026e+00 1.839981712645212918e-10
8.577680525164113945e+00 1.839885724698013703e-10
8.599562363238511864e+00 1.839885736750814845e-10
8.621444201312909783e+00 1.839922748803616150e-10
8.643326039387307702e+00 1.839922760856417034e-10
8.665207877461705621e+00 1.839917772909218134e-10
8.687089715536105317e+00 1.839917784962019277e-10
8.708971553610503236e+00 1.839917797014820161e-10
8.730853391684901155e+00 1.839882809067621262e-10
8.752735229759299074e+00 1.839882821120422404e-10
8.774617067833696993e+00 1.840004833173223404e-10
8.796498905908096688e+00 1.840004845226024547e-10
8.818380743982494607e+00 1.840004857278825690e-10
8.840262582056892526e+00 1.840004869331626574e-10
8.862144420131290445e+00 1.839971881384427537e-10
8.884026258205688364e+00 1.839971893437228679e-10
8.905908096280088060e+00 1.839964905490029658e-10
8.927789934354485979e+00 1.839964917542830801e-10
8.949671772428883898e+00 1.839951929595631936e-10
8.971553610503281817e+00 1.839951941648432820e-10
8.993435448577679736e+00 1.839951953701233962e-10
9.015317286652077655e+00 1.839937965754035037e-10
9.037199124726477351e+00 1.839937977806835921e-10
9.059080962800875270e+00 1.839944989859637227e-10
9.080962800875273189e+00 1.839945001912438369e-10
9.102844638949671108e+00 1.839964013965239106e-10
9.124726477024069027e+00 1.839964026018040249e-10
9.146608315098468722e+00 1.839971038070841555e-10
9.168490153172866641e+00 1.839971050123642439e-10
9.190371991247264560e+00 1.839971062176443582e-10
9.212253829321662479e+00 1.839991074229244637e-10
9.234135667396060398e+00 1.839991086282045522e-10
9.256017505470458318e+00 1.839930098334846606e-10
9.277899343544858013e+00 1.839930110387647749e-10
9.299781181619255932e+00 1.839932122440448754e-10
9.321663019693653851e+00 1.839932134493249896e-10
9.343544857768051770e+00 1.839932146546051039e-10
9.365426695842449689e+00 1.840000158598851886e-10
9.387308533916849385e+00 1.840000170651653028e-10
9.409190371991247304e+00 1.839946182704454018e-10
9.431072210065645223e+00 1.839946194757254902e-10
9.452954048140043142e+00 1.839926206810056132e-10
9.474835886214441061e+00 1.839926218862857274e-10
9.496717724288840756e+00 1.839944230915658210e-10
9.518599562363238675e+00 1.839944242968459352e-10
9.540481400437636594e+00 1.839944255021260495e-10
9.562363238512034513e+00 1.839883267074061321e-10
9.584245076586432432e+00 1.839883279126862464e-10
9.606126914660830352e+00 1.839893291179663692e-10
9.628008752735230047e+00 1.839893303232464576e-10
9.649890590809627966e+00 1.839957315285265699e-10
9.671772428884025885e+00 1.839957327338066842e-10
9.693654266958423804e+00 1.839940339390867735e-10
9.715536105032821723e+00 1.839940351443668878e-10
9.737417943107221419e+00 1.839940363496470020e-10
9.759299781181619338e+00 1.840014375549270712e-10
9.781181619256017257e+00 1.840014387602071855e-10
9.803063457330415176e+00 1.839982399654873136e-10
9.824945295404813095e+00 1.839982411707674021e-10
9.846827133479211014e+00 1.839918423760475183e-10
9.868708971553610709e+00 1.839918435813276325e-10
9.890590809628008628e+00 1.839918447866077210e-10
9.912472647702406547e+00 1.839939459918878326e-10
9.934354485776804466e+00 1.839939471971679468e-10
9.956236323851202386e+00 1.839863484024480424e-10
9.978118161925602081e+00 1.839863496077281567e-10
1.000000000000000000e+01 1.840756508130082512e-10
1.002188183807439792e+01 1.840756520182883396e-10
1.004376367614879584e+01 1.840521532235684591e-10
1.006564551422319376e+01 1.840521544288485733e-10
1.008752735229759345e+01 1.840521556341286617e-10
1.010940919037199137e+01 1.840537568394087949e-10
1.013129102844638929e+01 1.840537580446889091e-10
1.015317286652078721e+01 1.840528592499689950e-10
1.017505470459518513e+01 1.840528604552491093e-10
1.019693654266958305e+01 1.840501616605292159e-10
1.021881838074398274e+01 1.840501628658093043e-10
1.024070021881838066e+01 1.840469640710894066e-10
1.026258205689277858e+01 1.840469652763695209e-10
1.028446389496717650e+01 1.840469664816496093e-10
1.030634573304157442e+01 1.840447676869297460e-10
1.032822757111597411e+01 1.840447688922098603e-10
1.035010940919037203e+01 1.840497700974899399e-10
1.037199124726476995e+01 1.840497713027700542e-10
1.039387308533916787e+01 1.840458725080501660e-10
1.041575492341356579e+01 1.840458737133302544e-10
1.043763676148796549e+01 1.840458749186103687e-10
1.045951859956236341e+01 1.840404761238904935e-10
1.048140043763676132e+01 1.840404773291705819e-10
1.050328227571115924e+01 1.840421785344506952e-10
1.052516411378555716e+01 1.840421797397308095e-10
1.054704595185995508e+01 1.840410809450108833e-10
1.056892778993435478e+01 1.840410821502909976e-10
1.059080962800875270e+01 1.840410833555711118e-10
1.061269146608315062e+01 1.840410845608512002e-10
1.063457330415754853e+01 1.840478857661313108e-10
1.065645514223194645e+01 1.840478869714114251e-10
1.067833698030634615e+01 1.840443881766915093e-10
1.070021881838074407e+01 1.840443893819716236e-10
1.072210065645514199e+01 1.840412905872517578e-10
1.074398249452953991e+01 1.840412917925318462e-10
1.076586433260393783e+01 1.840412929978119604e-10
1.078774617067833574e+01 1.840436942030920643e-10
1.080962800875273544e+01 1.840436954083721527e-10
1.083150984682713336e+01 1.840435966136522609e-10
1.085339168490153128e+01 1.840435978189323752e-10
1.087527352297592920e+01 1.840402990242124715e-10
1.089715536105032712e+01 1.840403002294925857e-10
1.091903719912472681e+01 1.840455014347727032e-10
1.094091903719912473e+01 1.840455026400527917e-10
1.096280087527352265e+01 1.840455038453329059e-10
1.098468271334792057e+01 1.840411050506130135e-10
1.100656455142231849e+01 1.840411062558931019e-10
1.102844638949671818e+01 1.840436074611732117e-10
1.105032822757111610e+01 1.840436086664533260e-10
1.107221006564551402e+01 1.840440098717334127e-10
1.109409190371991194e+01 1.840440110770135269e-10
1.111597374179430986e+01 1.840388122822936638e-10
1.113785557986870778e+01 1.840388134875737522e-10
1.115973741794310747e+01 1.840388146928538665e-10
1.118161925601750539e+01 1.840406158981339600e-10
1.120350109409190331e+01 1.840406171034140484e-10
1.122538293216630123e+01 1.840429183086941720e-10
1.124726477024069915e+01 1.840429195139742863e-10
1.126914660831509885e+01 1.840416207192543739e-10
1.129102844638949676e+01 1.840416219245344882e-10
1.131291028446389468e+01 1.840416231298146024e-10
1.133479212253829260e+01 1.840437243350946882e-10
1.135667396061269052e+01 1.840437255403748024e-10
1.137855579868708844e+01 1.840379267456549290e-10
1.140043763676148814e+01 1.840379279509350174e-10
1.142231947483588606e+01 1.840364291562151188e-10
1.144420131291028397e+01 1.840364303614952331e-10
1.146608315098468189e+01 1.840364315667753215e-10
1.148796498905907981e+01 1.840416327720554390e-10
1.150984682713347951e+01 1.840416339773355532e-10
1.153172866520787743e+01 1.840394351826156383e-10
1.155361050328227535e+01 1.840394363878957526e-10
1.157549234135667326e+01 1.840394375931758668e-10
1.159737417943107118e+01 1.840391387984559630e-10
1.161925601750547088e+01 1.840391400037360773e-10
1.164113785557986880e+01 1.840433412090161862e-10
1.166301969365426672e+01 1.840433424142962746e-10
1.168490153172866464e+01 1.840384436195763779e-10
1.170678336980306256e+01 1.840384448248564921e-10
1.172866520787746047e+01 1.840384460301365805e-10
1.175054704595186017e+01 1.840363472354166975e-10
1.177242888402625809e+01 1.840363484406967859e-10
1.179431072210065601e+01 1.840394496459769060e-10
1.181619256017505393e+01 1.840394508512570203e-10
1.183807439824945185e+01 1.840416520565371121e-10
1.185995623632385154e+01 1.840416532618172264e-10
1.188183807439824946e+01 1.840416544670973406e-10
1.190371991247264738e+01 1.840343556723774284e-10
1.192560175054704530e+01 1.840343568776575427e-10
1.194748358862144322e+01 1.840360580829376560e-10
1.196936542669584114e+01 1.840360592882177445e-10
1.199124726477024083e+01 1.840389604934978526e-10
1.201312910284463875e+01 1.840389616987779668e-10
1.203501094091903667e+01 1.840375629040580743e-10
1.205689277899343459e+01 1.840375641093381885e-10
1.207877461706783251e+01 1.840375653146183028e-10
1.210065645514223220e+01 1.840371665198983671e-10
1.212253829321663012e+01 1.840371677251784813e-10
1.214442013129102804e+01 1.840384689304585964e-10
1.216630196936542596e+01 1.840384701357386848e-10
1.218818380743982388e+01 1.840422713410188214e-10
1.221006564551422358e+01 1.840422725462989356e-10
1.223194748358862149e+01 1.840422737515790240e-10
1.225382932166301941e+01 1.840396749568591367e-10
1.227571115973741733e+01 1.840396761621392509e-10
1.229759299781181525e+01 1.840378773674193342e-10
1.231947483588621317e+01 1.840378785726994485e-10
1.234135667396061287e+01 1.840378797779795628e-10
1.236323851203501079e+01 1.840357809832596538e-10
1.238512035010940870e+01 1.840357821885397681e-10
1.240700218818380662e+01 1.840292833938198783e-10
1.242888402625820454e+01 1.840292845990999667e-10
1.245076586433260424e+01 1.840292858043800810e-10
1.247264770240700216e+01 1.840390870096601914e-10
1.249452954048140008e+01 1.840390882149402798e-10
1.251641137855579800e+01 1.840332894202204064e-10
1.253829321663019591e+01 1.840332906255005207e-10
1.256017505470459561e+01 1.840330918307805970e-10
1.258205689277899353e+01 1.840330930360607113e-10
1.260393873085339145e+01 1.840330942413408255e-10
1.262582056892778937e+01 1.840320954466209054e-10
1.264770240700218729e+01 1.840320966519010196e-10
1.266958424507658520e+01 1.840413978571811516e-10
1.269146608315098490e+01 1.840413990624612400e-10
1.271334792122538282e+01 1.840414002677413543e-10
1.273522975929978074e+01 1.840368014730214498e-10
1.275711159737417866e+01 1.840368026783015382e-10
1.277899343544857658e+01 1.840410038835816730e-10
1.280087527352297627e+01 1.840410050888617873e-10
1.282275711159737419e+01 1.840356062941418604e-10
1.284463894967177211e+01 1.840356074994219746e-10
1.286652078774617003e+01 1.840410087047021042e-10
1.288840262582056795e+01 1.840410099099821926e-10
1.291028446389496587e+01 1.840336111152623003e-10
1.293216630196936556e+01 1.840336123205424145e-10
1.295404814004376348e+01 1.840336135258225029e-10
1.297592997811816140e+01 1.840407147311026057e-10
1.299781181619255932e+01 1.840407159363827200e-10
1.301969365426695724e+01 1.840366171416628198e-10
1.304157549234135693e+01 1.840366183469429340e-10
1.306345733041575485e+01 1.840366195522230483e-10
1.308533916849015277e+01 1.840367207575031427e-10
1.310722100656455069e+01 1.840367219627832570e-10
1.312910284463894861e+01 1.840404231680633616e-10
1.315098468271334831e+01 1.840404243733434500e-10
1.317286652078774623e+01 1.840416255786235591e-10
1.319474835886214414e+01 1.840416267839036733e-10
1.321663019693654206e+01 1.840416279891837618e-10
1.323851203501093998e+01 1.840401291944638890e-10
1.326039387308533790e+01 1.840401303997440033e-10
1.328227571115973760e+01 1.840416316050240787e-10
1.330415754923413552e+01 1.840416328103041930e-10
1.332603938730853343e+01 1.840416340155843072e-10
1.334792122538293135e+01 1.840338352208643908e-10
1.336980306345732927e+01 1.840338364261445050e-10
1.339168490153172897e+01 1.840436376314246413e-10
1.341356673960612689e+01 1.840436388367047297e-10
1.343544857768052481e+01 1.840403400419848260e-10
1.345733041575492273e+01 1.840403412472649403e-10
1.347921225382932064e+01 1.840375424525450409e-10
1.350109409190371856e+01 1.840375436578251551e-10
1.352297592997811826e+01 1.840375448631052694e-10
1.354485776805251618e+01 1.840384460683853604e-10
1.356673960612691410e+01 1.840384472736654746e-10
1.358862144420131202e+01 1.840431484789455878e-10
1.361050328227570994e+01 1.840431496842256763e-10
1.363238512035010963e+01 1.840372508895057709e-10
1.365426695842450755e+01 1.840372520947858852e-10
1.367614879649890547e+01 1.840372533000659736e-10
1.369803063457330339e+01 1.840445545053460884e-10
1.371991247264770131e+01 1.840445557106262027e-10
1.374179431072210100e+01 1.840386569159062974e-10
1.376367614879649892e+01 1.840386581211864116e-10
1.378555798687089684e+01 1.840394593264665224e-10
1.380743982494529476e+01 1.840394605317466108e-10
1.382932166301969268e+01 1.840379617370267381e-10
1.385120350109409060e+01 1.840379629423068523e-10
1.387308533916849029e+01 1.840379641475869408e-10
1.389496717724288821e+01 1.840372653528670387e-10
1.391684901531728613e+01 1.840372665581471529e-10
1.393873085339168405e+01 1.840368677634272431e-10
1.396061269146608197e+01 1.840368689687073574e-10
1.398249452954048166e+01 1.840429701739874774e-10
1.400437636761487958e+01 1.840429713792675658e-10
1.402625820568927750e+01 1.840429725845476801e-10
1.404814004376367542e+01 1.840370737898278006e-10
1.407002188183807334e+01 1.840370749951078890e-10
1.409190371991247126e+01 1.840420762003879945e-10
1.411378555798687096e+01 1.840420774056681087e-10
1.413566739606126887e+01 1.840420786109481972e-10
1.415754923413566679e+01 1.840380798162283288e-10
1.417943107221006471e+01 1.840380810215084431e-10
1.420131291028446263e+01 1.840314822267885214e-10
1.422319474835886233e+01 1.840314834320686357e-10
1.424507658643326025e+01 1.840314846373487499e-10
1.426695842450765817e+01 1.840370858426288398e-10
1.428884026258205608e+01 1.840370870479089541e-10
1.431072210065645400e+01 1.840363882531890779e-10
1.433260393873085370e+01 1.840363894584691663e-10
1.435448577680525162e+01 1.840363906637492805e-10
1.437636761487964954e+01 1.840331918690293829e-10
1.439824945295404746e+01 1.840331930743094713e-10
1.442013129102844537e+01 1.840358942795895932e-10
1.444201312910284329e+01 1.840358954848697075e-10
1.446389496717724299e+01 1.840314966901497891e-10
1.448577680525164091e+01 1.840314978954299034e-10
1.450765864332603883e+01 1.840350991007100279e-10
1.452954048140043675e+01 1.840351003059901163e-10
1.455142231947483467e+01 1.840351015112702305e-10
1.457330415754923436e+01 1.840384027165503369e-10
1.459518599562363228e+01 1.840384039218304253e-10
1.461706783369803020e+01 1.840374051271105310e-10
1.463894967177242812e+01 1.840374063323906453e-10
1.466083150984682604e+01 1.840350075376707441e-10
1.468271334792122573e+01 1.840350087429508584e-10
1.470459518599562365e+01 1.840350099482309727e-10
1.472647702407002157e+01 1.840342111535110645e-10
1.474835886214441949e+01 1.840342123587911788e-10
1.477024070021881741e+01 1.840375135640712852e-10
1.479212253829321533e+01 1.840375147693513736e-10
1.481400437636761502e+01 1.840359159746314948e-10
1.483588621444201294e+01 1.840359171799116091e-10
1.485776805251641086e+01 1.840359183851916975e-10
1.487964989059080878e+01 1.840359195904718118e-10
1.490153172866520670e+01 1.840359207957519260e-10
1.492341356673960640e+01 1.840355220010320162e-10
1.494529540481400431e+01 1.840355232063121304e-10
1.496717724288840223e+01 1.840338244115922456e-10
1.498905908096280015e+01 1.840338256168723340e-10
1.501094091903719807e+01 1.840324268221524415e-10
1.503282275711159599e+01 1.840324280274325557e-10
1.505470459518599569e+01 1.840371292327126431e-10
1.507658643326039360e+01 1.840371304379927574e-10
1.509846827133479152e+01 1.840371316432728458e-10
1.512035010940918944e+01 1.840359328485529652e-10
1.514223194748358736e+01 1.840359340538330795e-10
1.516411378555798706e+01 1.840390352591131738e-10
1.518599562363238498e+01 1.840390364643932881e-10
1.520787746170678290e+01 1.840378376696733817e-10
1.522975929978118081e+01 1.840378388749534701e-10
1.525164113785557873e+01 1.840378400802335844e-10
1.527352297592997843e+01 1.840381412855137167e-10
1.529540481400437635e+01 1.840381424907938052e-10
1.531728665207877427e+01 1.840385436960739177e-10
1.533916849015317219e+01 1.840385449013540319e-10
1.536105032822757011e+01 1.840382461066341023e-10
1.538293216630196802e+01 1.840382473119142165e-10
1.540481400437636772e+01 1.840377485171943524e-10
1.542669584245076564e+01 1.840377497224744408e-10
1.544857768052516356e+01 1.840377509277545550e-10
1.547045951859956148e+01 1.840378521330346495e-10
1.549234135667395940e+01 1.840378533383147379e-10
1.551422319474835909e+01 1.840366545435948574e-10
1.553610503282275701e+01 1.840366557488749716e-10
1.555798687089715493e+01 1.840375569541550626e-10
1.557986870897155285e+01 1.840375581594351769e-10
1.560175054704595077e+01 1.840375593647152911e-10
1.562363238512034869e+01 1.840400605699953751e-10
1.564551422319474838e+01 1.840400617752754894e-10
1.566739606126914630e+01 1.840404629805556019e-10
1.568927789934354422e+01 1.840404641858356903e-10
1.571115973741794214e+01 1.840424653911158218e-10
1.573304157549234006e+01 1.840424665963959360e-10
1.575492341356673975e+01 1.840424678016760244e-10
1.577680525164113767e+01 1.840424690069561387e-10
1.579868708971553559e+01 1.840351702122362524e-10
1.582056892778993351e+01 1.840351714175163408e-10
1.584245076586433143e+01 1.840351726227964550e-10
1.586433260393873113e+01 1.840340738280765547e-10
1.588621444201312904e+01 1.840340750333566431e-10
1.590809628008752696e+01 1.840407762386367735e-10
1.592997811816192488e+01 1.840407774439168878e-10
1.595185995623632280e+01 1.840316786491969705e-10
1.597374179431072072e+01 1.840316798544770847e-10
1.599562363238512042e+01 1.840316810597571990e-10
1.601750547045951834e+01 1.840348822650372735e-10
1.603938730853391803e+01 1.840348834703173878e-10
1.606126914660831417e+01 1.840349846755975081e-10
1.608315098468271387e+01 1.840349858808775965e-10
1.610503282275711001e+01 1.840349870861577107e-10
1.612691466083150971e+01 1.840391882914378197e-10
1.614879649890590585e+01 1.840391894967179081e-10
1.617067833698030555e+01 1.840365907019980207e-10
1.619256017505470524e+01 1.840365919072781350e-10
1.621444201312910138e+01 1.840365931125582234e-10
1.623632385120350108e+01 1.840394943178383574e-10
1.625820568927789722e+01 1.840394955231184716e-10
1.628008752735229692e+01 1.840341967283985508e-10
1.630196936542669661e+01 1.840341979336786650e-10
1.632385120350109275e+01 1.840393991389587825e-10
1.634573304157549245e+01 1.840394003442388710e-10
1.636761487964988859e+01 1.840394015495189852e-10
1.638949671772428829e+01 1.840331027547990816e-10
1.641137855579868798e+01 1.840331039600791700e-10
1.643326039387308413e+01 1.840381051653593013e-10
1.645514223194748382e+01 1.840381063706394156e-10
1.647702407002187996e+01 1.840378075759195118e-10
1.649890590809627966e+01 1.840378087811996260e-10
1.652078774617067936e+01 1.840378099864797403e-10
1.654266958424507550e+01 1.840361111917598038e-10
1.656455142231947519e+01 1.840361123970399181e-10
1.658643326039387134e+01 1.840321136023200497e-10
1.660831509846827103e+01 1.840321148076001381e-10
1.663019693654267073e+01 1.840367160128802453e-10
1.665207877461706687e+01 1.840367172181603596e-10
1.667396061269146657e+01 1.840369184234404601e-10
1.669584245076586271e+01 1.840369196287205743e-10
1.671772428884026240e+01 1.840369208340006886e-10
1.673960612691465855e+01 1.840362220392807606e-10
1.676148796498905824e+01 1.840362232445608749e-10
1.678336980306345794e+01 1.840344244498409841e-10
1.680525164113785408e+01 1.840344256551210725e-10
1.682713347921225377e+01 1.840367268604011961e-10
1.684901531728664992e+01 1.840367280656813104e-10
1.687089715536104961e+01 1.840326292709614102e-10
1.689277899343544931e+01 1.840326304762415244e-10
1.691466083150984545e+01 1.840326316815216387e-10
1.693654266958424515e+01 1.840342328868017202e-10
1.695842450765864129e+01 1.840342340920818344e-10
1.698030634573304098e+01 1.840360352973619538e-10
1.700218818380744068e+01 1.840360365026420422e-10
1.702407002188183682e+01 1.840395377079221606e-10
1.704595185995623652e+01 1.840395389132022749e-10
1.706783369803063266e+01 1.840395401184823633e-10
1.708971553610503236e+01 1.840397413237624638e-10
1.711159737417943205e+01 1.840397425290425780e-10
1.713347921225382819e+01 1.840381437343226734e-10
1.715536105032822789e+01 1.840381449396027877e-10
1.717724288840262403e+01 1.840342461448828995e-10
1.719912472647702373e+01 1.840342473501629879e-10
1.722100656455142342e+01 1.840383485554430908e-10
1.724288840262581957e+01 1.840383497607232051e-10
1.726477024070021926e+01 1.840383509660032935e-10
1.728665207877461540e+01 1.840369521712834268e-10
1.730853391684901510e+01 1.840369533765635410e-10
1.733041575492341124e+01 1.840373545818436277e-10
1.735229759299781094e+01 1.840373557871237420e-10
1.737417943107221063e+01 1.840344569924038365e-10
1.739606126914660678e+01 1.840344581976839249e-10
1.741794310722100647e+01 1.840344594029640392e-10
1.743982494529540261e+01 1.840369606082441749e-10
1.746170678336980231e+01 1.840369618135242633e-10
1.748358862144420200e+01 1.840407630188043740e-10
1.750547045951859815e+01 1.840407642240844882e-10
1.752735229759299784e+01 1.840407654293645767e-10
1.754923413566739399e+01 1.840410666346446832e-10
1.757111597374179368e+01 1.840410678399247974e-10
1.759299781181619338e+01 1.840364690452048929e-10
1.761487964989058952e+01 1.840364702504850072e-10
1.763676148796498921e+01 1.840364714557651214e-10
1.765864332603938536e+01 1.840405726610451985e-10
1.768052516411378505e+01 1.840405738663253127e-10
1.770240700218818475e+01 1.840326750716054419e-10
1.772428884026258089e+01 1.840326762768855304e-10
1.774617067833698059e+01 1.840326774821656446e-10
1.776805251641137673e+01 1.840357786874457390e-10
1.778993435448577642e+01 1.840357798927258274e-10
1.781181619256017612e+01 1.840344810980059408e-10
1.783369803063457226e+01 1.840344823032860551e-10
1.785557986870897196e+01 1.840344835085661435e-10
1.787746170678336810e+01 1.840380847138462680e-10
1.789934354485776780e+01 1.840380859191263822e-10
1.792122538293216394e+01 1.840375871244064663e-10
1.794310722100656363e+01 1.840375883296865806e-10
1.796498905908096333e+01 1.840389895349667017e-10
1.798687089715535947e+01 1.840389907402467901e-10
1.800875273522975917e+01 1.840389919455269044e-10
1.803063457330415531e+01 1.840334931508070232e-10
1.805251641137855501e+01 1.840334943560871116e-10
1.807439824945295470e+01 1.840396955613672118e-10
1.809628008752735084e+01 1.840396967666473261e-10
1.811816192560175054e+01 1.840396979719274145e-10
1.814004376367614668e+01 1.840396991772075288e-10
1.816192560175054638e+01 1.840397003824876430e-10
1.818380743982494607e+01 1.840323015877677507e-10
1.820568927789934222e+01 1.840323027930478649e-10
1.822757111597374191e+01 1.840335039983279740e-10
1.824945295404813805e+01 1.840335052036080624e-10
1.827133479212253775e+01 1.840316064088881655e-10
1.829321663019693744e+01 1.840316076141682798e-10
1.831509846827133359e+01 1.840316088194483682e-10
1.833698030634573328e+01 1.840326100247284910e-10
1.835886214442012943e+01 1.840326112300086053e-10
1.838074398249452912e+01 1.840320124352886834e-10
1.840262582056892882e+01 1.840320136405687977e-10
1.842450765864332496e+01 1.840391148458489005e-10
1.844638949671772465e+01 1.840391160511290147e-10
1.846827133479212080e+01 1.840371172564091118e-10
1.849015317286652049e+01 1.840371184616892002e-10
1.851203501094091664e+01 1.840371196669693145e-10
1.853391684901531633e+01 1.840356208722494417e-10
1.855579868708971603e+01 1.840356220775295302e-10
1.857768052516411217e+01 1.840346232828096358e-10
1.859956236323851186e+01 1.840346244880897501e-10
1.862144420131290801e+01 1.840351256933698428e-10
1.864332603938730770e+01 1.840351268986499571e-10
1.866520787746170740e+01 1.840351281039300713e-10
1.868708971553610354e+01 1.840381293092101596e-10
1.870897155361050324e+01 1.840381305144902739e-10
1.873085339168489938e+01 1.840375317197703778e-10
1.875273522975929907e+01 1.840375329250504662e-10
1.877461706783369877e+01 1.840336341303306039e-10
1.879649890590809491e+01 1.840336353356107182e-10
1.881838074398249461e+01 1.840359365408907901e-10
1.884026258205689075e+01 1.840359377461709044e-10
1.886214442013129045e+01 1.840348389514510299e-10
1.888402625820569014e+01 1.840348401567311183e-10
1.890590809628008628e+01 1.840348413620112326e-10
1.892778993435448598e+01 1.840314425672913487e-10
1.894967177242888212e+01 1.840314437725714371e-10
1.897155361050328182e+01 1.840377449778515434e-10
1.899343544857768151e+01 1.840377461831316576e-10
1.901531728665207766e+01 1.840356473884117487e-10
1.903719912472647735e+01 1.840356485936918630e-10
1.905908096280087349e+01 1.840356497989719772e-10
1.908096280087527319e+01 1.840335510042520683e-10
1.910284463894966933e+01 1.840335522095321826e-10
1.912472647702406903e+01 1.840334534148122908e-10
1.914660831509846872e+01 1.840334546200923792e-10
1.916849015317286486e+01 1.840350558253724865e-10
1.919037199124726456e+01 1.840350570306526008e-10
1.921225382932166070e+01 1.840350582359326892e-10
1.923413566739606040e+01 1.840370594412128206e-10
1.925601750547046009e+01 1.840370606464929349e-10
1.927789934354485624e+01 1.840397618517730051e-10
1.929978118161925593e+01 1.840397630570531194e-10
1.932166301969365207e+01 1.840329642623332373e-10
1.934354485776805177e+01 1.840329654676133258e-10
1.936542669584245147e+01 1.840329666728934400e-10
1.938730853391684761e+01 1.840329678781735543e-10
1.940919037199124730e+01 1.840403690834536493e-10
1.943107221006564345e+01 1.840403702887337636e-10
1.945295404814004314e+01 1.840373714940138779e-10
1.947483588621444284e+01 1.840373726992939664e-10
1.949671772428883898e+01 1.840358739045740678e-10
1.951859956236323868e+01 1.840358751098541820e-10
1.954048140043763482e+01 1.840358763151342704e-10
1.956236323851203451e+01 1.840446775204143981e-10
1.958424507658643421e+01 1.840446787256945124e-10
1.960612691466083035e+01 1.840343799309746003e-10
1.962800875273523005e+01 1.840343811362547146e-10
1.964989059080962619e+01 1.840426823415348380e-10
1.967177242888402589e+01 1.840426835468149265e-10
1.969365426695842203e+01 1.840382847520950340e-10
1.971553610503282172e+01 1.840382859573751482e-10
1.973741794310722142e+01 1.840382871626552367e-10
1.975929978118161756e+01 1.840375883679353346e-10
1.978118161925601726e+01 1.840375895732154488e-10
1.980306345733041340e+01 1.840398907784955466e-10
1.982494529540481309e+01 1.840398919837756609e-10
1.984682713347921279e+01 1.840433931890557793e-10
1.986870897155360893e+01 1.840433943943358678e-10
1.989059080962800863e+01 1.840433955996159820e-10
1.991247264770240477e+01 1.840370968048961043e-10
1.993435448577680447e+01 1.840370980101761927e-10
1.995623632385120416e+01 1.840401992154562870e-10
1.997811816192560030e+01 1.840402004207364013e-10
