0.000000000000000000e+00 1.746623000000000039e-10
2.197802197802197974e-02 1.746622992409646757e-10
4.395604395604395948e-02 1.746594984819293597e-10
6.593406593406593574e-02 1.746594977228940315e-10
8.791208791208791895e-02 1.746668969638587099e-10
1.098901098901099022e-01 1.746668962048233817e-10
1.318681318681318715e-01 1.746668954457880794e-10
1.538461538461538547e-01 1.746660946867527547e-10
1.758241758241758379e-01 1.746660939277174265e-10
1.978021978021978211e-01 1.746666931686821086e-10
2.197802197802198043e-01 1.746666924096468062e-10
2.417582417582417875e-01 1.746710916506114589e-10
2.637362637362637430e-01 1.746710908915761307e-10
2.857142857142857539e-01 1.746710901325408026e-10
3.076923076923077094e-01 1.746650893735055004e-10
3.296703296703297204e-01 1.746650886144701722e-10
3.516483516483516758e-01 1.746637878554348432e-10
3.736263736263736313e-01 1.746637870963995409e-10
3.956043956043956422e-01 1.746705863373642090e-10
4.175824175824175977e-01 1.746705855783288808e-10
4.395604395604396086e-01 1.746705848192935526e-10
4.615384615384615641e-01 1.746608840602582601e-10
4.835164835164835750e-01 1.746608833012229319e-10
5.054945054945055860e-01 1.746623825421876166e-10
5.274725274725274859e-01 1.746623817831522884e-10
5.494505494505494969e-01 1.746623810241169861e-10
5.714285714285715079e-01 1.746682802650816516e-10
5.934065934065934078e-01 1.746682795060463234e-10
6.153846153846154188e-01 1.746654787470109816e-10
6.373626373626374297e-01 1.746654779879756792e-10
6.593406593406594407e-01 1.746654772289403510e-10
6.813186813186813406e-01 1.746675764699050202e-10
7.032967032967033516e-01 1.746675757108697178e-10
7.252747252747253626e-01 1.746675749518343896e-10
7.472527472527472625e-01 1.746697741927990648e-10
7.692307692307692735e-01 1.746697734337637366e-10
7.912087912087912844e-01 1.746651726747284414e-10
8.131868131868132954e-01 1.746651719156931132e-10
8.351648351648351953e-01 1.746627711566577954e-10
8.571428571428572063e-01 1.746627703976224672e-10
8.791208791208792173e-01 1.746627696385871649e-10
9.010989010989011172e-01 1.746670688795518374e-10
9.230769230769231282e-01 1.746670681205165092e-10
9.450549450549451391e-01 1.746589673614811839e-10
9.670329670329671501e-01 1.746589666024458815e-10
9.890109890109890500e-01 1.746717658434105494e-10
1.010989010989011172e+00 1.746717650843752212e-10
1.032967032967033072e+00 1.746717643253399189e-10
1.054945054945054972e+00 1.746684635663045727e-10
1.076923076923077094e+00 1.746684628072692445e-10
1.098901098901098994e+00 1.746659620482339208e-10
1.120879120879120894e+00 1.746659612891986184e-10
1.142857142857143016e+00 1.746686605301632979e-10
1.164835164835164916e+00 1.746686597711279697e-10
1.186813186813186816e+00 1.746686590120926415e-10
1.208791208791208938e+00 1.746639582530573402e-10
1.230769230769230838e+00 1.746639574940220120e-10
1.252747252747252737e+00 1.746649567349866924e-10
1.274725274725274859e+00 1.746649559759513642e-10
1.296703296703296759e+00 1.746682552169160540e-10
1.318681318681318881e+00 1.746682544578807258e-10
1.340659340659340781e+00 1.746645536988453814e-10
1.362637362637362681e+00 1.746645529398100790e-10
1.384615384615384803e+00 1.746645521807747508e-10
1.406593406593406703e+00 1.746654514217394252e-10
1.428571428571428603e+00 1.746654506627040970e-10
1.450549450549450725e+00 1.746674499036688118e-10
1.472527472527472625e+00 1.746674491446334836e-10
1.494505494505494525e+00 1.746669483855981511e-10
1.516483516483516647e+00 1.746669476265628229e-10
1.538461538461538547e+00 1.746702468675275127e-10
1.560439560439560669e+00 1.746702461084921845e-10
1.582417582417582569e+00 1.746702453494568563e-10
1.604395604395604469e+00 1.746669445904215360e-10
1.626373626373626591e+00 1.746669438313862337e-10
1.648351648351648491e+00 1.746696430723509131e-10
1.670329670329670391e+00 1.746696423133155850e-10
1.692307692307692513e+00 1.746668415542802689e-10
1.714285714285714413e+00 1.746668407952449407e-10
1.736263736263736313e+00 1.746668400362096126e-10
1.758241758241758435e+00 1.746658392771742758e-10
1.780219780219780334e+00 1.746658385181389734e-10
1.802197802197802234e+00 1.746749377591036509e-10
1.824175824175824356e+00 1.746749370000683227e-10
1.846153846153846256e+00 1.746598362410329891e-10
1.868131868131868378e+00 1.746598354819976868e-10
1.890109890109890278e+00 1.746592347229623741e-10
1.912087912087912178e+00 1.746592339639270459e-10
1.934065934065934300e+00 1.746592332048917436e-10
1.956043956043956200e+00 1.746600324458564119e-10
1.978021978021978100e+00 1.746600316868210837e-10
2.000000000000000000e+00 1.746654309277857450e-10
2.021978021978022344e+00 1.746654301687504426e-10
2.043956043956044244e+00 1.746645294097151119e-10
2.065934065934066144e+00 1.746645286506797837e-10
2.087912087912088044e+00 1.746645278916444555e-10
2.109890109890109944e+00 1.746679271326091772e-10
2.131868131868131844e+00 1.746679263735738490e-10
2.153846153846154188e+00 1.746689256145385035e-10
2.175824175824176088e+00 1.746689248555031753e-10
2.197802197802197988e+00 1.746695240964678833e-10
2.219780219780219888e+00 1.746695233374325551e-10
2.241758241758241788e+00 1.746661225783972288e-10
2.263736263736264132e+00 1.746661218193619264e-10
2.285714285714286031e+00 1.746637210603265828e-10
2.307692307692307931e+00 1.746637203012912546e-10
2.329670329670329831e+00 1.746637195422559264e-10
2.351648351648351731e+00 1.746608187832206302e-10
2.373626373626373631e+00 1.746608180241853020e-10
2.395604395604395975e+00 1.746638172651499737e-10
2.417582417582417875e+00 1.746638165061146455e-10
2.439560439560439775e+00 1.746638157470793432e-10
2.461538461538461675e+00 1.746638149880440150e-10
2.483516483516483575e+00 1.746609142290086930e-10
2.505494505494505475e+00 1.746609134699733648e-10
2.527472527472527819e+00 1.746640127109380683e-10
2.549450549450549719e+00 1.746640119519027401e-10
2.571428571428571619e+00 1.746640111928674119e-10
2.593406593406593519e+00 1.746663104338320931e-10
2.615384615384615419e+00 1.746663096747967650e-10
2.637362637362637763e+00 1.746690089157614444e-10
2.659340659340659663e+00 1.746690081567261162e-10
2.681318681318681563e+00 1.746652073976908175e-10
2.703296703296703463e+00 1.746652066386554893e-10
2.725274725274725363e+00 1.746652058796201611e-10
2.747252747252747263e+00 1.746660051205848294e-10
2.769230769230769607e+00 1.746660043615495271e-10
2.791208791208791506e+00 1.746637036025141895e-10
2.813186813186813406e+00 1.746637028434788613e-10
2.835164835164835306e+00 1.746637020844435331e-10
2.857142857142857206e+00 1.746586013254082336e-10
2.879120879120879550e+00 1.746586005663729054e-10
2.901098901098901450e+00 1.746662998073375760e-10
2.923076923076923350e+00 1.746662990483022737e-10
2.945054945054945250e+00 1.746615982892669465e-10
2.967032967032967150e+00 1.746615975302316183e-10
2.989010989010989050e+00 1.746615967711962901e-10
3.010989010989011394e+00 1.746624960121609904e-10
3.032967032967033294e+00 1.746624952531256622e-10
3.054945054945055194e+00 1.746689944940903380e-10
3.076923076923077094e+00 1.746689937350550098e-10
3.098901098901098994e+00 1.746633929760197060e-10
3.120879120879121338e+00 1.746633922169843778e-10
3.142857142857143238e+00 1.746659914579490512e-10
3.164835164835165138e+00 1.746659906989137230e-10
3.186813186813187038e+00 1.746673899398784275e-10
3.208791208791208938e+00 1.746673891808430993e-10
3.230769230769230838e+00 1.746673884218077712e-10
3.252747252747253182e+00 1.746623876627724518e-10
3.274725274725275082e+00 1.746623869037371236e-10
3.296703296703296981e+00 1.746608861447018084e-10
3.318681318681318881e+00 1.746608853856664802e-10
3.340659340659340781e+00 1.746634846266311795e-10
3.362637362637362681e+00 1.746634838675958513e-10
3.384615384615385025e+00 1.746634831085605231e-10
3.406593406593406925e+00 1.746586823495251899e-10
3.428571428571428825e+00 1.746586815904898876e-10
3.450549450549450725e+00 1.746632808314545523e-10
3.472527472527472625e+00 1.746632800724192241e-10
3.494505494505494969e+00 1.746594793133838995e-10
3.516483516483516869e+00 1.746594785543485972e-10
3.538461538461538769e+00 1.746594777953132690e-10
3.560439560439560669e+00 1.746673770362779517e-10
3.582417582417582569e+00 1.746673762772426493e-10
3.604395604395604469e+00 1.746661755182073264e-10
3.626373626373626813e+00 1.746661747591719982e-10
3.648351648351648713e+00 1.746691740001366699e-10
3.670329670329670613e+00 1.746691732411013675e-10
3.692307692307692513e+00 1.746623724820660172e-10
3.714285714285714413e+00 1.746623717230306890e-10
3.736263736263736757e+00 1.746623709639953608e-10
3.758241758241758657e+00 1.746674702049600557e-10
3.780219780219780557e+00 1.746674694459247275e-10
3.802197802197802456e+00 1.746615686868894056e-10
3.824175824175824356e+00 1.746615679278540774e-10
3.846153846153846256e+00 1.746741671688187849e-10
3.868131868131868600e+00 1.746741664097834567e-10
3.890109890109890500e+00 1.746618656507481367e-10
3.912087912087912400e+00 1.746618648917128344e-10
3.934065934065934300e+00 1.746618641326775062e-10
3.956043956043956200e+00 1.746630633736421728e-10
3.978021978021978544e+00 1.746630626146068446e-10
4.000000000000000000e+00 1.746641618555715310e-10
4.021978021978021900e+00 1.746641610965362028e-10
4.043956043956044688e+00 1.746641603375008746e-10
4.065934065934066588e+00 1.746641595784655464e-10
4.087912087912088488e+00 1.746667588194302457e-10
4.109890109890110388e+00 1.746667580603949175e-10
4.131868131868132288e+00 1.746672573013595936e-10
4.153846153846154188e+00 1.746672565423242654e-10
4.175824175824176088e+00 1.746672557832889631e-10
4.197802197802197988e+00 1.746672550242536349e-10
4.219780219780219888e+00 1.746672542652183067e-10
4.241758241758241788e+00 1.746586535061830030e-10
4.263736263736263687e+00 1.746586527471476748e-10
4.285714285714286476e+00 1.746671519881123420e-10
4.307692307692308376e+00 1.746671512290770138e-10
4.329670329670330275e+00 1.746601504700417289e-10
4.351648351648352175e+00 1.746601497110064007e-10
4.373626373626374075e+00 1.746610489519710493e-10
4.395604395604395975e+00 1.746610481929357211e-10
4.417582417582417875e+00 1.746610474339004187e-10
4.439560439560439775e+00 1.746587466748651070e-10
4.461538461538461675e+00 1.746587459158297788e-10
4.483516483516483575e+00 1.746609451567944540e-10
4.505494505494505475e+00 1.746609443977591516e-10
4.527472527472528263e+00 1.746670436387238034e-10
4.549450549450550163e+00 1.746670428796884752e-10
4.571428571428572063e+00 1.746670421206531729e-10
4.593406593406593963e+00 1.746635413616178663e-10
4.615384615384615863e+00 1.746635406025825381e-10
4.637362637362637763e+00 1.746657398435471875e-10
4.659340659340659663e+00 1.746657390845118851e-10
4.681318681318681563e+00 1.746657383254765569e-10
4.703296703296703463e+00 1.746663375664412391e-10
4.725274725274725363e+00 1.746663368074059109e-10
4.747252747252747263e+00 1.746634360483706147e-10
4.769230769230769162e+00 1.746634352893352865e-10
4.791208791208791951e+00 1.746668345302999564e-10
4.813186813186813851e+00 1.746668337712646282e-10
4.835164835164835750e+00 1.746668330122293259e-10
4.857142857142857650e+00 1.746610322531939841e-10
4.879120879120879550e+00 1.746610314941586559e-10
4.901098901098901450e+00 1.746630307351233708e-10
4.923076923076923350e+00 1.746630299760880426e-10
4.945054945054945250e+00 1.746661292170527203e-10
4.967032967032967150e+00 1.746661284580173921e-10
4.989010989010989050e+00 1.746661276989820898e-10
5.010989010989010950e+00 1.746627269399467376e-10
5.032967032967033738e+00 1.746627261809114094e-10
5.054945054945055638e+00 1.746635254218761036e-10
5.076923076923077538e+00 1.746635246628408012e-10
5.098901098901099438e+00 1.746681239038054660e-10
5.120879120879121338e+00 1.746681231447701378e-10
5.142857142857143238e+00 1.746681223857348096e-10
5.164835164835165138e+00 1.746630216266995100e-10
5.186813186813187038e+00 1.746630208676641818e-10
5.208791208791208938e+00 1.746683201086288371e-10
5.230769230769230838e+00 1.746683193495935347e-10
5.252747252747252737e+00 1.746618185905582283e-10
5.274725274725275526e+00 1.746618178315229001e-10
5.296703296703297426e+00 1.746610170724875496e-10
5.318681318681319325e+00 1.746610163134522472e-10
5.340659340659341225e+00 1.746610155544169190e-10
5.362637362637363125e+00 1.746620147953815994e-10
5.384615384615385025e+00 1.746620140363462712e-10
5.406593406593406925e+00 1.746646132773109705e-10
5.428571428571428825e+00 1.746646125182756423e-10
5.450549450549450725e+00 1.746645117592403081e-10
5.472527472527472625e+00 1.746645110002050058e-10
5.494505494505494525e+00 1.746645102411696776e-10
5.516483516483517313e+00 1.746635094821343666e-10
5.538461538461539213e+00 1.746635087230990385e-10
5.560439560439561113e+00 1.746634079640637301e-10
5.582417582417583013e+00 1.746634072050284019e-10
5.604395604395604913e+00 1.746651064459930728e-10
5.626373626373626813e+00 1.746651056869577446e-10
5.648351648351648713e+00 1.746651049279224422e-10
5.670329670329670613e+00 1.746697041688871070e-10
5.692307692307692513e+00 1.746697034098517788e-10
5.714285714285714413e+00 1.746697026508164506e-10
5.736263736263736313e+00 1.746651018917811553e-10
5.758241758241759101e+00 1.746651011327458271e-10
5.780219780219781001e+00 1.746673003737105023e-10
5.802197802197802901e+00 1.746672996146752000e-10
5.824175824175824800e+00 1.746672988556398718e-10
5.846153846153846700e+00 1.746612980966045438e-10
5.868131868131868600e+00 1.746612973375692156e-10
5.890109890109890500e+00 1.746636965785339028e-10
5.912087912087912400e+00 1.746636958194985747e-10
5.934065934065934300e+00 1.746677950604632610e-10
5.956043956043956200e+00 1.746677943014279328e-10
5.978021978021978100e+00 1.746677935423926304e-10
6.000000000000000888e+00 1.746647927833573023e-10
6.021978021978022788e+00 1.746647920243219742e-10
6.043956043956044688e+00 1.746672912652866416e-10
6.065934065934066588e+00 1.746672905062513392e-10
6.087912087912088488e+00 1.746731897472160048e-10
6.109890109890110388e+00 1.746731889881806766e-10
6.131868131868132288e+00 1.746669882291453624e-10
6.153846153846154188e+00 1.746669874701100342e-10
6.175824175824176088e+00 1.746729867110747058e-10
6.197802197802197988e+00 1.746729859520393776e-10
6.219780219780219888e+00 1.746729851930040753e-10
6.241758241758242676e+00 1.746622844339687483e-10
6.263736263736264576e+00 1.746622836749334202e-10
6.285714285714286476e+00 1.746648829158980936e-10
6.307692307692308376e+00 1.746648821568627912e-10
6.329670329670330275e+00 1.746650813978274751e-10
6.351648351648352175e+00 1.746650806387921469e-10
6.373626373626374075e+00 1.746650798797568187e-10
6.395604395604395975e+00 1.746626791207215010e-10
6.417582417582417875e+00 1.746626783616861728e-10
6.439560439560439775e+00 1.746638776026508652e-10
6.461538461538461675e+00 1.746638768436155629e-10
6.483516483516484463e+00 1.746624760845802278e-10
6.505494505494506363e+00 1.746624753255448997e-10
6.527472527472528263e+00 1.746671745665095704e-10
6.549450549450550163e+00 1.746671738074742681e-10
6.571428571428572063e+00 1.746671730484389399e-10
6.593406593406593963e+00 1.746683722894036065e-10
6.615384615384615863e+00 1.746683715303682783e-10
6.637362637362637763e+00 1.746691707713329725e-10
6.659340659340659663e+00 1.746691700122976443e-10
6.681318681318681563e+00 1.746710692532623272e-10
6.703296703296703463e+00 1.746710684942269990e-10
6.725274725274725363e+00 1.746710677351916967e-10
6.747252747252748151e+00 1.746644669761563584e-10
6.769230769230770051e+00 1.746644662171210302e-10
6.791208791208791951e+00 1.746672654580857416e-10
6.813186813186813851e+00 1.746672646990504134e-10
6.835164835164835750e+00 1.746672639400150852e-10
6.857142857142857650e+00 1.746631631809797425e-10
6.879120879120879550e+00 1.746631624219444401e-10
6.901098901098901450e+00 1.746612616629091267e-10
6.923076923076923350e+00 1.746612609038737985e-10
6.945054945054945250e+00 1.746628601448384633e-10
6.967032967032967150e+00 1.746628593858031610e-10
6.989010989010989938e+00 1.746628586267678328e-10
7.010989010989011838e+00 1.746687578677324984e-10
7.032967032967033738e+00 1.746687571086971702e-10
7.054945054945055638e+00 1.746684563496618756e-10
7.076923076923077538e+00 1.746684555906265474e-10
7.098901098901099438e+00 1.746684548315912192e-10
7.120879120879121338e+00 1.746656540725559032e-10
7.142857142857143238e+00 1.746656533135205750e-10
7.164835164835165138e+00 1.746604525544852694e-10
7.186813186813187038e+00 1.746604517954499412e-10
7.208791208791208938e+00 1.746686510364146162e-10
7.230769230769231726e+00 1.746686502773792880e-10
7.252747252747253626e+00 1.746646495183439772e-10
7.274725274725275526e+00 1.746646487593086490e-10
7.296703296703297426e+00 1.746667480002733440e-10
7.318681318681319325e+00 1.746667472412380158e-10
7.340659340659341225e+00 1.746667464822026876e-10
7.362637362637363125e+00 1.746635457231673475e-10
7.384615384615385025e+00 1.746635449641320451e-10
7.406593406593406925e+00 1.746639442050967152e-10
7.428571428571428825e+00 1.746639434460613870e-10
7.450549450549450725e+00 1.746639426870260846e-10
7.472527472527473513e+00 1.746639419279907565e-10
7.494505494505495413e+00 1.746685411689554470e-10
7.516483516483517313e+00 1.746685404099201189e-10
7.538461538461539213e+00 1.746707396508848199e-10
7.560439560439561113e+00 1.746707388918494917e-10
7.582417582417583013e+00 1.746689381328141584e-10
7.604395604395604913e+00 1.746689373737788302e-10
7.626373626373626813e+00 1.746689366147435279e-10
7.648351648351648713e+00 1.746620358557081973e-10
7.670329670329670613e+00 1.746620350966728692e-10
7.692307692307692513e+00 1.746643343376375245e-10
7.714285714285715301e+00 1.746643335786022222e-10
7.736263736263737201e+00 1.746584328195669002e-10
7.758241758241759101e+00 1.746584320605315720e-10
7.780219780219781001e+00 1.746628313014962764e-10
7.802197802197802901e+00 1.746628305424609482e-10
7.824175824175824800e+00 1.746628297834256200e-10
7.846153846153846700e+00 1.746677290243903029e-10
7.868131868131868600e+00 1.746677282653550005e-10
7.890109890109890500e+00 1.746662275063196595e-10
7.912087912087912400e+00 1.746662267472843313e-10
7.934065934065934300e+00 1.746748259882490045e-10
7.956043956043957088e+00 1.746748252292137021e-10
7.978021978021978988e+00 1.746748244701783739e-10
8.000000000000000000e+00 1.746636237111430427e-10
8.021978021978021900e+00 1.746636229521077145e-10
8.043956043956043800e+00 1.746690221930724275e-10
8.065934065934065700e+00 1.746690214340370993e-10
8.087912087912089376e+00 1.746673206750017462e-10
8.109890109890111276e+00 1.746673199159664439e-10
8.131868131868133176e+00 1.746622191569311184e-10
8.153846153846155076e+00 1.746622183978957902e-10
8.175824175824176976e+00 1.746622176388604621e-10
8.197802197802198876e+00 1.746684168798251715e-10
8.219780219780220776e+00 1.746684161207898434e-10
8.241758241758242676e+00 1.746649153617545110e-10
8.263736263736264576e+00 1.746649146027191828e-10
8.285714285714286476e+00 1.746689138436838889e-10
8.307692307692308376e+00 1.746689130846485607e-10
8.329670329670330275e+00 1.746702123256132333e-10
8.351648351648352175e+00 1.746702115665779052e-10
8.373626373626374075e+00 1.746702108075426028e-10
8.395604395604395975e+00 1.746682100485072575e-10
8.417582417582417875e+00 1.746682092894719293e-10
8.439560439560439775e+00 1.746694085304366476e-10
8.461538461538461675e+00 1.746694077714013194e-10
8.483516483516483575e+00 1.746678070123659723e-10
8.505494505494505475e+00 1.746678062533306441e-10
8.527472527472527375e+00 1.746678054942953418e-10
8.549450549450549275e+00 1.746641047352600232e-10
8.571428571428572951e+00 1.746641039762246950e-10
8.593406593406594851e+00 1.746689032171893718e-10
8.615384615384616751e+00 1.746689024581540694e-10
8.637362637362638651e+00 1.746612016991187424e-10
8.659340659340660551e+00 1.746612009400834142e-10
8.681318681318682451e+00 1.746636001810480756e-10
8.703296703296704351e+00 1.746635994220127733e-10
8.725274725274726251e+00 1.746635986629774451e-10
8.747252747252748151e+00 1.746732979039421070e-10
8.769230769230770051e+00 1.746732971449068047e-10
8.791208791208791951e+00 1.746646963858715009e-10
8.813186813186813851e+00 1.746646956268361728e-10
8.835164835164835750e+00 1.746713948678008348e-10
8.857142857142857650e+00 1.746713941087655325e-10
8.879120879120879550e+00 1.746713933497302043e-10
8.901098901098901450e+00 1.746657925906948746e-10
8.923076923076923350e+00 1.746657918316595464e-10
8.945054945054945250e+00 1.746672910726242311e-10
8.967032967032967150e+00 1.746672903135889029e-10
8.989010989010989050e+00 1.746689895545535996e-10
9.010989010989010950e+00 1.746689887955182714e-10
9.032967032967032850e+00 1.746689880364829691e-10
9.054945054945056526e+00 1.746689872774476409e-10
9.076923076923078426e+00 1.746659865184123128e-10
9.098901098901100326e+00 1.746659857593770105e-10
9.120879120879122226e+00 1.746659850003416823e-10
9.142857142857144126e+00 1.746643842413063352e-10
9.164835164835166026e+00 1.746643834822710070e-10
9.186813186813187926e+00 1.746674827232357106e-10
9.208791208791209826e+00 1.746674819642003824e-10
9.230769230769231726e+00 1.746691812051650533e-10
9.252747252747253626e+00 1.746691804461297251e-10
9.274725274725275526e+00 1.746691796870944227e-10
9.296703296703297426e+00 1.746661789280590947e-10
9.318681318681319325e+00 1.746661781690237665e-10
9.340659340659341225e+00 1.746668774099884546e-10
9.362637362637363125e+00 1.746668766509531264e-10
9.384615384615385025e+00 1.746646758919178207e-10
9.406593406593406925e+00 1.746646751328824925e-10
9.428571428571428825e+00 1.746646743738471902e-10
9.450549450549450725e+00 1.746741736148118401e-10
9.472527472527472625e+00 1.746741728557765119e-10
9.494505494505494525e+00 1.746634720967411850e-10
9.516483516483516425e+00 1.746634713377058826e-10
9.538461538461538325e+00 1.746668705786705526e-10
9.560439560439562001e+00 1.746668698196352244e-10
9.582417582417583901e+00 1.746668690605998962e-10
9.604395604395605801e+00 1.746596683015645993e-10
9.626373626373627701e+00 1.746596675425292711e-10
9.648351648351649601e+00 1.746606667834939515e-10
9.670329670329671501e+00 1.746606660244586492e-10
9.692307692307693401e+00 1.746691652654233164e-10
9.714285714285715301e+00 1.746691645063879882e-10
9.736263736263737201e+00 1.746679637473526652e-10
9.758241758241759101e+00 1.746679629883173628e-10
9.780219780219781001e+00 1.746679622292820347e-10
9.802197802197802901e+00 1.746615614702467084e-10
9.824175824175824800e+00 1.746615607112113802e-10
9.846153846153846700e+00 1.746656599521760665e-10
9.868131868131868600e+00 1.746656591931407383e-10
9.890109890109890500e+00 1.746627584341054163e-10
9.912087912087912400e+00 1.746627576750700881e-10
9.934065934065934300e+00 1.746513569160347965e-10
9.956043956043956200e+00 1.746513561569994683e-10
9.978021978021978100e+00 1.746513553979641402e-10
1.000000000000000000e+01 1.750705546389288254e-10
1.002197802197802190e+01 1.750705538798934972e-10
1.004395604395604558e+01 1.750063531208581766e-10
1.006593406593406748e+01 1.750063523618228484e-10
1.008791208791208938e+01 1.750032516027875401e-10
1.010989010989011128e+01 1.750032508437522119e-10
1.013186813186813318e+01 1.750032500847168838e-10
1.015384615384615508e+01 1.750055493256815650e-10
1.017582417582417698e+01 1.750055485666462626e-10
1.019780219780219888e+01 1.749928478076109185e-10
1.021978021978022078e+01 1.749928470485755903e-10
1.024175824175824268e+01 1.749928462895402622e-10
1.026373626373626458e+01 1.749999455305049742e-10
1.028571428571428648e+01 1.749999447714696460e-10
1.030769230769230838e+01 1.749920440124343069e-10
1.032967032967033028e+01 1.749920432533990046e-10
1.035164835164835218e+01 1.749920424943636764e-10
1.037362637362637408e+01 1.749872417353283432e-10
1.039560439560439598e+01 1.749872409762930150e-10
1.041758241758241788e+01 1.749909402172577289e-10
1.043956043956043978e+01 1.749909394582224007e-10
1.046153846153846168e+01 1.749781386991870764e-10
1.048351648351648358e+01 1.749781379401517482e-10
1.050549450549450547e+01 1.749781371811164459e-10
1.052747252747252915e+01 1.749759364220811144e-10
1.054945054945055105e+01 1.749759356630457862e-10
1.057142857142857295e+01 1.749810349040104552e-10
1.059340659340659485e+01 1.749810341449751529e-10
1.061538461538461675e+01 1.749785333859398291e-10
1.063736263736263865e+01 1.749785326269045009e-10
1.065934065934066055e+01 1.749785318678691985e-10
1.068131868131868245e+01 1.749785311088338703e-10
1.070329670329670435e+01 1.749699303497985407e-10
1.072527472527472625e+01 1.749699295907632126e-10
1.074725274725274815e+01 1.749852288317279019e-10
1.076923076923077005e+01 1.749852280726925737e-10
1.079120879120879195e+01 1.749726273136572356e-10
1.081318681318681385e+01 1.749726265546219074e-10
1.083516483516483575e+01 1.749726257955866051e-10
1.085714285714285765e+01 1.749767250365512914e-10
1.087912087912087955e+01 1.749767242775159632e-10
1.090109890109890145e+01 1.749716235184806378e-10
1.092307692307692335e+01 1.749716227594453355e-10
1.094505494505494525e+01 1.749672220004100005e-10
1.096703296703296715e+01 1.749672212413746724e-10
1.098901098901098905e+01 1.749672204823393700e-10
1.101098901098901273e+01 1.749672197233040418e-10
1.103296703296703463e+01 1.749672189642687136e-10
1.105494505494505653e+01 1.749678182052333958e-10
1.107692307692307843e+01 1.749678174461980934e-10
1.109890109890110033e+01 1.749634166871627585e-10
1.112087912087912223e+01 1.749634159281274303e-10
1.114285714285714413e+01 1.749726151690920880e-10
1.116483516483516603e+01 1.749726144100567856e-10
1.118681318681318793e+01 1.749726136510214574e-10
1.120879120879120983e+01 1.749656128919861467e-10
1.123076923076923173e+01 1.749656121329508186e-10
1.125274725274725363e+01 1.749707113739155134e-10
1.127472527472527553e+01 1.749707106148801852e-10
1.129670329670329743e+01 1.749671098558448469e-10
1.131868131868131933e+01 1.749671090968095445e-10
1.134065934065934123e+01 1.749695083377742317e-10
1.136263736263736313e+01 1.749695075787389035e-10
1.138461538461538503e+01 1.749695068197035754e-10
1.140659340659340693e+01 1.749630060606682690e-10
1.142857142857142883e+01 1.749630053016329408e-10
1.145054945054945073e+01 1.749655045425976082e-10
1.147252747252747263e+01 1.749655037835622800e-10
1.149450549450549453e+01 1.749600030245269822e-10
1.151648351648351820e+01 1.749600022654916540e-10
1.153846153846154010e+01 1.749600015064563258e-10
1.156043956043956200e+01 1.749550007474209805e-10
1.158241758241758390e+01 1.749549999883856782e-10
1.160439560439560580e+01 1.749577992293503637e-10
1.162637362637362770e+01 1.749577984703150355e-10
1.164835164835164960e+01 1.749626977112797183e-10
1.167032967032967150e+01 1.749626969522443901e-10
1.169230769230769340e+01 1.749594961932090758e-10
1.171428571428571530e+01 1.749594954341737476e-10
1.173626373626373720e+01 1.749641946751384443e-10
1.175824175824175910e+01 1.749641939161031161e-10
1.178021978021978100e+01 1.749641931570677879e-10
1.180219780219780290e+01 1.749599923980324650e-10
1.182417582417582480e+01 1.749599916389971627e-10
1.184615384615384670e+01 1.749629908799618344e-10
1.186813186813186860e+01 1.749629901209265062e-10
1.189010989010989050e+01 1.749592893618911618e-10
1.191208791208791240e+01 1.749592886028558594e-10
1.193406593406593430e+01 1.749550878438205366e-10
1.195604395604395620e+01 1.749550870847852084e-10
1.197802197802197810e+01 1.749550863257499060e-10
1.200000000000000178e+01 1.749548855667145916e-10
1.202197802197802368e+01 1.749548848076792634e-10
1.204395604395604558e+01 1.749565840486439343e-10
1.206593406593406748e+01 1.749565832896086320e-10
1.208791208791208938e+01 1.749615825305732950e-10
1.210989010989011128e+01 1.749615817715379668e-10
1.213186813186813318e+01 1.749615810125026386e-10
1.215384615384615508e+01 1.749598802534673372e-10
1.217582417582417698e+01 1.749598794944320090e-10
1.219780219780219888e+01 1.749580787353966757e-10
1.221978021978022078e+01 1.749580779763613475e-10
1.224175824175824268e+01 1.749628772173260502e-10
1.226373626373626458e+01 1.749628764582907220e-10
1.228571428571428648e+01 1.749628756992553938e-10
1.230769230769230838e+01 1.749600749402200777e-10
1.232967032967033028e+01 1.749600741811847496e-10
1.235164835164835218e+01 1.749552734221494422e-10
1.237362637362637408e+01 1.749552726631141140e-10
1.239560439560439598e+01 1.749552719040788117e-10
1.241758241758241788e+01 1.749499711450434742e-10
1.243956043956043978e+01 1.749499703860081460e-10
1.246153846153846168e+01 1.749623696269728157e-10
1.248351648351648535e+01 1.749623688679375133e-10
1.250549450549450725e+01 1.749623681089021851e-10
1.252747252747252915e+01 1.749509673498668677e-10
1.254945054945055105e+01 1.749509665908315395e-10
1.257142857142857295e+01 1.749629658317962367e-10
1.259340659340659485e+01 1.749629650727609085e-10
1.261538461538461675e+01 1.749626643137255622e-10
1.263736263736263865e+01 1.749626635546902599e-10
1.265934065934066055e+01 1.749626627956549317e-10
1.268131868131868245e+01 1.749617620366196268e-10
1.270329670329670435e+01 1.749617612775842986e-10
1.272527472527472625e+01 1.749629605185489911e-10
1.274725274725274815e+01 1.749629597595136629e-10
1.276923076923077005e+01 1.749605590004783193e-10
1.279120879120879195e+01 1.749605582414429911e-10
1.281318681318681385e+01 1.749605574824076887e-10
1.283516483516483575e+01 1.749569567233723762e-10
1.285714285714285765e+01 1.749569559643370480e-10
1.287912087912087955e+01 1.749602552053017378e-10
1.290109890109890145e+01 1.749602544462664096e-10
1.292307692307692335e+01 1.749538536872310834e-10
1.294505494505494525e+01 1.749538529281957552e-10
1.296703296703296893e+01 1.749538521691604528e-10
1.298901098901099083e+01 1.749563514101251202e-10
1.301098901098901273e+01 1.749563506510897920e-10
1.303296703296703463e+01 1.749578498920544767e-10
1.305494505494505653e+01 1.749578491330191744e-10
1.307692307692307843e+01 1.749609483739838263e-10
1.309890109890110033e+01 1.749609476149484981e-10
1.312087912087912223e+01 1.749638468559131896e-10
1.314285714285714413e+01 1.749638460968778872e-10
1.316483516483516603e+01 1.749638453378425590e-10
1.318681318681318793e+01 1.749619445788072197e-10
1.320879120879120983e+01 1.749619438197719174e-10
1.323076923076923173e+01 1.749538430607365921e-10
1.325274725274725363e+01 1.749538423017012639e-10
1.327472527472527553e+01 1.749614415426659285e-10
1.329670329670329743e+01 1.749614407836306262e-10
1.331868131868131933e+01 1.749597400245952989e-10
1.334065934065934123e+01 1.749597392655599707e-10
1.336263736263736313e+01 1.749597385065246425e-10
1.338461538461538503e+01 1.749580377474893411e-10
1.340659340659340693e+01 1.749580369884540129e-10
1.342857142857142883e+01 1.749560362294186934e-10
1.345054945054945073e+01 1.749560354703833652e-10
1.347252747252747440e+01 1.749591347113480688e-10
1.349450549450549630e+01 1.749591339523127406e-10
1.351648351648351820e+01 1.749591331932774124e-10
1.353846153846154010e+01 1.749565324342421085e-10
1.356043956043956200e+01 1.749565316752067803e-10
1.358241758241758390e+01 1.749559309161714418e-10
1.360439560439560580e+01 1.749559301571361136e-10
1.362637362637362770e+01 1.749557293981008250e-10
1.364835164835164960e+01 1.749557286390654968e-10
1.367032967032967150e+01 1.749576278800301539e-10
1.369230769230769340e+01 1.749576271209948257e-10
1.371428571428571530e+01 1.749576263619595234e-10
1.373626373626373720e+01 1.749617256029242097e-10
1.375824175824175910e+01 1.749617248438888815e-10
1.378021978021978100e+01 1.749614240848535352e-10
1.380219780219780290e+01 1.749614233258182329e-10
1.382417582417582480e+01 1.749544225667829222e-10
1.384615384615384670e+01 1.749544218077475940e-10
1.386813186813186860e+01 1.749544210487122917e-10
1.389010989010989050e+01 1.749609202896769417e-10
1.391208791208791240e+01 1.749609195306416135e-10
1.393406593406593430e+01 1.749560187716063001e-10
1.395604395604395798e+01 1.749560180125709978e-10
1.397802197802197988e+01 1.749560172535356696e-10
1.400000000000000178e+01 1.749619164945003351e-10
1.402197802197802368e+01 1.749619157354650070e-10
1.404395604395604558e+01 1.749619149764297046e-10
1.406593406593406748e+01 1.749642142173943858e-10
1.408791208791208938e+01 1.749642134583590576e-10
1.410989010989011128e+01 1.749642126993237294e-10
1.413186813186813318e+01 1.749586119402884256e-10
1.415384615384615508e+01 1.749586111812530974e-10
1.417582417582417698e+01 1.749557104222177753e-10
1.419780219780219888e+01 1.749557096631824730e-10
1.421978021978022078e+01 1.749555089041471327e-10
1.424175824175824268e+01 1.749555081451118046e-10
1.426373626373626458e+01 1.749555073860764764e-10
1.428571428571428648e+01 1.749537066270411689e-10
1.430769230769230838e+01 1.749537058680058407e-10
1.432967032967033028e+01 1.749563051089705142e-10
1.435164835164835218e+01 1.749563043499351860e-10
1.437362637362637408e+01 1.749590035908998913e-10
1.439560439560439598e+01 1.749590028318645631e-10
1.441758241758241788e+01 1.749590020728292349e-10
1.443956043956044155e+01 1.749541013137938957e-10
1.446153846153846345e+01 1.749541005547585934e-10
1.448351648351648535e+01 1.749564997957232806e-10
1.450549450549450725e+01 1.749564990366879524e-10
1.452747252747252915e+01 1.749552982776526294e-10
1.454945054945055105e+01 1.749552975186173012e-10
1.457142857142857295e+01 1.749552967595819730e-10
1.459340659340659485e+01 1.749589960005466611e-10
1.461538461538461675e+01 1.749589952415113587e-10
1.463736263736263865e+01 1.749586944824760383e-10
1.465934065934066055e+01 1.749586937234407101e-10
1.468131868131868245e+01 1.749635929644053671e-10
1.470329670329670435e+01 1.749635922053700647e-10
1.472527472527472625e+01 1.749635914463347366e-10
1.474725274725274815e+01 1.749561906872994017e-10
1.476923076923077005e+01 1.749561899282640736e-10
1.479120879120879195e+01 1.749535891692287696e-10
1.481318681318681385e+01 1.749535884101934414e-10
1.483516483516483575e+01 1.749587876511581165e-10
1.485714285714285765e+01 1.749587868921228141e-10
1.487912087912087955e+01 1.749566861330874886e-10
1.490109890109890145e+01 1.749566853740521604e-10
1.492307692307692513e+01 1.749549846150168331e-10
1.494505494505494703e+01 1.749549838559815308e-10
1.496703296703296893e+01 1.749549830969462026e-10
1.498901098901099083e+01 1.749586823379108906e-10
1.501098901098901273e+01 1.749586815788755624e-10
1.503296703296703463e+01 1.749639808198402435e-10
1.505494505494505653e+01 1.749639800608049153e-10
1.507692307692307843e+01 1.749557793017695840e-10
1.509890109890110033e+01 1.749557785427342558e-10
1.512087912087912223e+01 1.749553777836989552e-10
1.514285714285714413e+01 1.749553770246636270e-10
1.516483516483516603e+01 1.749553762656282988e-10
1.518681318681318793e+01 1.749581755065930102e-10
1.520879120879120983e+01 1.749581747475576820e-10
1.523076923076923173e+01 1.749482739885223516e-10
1.525274725274725363e+01 1.749482732294870234e-10
1.527472527472527553e+01 1.749641724704517230e-10
1.529670329670329743e+01 1.749641717114163948e-10
1.531868131868131933e+01 1.749641709523810667e-10
1.534065934065934123e+01 1.749528701933457294e-10
1.536263736263736313e+01 1.749528694343104271e-10
1.538461538461538503e+01 1.749570686752750936e-10
1.540659340659340693e+01 1.749570679162397654e-10
1.542857142857143060e+01 1.749570671572044372e-10
1.545054945054945250e+01 1.749596663981691365e-10
1.547252747252747440e+01 1.749596656391338083e-10
1.549450549450549630e+01 1.749607648800984947e-10
1.551648351648351820e+01 1.749607641210631923e-10
1.553846153846154010e+01 1.749606633620278581e-10
1.556043956043956200e+01 1.749606626029925299e-10
1.558241758241758390e+01 1.749606618439572017e-10
1.560439560439560580e+01 1.749601610849218951e-10
1.562637362637362770e+01 1.749601603258865669e-10
1.564835164835164960e+01 1.749601595668512387e-10
1.567032967032967150e+01 1.749601588078159105e-10
1.569230769230769340e+01 1.749557580487806015e-10
1.571428571428571530e+01 1.749557572897452733e-10
1.573626373626373720e+01 1.749594565307099613e-10
1.575824175824175910e+01 1.749594557716746331e-10
1.578021978021978100e+01 1.749517550126393319e-10
1.580219780219780290e+01 1.749517542536040037e-10
1.582417582417582480e+01 1.749517534945686755e-10
1.584615384615384670e+01 1.749574527355333549e-10
1.586813186813186860e+01 1.749574519764980267e-10
1.589010989010989050e+01 1.749587512174626993e-10
1.591208791208791418e+01 1.749587504584273711e-10
1.593406593406593608e+01 1.749600496993920696e-10
1.595604395604395798e+01 1.749600489403567414e-10
1.597802197802197988e+01 1.749561481813214108e-10
1.600000000000000000e+01 1.749561474222860826e-10
1.602197802197802190e+01 1.749561466632507803e-10
1.604395604395604380e+01 1.749597459042154623e-10
1.606593406593406570e+01 1.749597451451801341e-10
1.608791208791208760e+01 1.749540443861447983e-10
1.610989010989010950e+01 1.749540436271094960e-10
1.613186813186813140e+01 1.749521428680741825e-10
1.615384615384615685e+01 1.749521421090388543e-10
1.617582417582417875e+01 1.749521413500035520e-10
1.619780219780220065e+01 1.749521405909682238e-10
1.621978021978022255e+01 1.749521398319328956e-10
1.624175824175824445e+01 1.749569390728975466e-10
1.626373626373626635e+01 1.749569383138622442e-10
1.628571428571428825e+01 1.749570375548269221e-10
1.630769230769231015e+01 1.749570367957915939e-10
1.632967032967033205e+01 1.749573360367562838e-10
1.635164835164835395e+01 1.749573352777209814e-10
1.637362637362637585e+01 1.749573345186856532e-10
1.639560439560439775e+01 1.749534337596503226e-10
1.641758241758241965e+01 1.749534330006150203e-10
1.643956043956044155e+01 1.749635322415796805e-10
1.646153846153846345e+01 1.749635314825443523e-10
1.648351648351648535e+01 1.749604307235090182e-10
1.650549450549450725e+01 1.749604299644737158e-10
1.652747252747252915e+01 1.749604292054383876e-10
1.654945054945055105e+01 1.749522284464030563e-10
1.657142857142857295e+01 1.749522276873677281e-10
1.659340659340659485e+01 1.749532269283324344e-10
1.661538461538461675e+01 1.749532261692971062e-10
1.663736263736263865e+01 1.749573254102617925e-10
1.665934065934066055e+01 1.749573246512264643e-10
1.668131868131868245e+01 1.749538238921911578e-10
1.670329670329670435e+01 1.749538231331558296e-10
1.672527472527472625e+01 1.749538223741205014e-10
1.674725274725274815e+01 1.749590216150852023e-10
1.676923076923077005e+01 1.749590208560498741e-10
1.679120879120879195e+01 1.749537200970145366e-10
1.681318681318681385e+01 1.749537193379792084e-10
1.683516483516483575e+01 1.749554185789439052e-10
1.685714285714285765e+01 1.749554178199085770e-10
1.687912087912087955e+01 1.749593170608732512e-10
1.690109890109890145e+01 1.749593163018379230e-10
1.692307692307692335e+01 1.749593155428026207e-10
1.694505494505494525e+01 1.749651147837672802e-10
1.696703296703296715e+01 1.749651140247319520e-10
1.698901098901098905e+01 1.749576132656966370e-10
1.701098901098901095e+01 1.749576125066613347e-10
1.703296703296703285e+01 1.749568117476260100e-10
1.705494505494505475e+01 1.749568109885906818e-10
1.707692307692307665e+01 1.749568102295553795e-10
1.709890109890109855e+01 1.749559094705200487e-10
1.712087912087912045e+01 1.749559087114847205e-10
1.714285714285714590e+01 1.749555079524493941e-10
1.716483516483516780e+01 1.749555071934140917e-10
1.718681318681318970e+01 1.749589064343787617e-10
1.720879120879121160e+01 1.749589056753434335e-10
1.723076923076923350e+01 1.749593049163081036e-10
1.725274725274725540e+01 1.749593041572728012e-10
1.727472527472527730e+01 1.749593033982374730e-10
1.729670329670329920e+01 1.749544026392021338e-10
1.731868131868132110e+01 1.749544018801668056e-10
1.734065934065934300e+01 1.749544011211315033e-10
1.736263736263736490e+01 1.749544003620961751e-10
1.738461538461538680e+01 1.749543996030608469e-10
1.740659340659340870e+01 1.749553988440255531e-10
1.742857142857143060e+01 1.749553980849902250e-10
1.745054945054945250e+01 1.749553973259548968e-10
1.747252747252747440e+01 1.749638965669195639e-10
1.749450549450549630e+01 1.749638958078842616e-10
1.751648351648351820e+01 1.749638950488489334e-10
1.753846153846154010e+01 1.749600942898136088e-10
1.756043956043956200e+01 1.749600935307782806e-10
1.758241758241758390e+01 1.749560927717429698e-10
1.760439560439560580e+01 1.749560920127076416e-10
1.762637362637362770e+01 1.749592912536723254e-10
1.764835164835164960e+01 1.749592904946369972e-10
1.767032967032967150e+01 1.749592897356016948e-10
1.769230769230769340e+01 1.749575889765663676e-10
1.771428571428571530e+01 1.749575882175310394e-10
1.773626373626373720e+01 1.749581874584957215e-10
1.775824175824175910e+01 1.749581866994603933e-10
1.778021978021978100e+01 1.749603859404250685e-10
1.780219780219780290e+01 1.749603851813897403e-10
1.782417582417582480e+01 1.749603844223544380e-10
1.784615384615384670e+01 1.749613836633191183e-10
1.786813186813186860e+01 1.749613829042837902e-10
1.789010989010989050e+01 1.749599821452484551e-10
1.791208791208791240e+01 1.749599813862131528e-10
1.793406593406593430e+01 1.749600806271778306e-10
1.795604395604395620e+01 1.749600798681425024e-10
1.797802197802197810e+01 1.749600791091071742e-10
1.800000000000000000e+01 1.749587783500718711e-10
1.802197802197802190e+01 1.749587775910365429e-10
1.804395604395604380e+01 1.749654768320012050e-10
1.806593406593406570e+01 1.749654760729659026e-10
1.808791208791208760e+01 1.749590753139305764e-10
1.810989010989011305e+01 1.749590745548952482e-10
1.813186813186813495e+01 1.749564737958599184e-10
1.815384615384615685e+01 1.749564730368246161e-10
1.817582417582417875e+01 1.749564722777892879e-10
1.819780219780220065e+01 1.749553715187539709e-10
1.821978021978022255e+01 1.749553707597186427e-10
1.824175824175824445e+01 1.749587700006833385e-10
1.826373626373626635e+01 1.749587692416480103e-10
1.828571428571428825e+01 1.749552684826126780e-10
1.830769230769231015e+01 1.749552677235773498e-10
1.832967032967033205e+01 1.749598669645420404e-10
1.835164835164835395e+01 1.749598662055067122e-10
1.837362637362637585e+01 1.749598654464713840e-10
1.839560439560439775e+01 1.749636646874361039e-10
1.841758241758241965e+01 1.749636639284007757e-10
1.843956043956044155e+01 1.749649631693654483e-10
1.846153846153846345e+01 1.749649624103301201e-10
1.848351648351648535e+01 1.749587616512948060e-10
1.850549450549450725e+01 1.749587608922594778e-10
1.852747252747252915e+01 1.749590601332241418e-10
1.854945054945055105e+01 1.749590593741888136e-10
1.857142857142857295e+01 1.749590586151535113e-10
1.859340659340659485e+01 1.749598578561181796e-10
1.861538461538461675e+01 1.749598570970828514e-10
1.863736263736263865e+01 1.749640563380475438e-10
1.865934065934066055e+01 1.749640555790122414e-10
1.868131868131868245e+01 1.749602548199769168e-10
1.870329670329670435e+01 1.749602540609415886e-10
1.872527472527472625e+01 1.749602533019062863e-10
1.874725274725274815e+01 1.749571525428709522e-10
1.876923076923077005e+01 1.749571517838356240e-10
1.879120879120879195e+01 1.749626510248002913e-10
1.881318681318681385e+01 1.749626502657649889e-10
1.883516483516483575e+01 1.749579495067296618e-10
1.885714285714285765e+01 1.749579487476943336e-10
1.887912087912087955e+01 1.749597479886590105e-10
1.890109890109890145e+01 1.749597472296237082e-10
1.892307692307692335e+01 1.749597464705883800e-10
1.894505494505494525e+01 1.749643457115530447e-10
1.896703296703296715e+01 1.749643449525177165e-10
1.898901098901098905e+01 1.749530441934824051e-10
1.901098901098901095e+01 1.749530434344470769e-10
1.903296703296703285e+01 1.749530426754117487e-10
1.905494505494505475e+01 1.749530419163764464e-10
1.907692307692307665e+01 1.749631411573411325e-10
1.909890109890110210e+01 1.749631403983058043e-10
1.912087912087912400e+01 1.749649396392704812e-10
1.914285714285714590e+01 1.749649388802351789e-10
1.916483516483516780e+01 1.749610381211998482e-10
1.918681318681318970e+01 1.749610373621645200e-10
1.920879120879121160e+01 1.749610366031291918e-10
1.923076923076923350e+01 1.749646358440938739e-10
1.925274725274725540e+01 1.749646350850585457e-10
1.927472527472527730e+01 1.749556343260232178e-10
1.929670329670329920e+01 1.749556335669878896e-10
1.931868131868132110e+01 1.749619328079526051e-10
1.934065934065934300e+01 1.749619320489172769e-10
1.936263736263736490e+01 1.749653312898819469e-10
1.938461538461538680e+01 1.749653305308466446e-10
1.940659340659340870e+01 1.749653297718113164e-10
1.942857142857143060e+01 1.749606290127759892e-10
1.945054945054945250e+01 1.749606282537406610e-10
1.947252747252747440e+01 1.749604274947053466e-10
1.949450549450549630e+01 1.749604267356700184e-10
1.951648351648351820e+01 1.749655259766346875e-10
1.953846153846154010e+01 1.749655252175993593e-10
1.956043956043956200e+01 1.749655244585640569e-10
1.958241758241758390e+01 1.749587236995287325e-10
1.960439560439560580e+01 1.749587229404934043e-10
1.962637362637362770e+01 1.749585221814580899e-10
1.964835164835164960e+01 1.749585214224227875e-10
1.967032967032967150e+01 1.749624206633874359e-10
1.969230769230769340e+01 1.749624199043521077e-10
1.971428571428571530e+01 1.749610191453168244e-10
1.973626373626373720e+01 1.749610183862814962e-10
1.975824175824175910e+01 1.749624176272461490e-10
1.978021978021978100e+01 1.749624168682108208e-10
1.980219780219780290e+01 1.749624161091755185e-10
1.982417582417582480e+01 1.749616153501401938e-10
1.984615384615384670e+01 1.749616145911048656e-10
1.986813186813186860e+01 1.749593138320695538e-10
1.989010989010989050e+01 1.749593130730342515e-10
1.991208791208791240e+01 1.749593123139989233e-10
1.993406593406593430e+01 1.749645115549635984e-10
1.995604395604395620e+01 1.749645107959282960e-10
1.997802197802197810e+01 1.749623100368929645e-10
