0.000000000000000000e+00 1.784834000000000115e-10
2.188183807439824866e-02 1.784833804040531981e-10
4.376367614879649731e-02 1.784833608081063589e-10
6.564551422319474250e-02 1.784866412121595376e-10
8.752735229759299462e-02 1.784866216162126984e-10
1.094091903719912467e-01 1.784766020202658767e-10
1.312910284463894850e-01 1.784765824243190375e-10
1.531728665207877371e-01 1.784754628283722354e-10
1.750547045951859892e-01 1.784754432324253961e-10
1.969365426695842414e-01 1.784754236364785827e-10
2.188183807439824935e-01 1.784801040405317425e-10
2.407002188183807456e-01 1.784800844445849291e-10
2.625820568927789700e-01 1.784850648486381069e-10
2.844638949671772221e-01 1.784850452526912676e-10
3.063457330415754742e-01 1.784850256567444543e-10
3.282275711159737264e-01 1.784803060607976161e-10
3.501094091903719785e-01 1.784802864648508027e-10
3.719912472647702306e-01 1.784795668689039729e-10
3.938730853391684827e-01 1.784795472729571595e-10
4.157549234135667349e-01 1.784818276770103039e-10
4.376367614879649870e-01 1.784818080810634905e-10
4.595185995623632391e-01 1.784857884851166855e-10
4.814004376367614912e-01 1.784857688891698463e-10
5.032822757111596879e-01 1.784857492932230329e-10
5.251641137855579400e-01 1.784895296972761901e-10
5.470459518599561921e-01 1.784895101013293767e-10
5.689277899343544442e-01 1.784878905053825444e-10
5.908096280087526964e-01 1.784878709094357310e-10
6.126914660831509485e-01 1.784793513134888964e-10
6.345733041575492006e-01 1.784793317175420830e-10
6.564551422319474527e-01 1.784769121215952284e-10
6.783369803063457049e-01 1.784768925256484150e-10
7.002188183807439570e-01 1.784768729297016016e-10
7.221006564551422091e-01 1.784864533337547723e-10
7.439824945295404612e-01 1.784864337378079589e-10
7.658643326039387134e-01 1.784758141418611270e-10
7.877461706783369655e-01 1.784757945459143136e-10
8.096280087527352176e-01 1.784839749499674775e-10
8.315098468271334697e-01 1.784839553540206641e-10
8.533916849015317219e-01 1.784839357580738249e-10
8.752735229759299740e-01 1.784833161621270012e-10
8.971553610503282261e-01 1.784832965661801878e-10
9.190371991247264782e-01 1.784815769702333495e-10
9.409190371991247304e-01 1.784815573742865361e-10
9.628008752735229825e-01 1.784769377783397039e-10
9.846827133479212346e-01 1.784769181823928905e-10
1.006564551422319376e+00 1.784851985864460346e-10
1.028446389496717739e+00 1.784851789904992212e-10
1.050328227571115880e+00 1.784851593945523820e-10
1.072210065645514243e+00 1.784769397986055655e-10
1.094091903719912384e+00 1.784769202026587262e-10
1.115973741794310747e+00 1.784829006067119126e-10
1.137855579868708888e+00 1.784828810107650992e-10
1.159737417943107252e+00 1.784828614148182600e-10
1.181619256017505393e+00 1.784828418188714466e-10
1.203501094091903756e+00 1.784795222229246152e-10
1.225382932166301897e+00 1.784795026269778019e-10
1.247264770240700260e+00 1.784786830310309661e-10
1.269146608315098401e+00 1.784786634350841527e-10
1.291028446389496764e+00 1.784870438391373028e-10
1.312910284463894905e+00 1.784870242431904894e-10
1.334792122538293269e+00 1.784870046472436760e-10
1.356673960612691410e+00 1.784811850512968491e-10
1.378555798687089773e+00 1.784811654553500357e-10
1.400437636761487914e+00 1.784833458594031998e-10
1.422319474835886055e+00 1.784833262634563864e-10
1.444201312910284418e+00 1.784855066675095506e-10
1.466083150984682559e+00 1.784854870715627372e-10
1.487964989059080922e+00 1.784843674756158833e-10
1.509846827133479064e+00 1.784843478796690699e-10
1.531728665207877427e+00 1.784843282837222307e-10
1.553610503282275568e+00 1.784815086877754295e-10
1.575492341356673931e+00 1.784814890918286161e-10
1.597374179431072072e+00 1.784869694958817723e-10
1.619256017505470435e+00 1.784869498999349589e-10
1.641137855579868576e+00 1.784779303039881200e-10
1.663019693654266939e+00 1.784779107080413067e-10
1.684901531728665081e+00 1.784778911120944674e-10
1.706783369803063444e+00 1.784854715161476469e-10
1.728665207877461585e+00 1.784854519202008076e-10
1.750547045951859948e+00 1.784797323242539867e-10
1.772428884026258089e+00 1.784797127283071474e-10
1.794310722100656452e+00 1.784888931323603458e-10
1.816192560175054593e+00 1.784888735364135324e-10
1.838074398249452956e+00 1.784835539404666839e-10
1.859956236323851098e+00 1.784835343445198705e-10
1.881838074398249461e+00 1.784835147485730312e-10
1.903719912472647602e+00 1.784845951526262325e-10
1.925601750547045965e+00 1.784845755566793932e-10
1.947483588621444106e+00 1.784833559607325851e-10
1.969365426695842469e+00 1.784833363647857458e-10
1.991247264770240610e+00 1.784873167688389150e-10
2.013129102844638751e+00 1.784872971728921017e-10
2.035010940919037115e+00 1.784872775769452624e-10
2.056892778993435478e+00 1.784803579809984467e-10
2.078774617067833841e+00 1.784803383850516075e-10
2.100656455142231760e+00 1.784805187891048061e-10
2.122538293216630123e+00 1.784804991931579669e-10
2.144420131291028486e+00 1.784829795972111491e-10
2.166301969365426405e+00 1.784829600012643099e-10
2.188183807439824768e+00 1.784829404053174965e-10
2.210065645514223132e+00 1.784840208093706460e-10
2.231947483588621495e+00 1.784840012134238326e-10
2.253829321663019414e+00 1.784782816174770375e-10
2.275711159737417777e+00 1.784782620215301983e-10
2.297592997811816140e+00 1.784782424255833849e-10
2.319474835886214503e+00 1.784854228296365402e-10
2.341356673960612422e+00 1.784854032336897268e-10
2.363238512035010785e+00 1.784842836377428988e-10
2.385120350109409149e+00 1.784842640417960855e-10
2.407002188183807512e+00 1.784832444458492376e-10
2.428884026258205431e+00 1.784832248499024243e-10
2.450765864332603794e+00 1.784832052539556109e-10
2.472647702407002157e+00 1.784871856580087801e-10
2.494529540481400520e+00 1.784871660620619667e-10
2.516411378555798439e+00 1.784863464661151051e-10
2.538293216630196802e+00 1.784863268701682917e-10
2.560175054704595166e+00 1.784774072742214588e-10
2.582056892778993529e+00 1.784773876782746455e-10
2.603938730853391448e+00 1.784814680823278207e-10
2.625820568927789811e+00 1.784814484863810073e-10
2.647702407002188174e+00 1.784814288904341681e-10
2.669584245076586537e+00 1.784781092944873367e-10
2.691466083150984456e+00 1.784780896985405233e-10
2.713347921225382819e+00 1.784839701025937037e-10
2.735229759299781183e+00 1.784839505066468903e-10
2.757111597374179546e+00 1.784839309107000511e-10
2.778993435448577465e+00 1.784839113147532377e-10
2.800875273522975828e+00 1.784787917188063754e-10
2.822757111597374191e+00 1.784787721228595620e-10
2.844638949671772110e+00 1.784843525269127243e-10
2.866520787746170473e+00 1.784843329309659109e-10
2.888402625820568836e+00 1.784843133350190975e-10
2.910284463894967200e+00 1.784785937390722765e-10
2.932166301969365119e+00 1.784785741431254632e-10
2.954048140043763482e+00 1.784747545471786275e-10
2.975929978118161845e+00 1.784747349512318141e-10
2.997811816192560208e+00 1.784796153552849601e-10
3.019693654266958127e+00 1.784795957593381467e-10
3.041575492341356490e+00 1.784795761633913074e-10
3.063457330415754853e+00 1.784745565674445028e-10
3.085339168490153217e+00 1.784745369714976636e-10
3.107221006564551136e+00 1.784830173755508456e-10
3.129102844638949499e+00 1.784829977796040322e-10
3.150984682713347862e+00 1.784759781836571846e-10
3.172866520787746225e+00 1.784759585877103712e-10
3.194748358862144144e+00 1.784759389917635320e-10
3.216630196936542507e+00 1.784753193958167341e-10
3.238512035010940870e+00 1.784752997998698949e-10
3.260393873085339234e+00 1.784784802039230676e-10
3.282275711159737153e+00 1.784784606079762284e-10
3.304157549234135516e+00 1.784767410120294159e-10
3.326039387308533879e+00 1.784767214160825767e-10
3.347921225382932242e+00 1.784767018201357633e-10
3.369803063457330161e+00 1.784752822241889430e-10
3.391684901531728524e+00 1.784752626282421038e-10
3.413566739606126887e+00 1.784754430322953025e-10
3.435448577680525251e+00 1.784754234363484632e-10
3.457330415754923170e+00 1.784832038404016547e-10
3.479212253829321533e+00 1.784831842444548155e-10
3.501094091903719896e+00 1.784831646485080021e-10
3.522975929978117815e+00 1.784763450525611666e-10
3.544857768052516178e+00 1.784763254566143532e-10
3.566739606126914541e+00 1.784783058606675311e-10
3.588621444201312904e+00 1.784782862647206919e-10
3.610503282275710824e+00 1.784808666687738801e-10
3.632385120350109187e+00 1.784808470728270409e-10
3.654266958424507550e+00 1.784808274768802275e-10
3.676148796498905913e+00 1.784734078809333816e-10
3.698030634573303832e+00 1.784733882849865682e-10
3.719912472647702195e+00 1.784787686890397443e-10
3.741794310722100558e+00 1.784787490930929309e-10
3.763676148796498921e+00 1.784769294971460866e-10
3.785557986870896841e+00 1.784769099011992732e-10
3.807439824945295204e+00 1.784782903052524666e-10
3.829321663019693567e+00 1.784782707093056274e-10
3.851203501094091930e+00 1.784782511133588140e-10
3.873085339168489849e+00 1.784811315174119686e-10
3.894967177242888212e+00 1.784811119214651552e-10
3.916849015317286575e+00 1.784740923255183077e-10
3.938730853391684938e+00 1.784740727295714943e-10
3.960612691466082858e+00 1.784794531336246445e-10
3.982494529540481221e+00 1.784794335376778311e-10
4.004376367614879584e+00 1.784735139417310240e-10
4.026258205689277503e+00 1.784734943457841847e-10
4.048140043763676310e+00 1.784734747498373713e-10
4.070021881838074229e+00 1.784733551538905261e-10
4.091903719912472148e+00 1.784733355579437127e-10
4.113785557986870955e+00 1.784767159619968974e-10
4.135667396061268875e+00 1.784766963660500841e-10
4.157549234135667682e+00 1.784748767701032397e-10
4.179431072210065601e+00 1.784748571741564263e-10
4.201312910284463520e+00 1.784748375782095871e-10
4.223194748358862327e+00 1.784677179822627593e-10
4.245076586433260246e+00 1.784676983863159459e-10
4.266958424507658165e+00 1.784749787903691073e-10
4.288840262582056972e+00 1.784749591944222939e-10
4.310722100656454892e+00 1.784746395984754624e-10
4.332603938730852811e+00 1.784746200025286490e-10
4.354485776805251618e+00 1.784746004065818098e-10
4.376367614879649537e+00 1.784793808106350014e-10
4.398249452954048344e+00 1.784793612146881622e-10
4.420131291028446263e+00 1.784793416187413488e-10
4.442013129102844182e+00 1.784880220227945428e-10
4.463894967177242989e+00 1.784880024268477036e-10
4.485776805251640909e+00 1.784807828309008698e-10
4.507658643326038828e+00 1.784807632349540305e-10
4.529540481400437635e+00 1.784807436390072171e-10
4.551422319474835554e+00 1.784850240430603786e-10
4.573304157549234361e+00 1.784850044471135652e-10
4.595185995623632280e+00 1.784811848511667296e-10
4.617067833698030199e+00 1.784811652552199162e-10
4.638949671772429006e+00 1.784743456592730807e-10
4.660831509846826926e+00 1.784743260633262673e-10
4.682713347921224845e+00 1.784797064673794433e-10
4.704595185995623652e+00 1.784796868714326041e-10
4.726477024070021571e+00 1.784796672754857907e-10
4.748358862144420378e+00 1.784778476795389722e-10
4.770240700218818297e+00 1.784778280835921588e-10
4.792122538293216216e+00 1.784850084876453141e-10
4.814004376367615023e+00 1.784849888916985008e-10
4.835886214442012943e+00 1.784873692957516511e-10
4.857768052516410862e+00 1.784873496998048377e-10
4.879649890590809669e+00 1.784873301038579985e-10
4.901531728665207588e+00 1.784793105079111940e-10
4.923413566739605507e+00 1.784792909119643806e-10
4.945295404814004314e+00 1.784845713160175248e-10
4.967177242888402233e+00 1.784845517200707114e-10
4.989059080962801040e+00 1.784843321241238860e-10
5.010940919037198960e+00 1.784843125281770726e-10
5.032822757111596879e+00 1.784797929322302206e-10
5.054704595185995686e+00 1.784797733362834072e-10
5.076586433260393605e+00 1.784797537403365680e-10
5.098468271334791524e+00 1.784765341443897685e-10
5.120350109409190331e+00 1.784765145484429551e-10
5.142231947483588250e+00 1.784838949524961225e-10
5.164113785557987057e+00 1.784838753565493091e-10
5.185995623632384977e+00 1.784778557606024701e-10
5.207877461706782896e+00 1.784778361646556567e-10
5.229759299781181703e+00 1.784747165687088115e-10
5.251641137855579622e+00 1.784746969727619981e-10
5.273522975929977541e+00 1.784746773768151589e-10
5.295404814004376348e+00 1.784812577808683298e-10
5.317286652078774267e+00 1.784812381849214905e-10
5.339168490153173074e+00 1.784793185889746918e-10
5.361050328227570994e+00 1.784792989930278785e-10
5.382932166301968913e+00 1.784707793970810439e-10
5.404814004376367720e+00 1.784707598011342305e-10
5.426695842450765639e+00 1.784707402051873912e-10
5.448577680525163558e+00 1.784805206092405740e-10
5.470459518599562365e+00 1.784805010132937348e-10
5.492341356673960284e+00 1.784831814173469290e-10
5.514223194748359091e+00 1.784831618214000898e-10
5.536105032822757011e+00 1.784809422254532731e-10
5.557986870897154930e+00 1.784809226295064597e-10
5.579868708971553737e+00 1.784828030335596057e-10
5.601750547045951656e+00 1.784827834376127923e-10
5.623632385120349575e+00 1.784827638416659531e-10
5.645514223194748382e+00 1.784801442457191381e-10
5.667396061269146301e+00 1.784801246497722988e-10
5.689277899343544220e+00 1.784712050538254918e-10
5.711159737417943028e+00 1.784711854578786526e-10
5.733041575492340947e+00 1.784782658619318536e-10
5.754923413566739754e+00 1.784782462659850143e-10
5.776805251641137673e+00 1.784782266700382009e-10
5.798687089715535592e+00 1.784733070740913765e-10
5.820568927789934399e+00 1.784732874781445373e-10
5.842450765864332318e+00 1.784751678821977350e-10
5.864332603938730237e+00 1.784751482862508958e-10
5.886214442013129045e+00 1.784764286903040832e-10
5.908096280087526964e+00 1.784764090943572440e-10
5.929978118161925771e+00 1.784763894984104306e-10
5.951859956236323690e+00 1.784784699024635887e-10
5.973741794310721609e+00 1.784784503065167753e-10
5.995623632385120416e+00 1.784776307105699396e-10
6.017505470459518335e+00 1.784776111146231003e-10
6.039387308533916254e+00 1.784775915186762869e-10
6.061269146608315062e+00 1.784808719227294657e-10
6.083150984682712981e+00 1.784808523267826523e-10
6.105032822757111788e+00 1.784771327308357968e-10
6.126914660831509707e+00 1.784771131348889834e-10
6.148796498905907626e+00 1.784770935389421442e-10
6.170678336980306433e+00 1.784783739429953316e-10
6.192560175054704352e+00 1.784783543470484924e-10
6.214442013129102271e+00 1.784783347511016790e-10
6.236323851203501079e+00 1.784685151551548694e-10
6.258205689277898998e+00 1.784684955592080302e-10
6.280087527352297805e+00 1.784718759632612149e-10
6.301969365426695724e+00 1.784718563673143757e-10
6.323851203501093643e+00 1.784718367713675623e-10
6.345733041575492450e+00 1.784758171754207315e-10
6.367614879649890369e+00 1.784757975794739181e-10
6.389496717724288288e+00 1.784689779835270826e-10
6.411378555798687096e+00 1.784689583875802692e-10
6.433260393873085015e+00 1.784744387916334255e-10
6.455142231947482934e+00 1.784744191956866121e-10
6.477024070021881741e+00 1.784824995997397958e-10
6.498905908096279660e+00 1.784824800037929566e-10
6.520787746170678467e+00 1.784824604078461432e-10
6.542669584245076386e+00 1.784697408118993139e-10
6.564551422319474305e+00 1.784697212159525005e-10
6.586433260393873113e+00 1.784755016200056490e-10
6.608315098468271032e+00 1.784754820240588356e-10
6.630196936542668951e+00 1.784749624281119921e-10
6.652078774617067758e+00 1.784749428321651787e-10
6.673960612691465677e+00 1.784749232362183653e-10
6.695842450765864484e+00 1.784702036402715271e-10
6.717724288840262403e+00 1.784701840443247137e-10
6.739606126914660322e+00 1.784777644483778931e-10
6.761487964989059130e+00 1.784777448524310798e-10
6.783369803063457049e+00 1.784728252564842295e-10
6.805251641137854968e+00 1.784728056605374161e-10
6.827133479212253775e+00 1.784763860645905871e-10
6.849015317286651694e+00 1.784763664686437737e-10
6.870897155361050501e+00 1.784763468726969344e-10
6.892778993435448420e+00 1.784763272767501211e-10
6.914660831509846339e+00 1.784763076808033077e-10
6.936542669584245147e+00 1.784751880848564538e-10
6.958424507658643066e+00 1.784751684889096404e-10
6.980306345733040985e+00 1.784747488929628029e-10
7.002188183807439792e+00 1.784747292970159896e-10
7.024070021881837711e+00 1.784747097010691503e-10
7.045951859956235630e+00 1.784800901051223522e-10
7.067833698030634437e+00 1.784800705091755130e-10
7.089715536105032356e+00 1.784729509132286852e-10
7.111597374179431164e+00 1.784729313172818718e-10
7.133479212253829083e+00 1.784720117213350301e-10
7.155361050328227002e+00 1.784719921253882167e-10
7.177242888402625809e+00 1.784729725294413860e-10
7.199124726477023728e+00 1.784729529334945726e-10
7.221006564551421647e+00 1.784695333375477352e-10
7.242888402625820454e+00 1.784695137416009218e-10
7.264770240700218373e+00 1.784694941456540826e-10
7.286652078774617181e+00 1.784750745497072707e-10
7.308533916849015100e+00 1.784750549537604315e-10
7.330415754923413019e+00 1.784730353578136009e-10
7.352297592997811826e+00 1.784730157618667876e-10
7.374179431072209745e+00 1.784678961659199511e-10
7.396061269146607664e+00 1.784678765699731377e-10
7.417943107221006471e+00 1.784764569740262999e-10
7.439824945295404390e+00 1.784764373780794865e-10
7.461706783369803198e+00 1.784764177821326472e-10
7.483588621444201117e+00 1.784753981861858511e-10
7.505470459518599036e+00 1.784753785902390119e-10
7.527352297592997843e+00 1.784693589942921987e-10
7.549234135667395762e+00 1.784693393983453853e-10
7.571115973741793681e+00 1.784693198023985461e-10
7.592997811816192488e+00 1.784755002064517187e-10
7.614879649890590407e+00 1.784754806105048795e-10
7.636761487964989215e+00 1.784741610145580653e-10
7.658643326039387134e+00 1.784741414186112260e-10
7.680525164113785053e+00 1.784713218226644248e-10
7.702407002188183860e+00 1.784713022267175856e-10
7.724288840262581779e+00 1.784761826307707573e-10
7.746170678336979698e+00 1.784761630348239181e-10
7.768052516411378505e+00 1.784761434388771047e-10
7.789934354485776424e+00 1.784723238429302949e-10
7.811816192560174343e+00 1.784723042469834557e-10
7.833698030634573151e+00 1.784748846510366439e-10
7.855579868708971070e+00 1.784748650550898047e-10
7.877461706783369877e+00 1.784756454591429878e-10
7.899343544857767796e+00 1.784756258631961486e-10
7.921225382932165715e+00 1.784756062672493352e-10
7.943107221006564522e+00 1.784755866713024959e-10
7.964989059080962441e+00 1.784815670753556823e-10
7.986870897155360360e+00 1.784815474794088431e-10
8.008752735229759168e+00 1.784818278834620219e-10
8.030634573304157087e+00 1.784818082875152086e-10
8.052516411378555006e+00 1.784815886915683831e-10
8.074398249452952925e+00 1.784815690956215697e-10
8.096280087527352620e+00 1.784815494996747305e-10
8.118161925601750539e+00 1.784750299037279130e-10
8.140043763676148458e+00 1.784750103077810738e-10
8.161925601750546377e+00 1.784821907118342550e-10
8.183807439824944296e+00 1.784821711158874157e-10
8.205689277899343992e+00 1.784730515199406225e-10
8.227571115973741911e+00 1.784730319239938091e-10
8.249452954048139830e+00 1.784784123280469593e-10
8.271334792122537749e+00 1.784783927321001459e-10
8.293216630196935668e+00 1.784783731361533067e-10
8.315098468271335364e+00 1.784817535402064915e-10
8.336980306345733283e+00 1.784817339442596522e-10
8.358862144420131202e+00 1.784752143483128348e-10
8.380743982494529121e+00 1.784751947523659955e-10
8.402625820568927040e+00 1.784805751564191975e-10
8.424507658643324959e+00 1.784805555604723582e-10
8.446389496717724654e+00 1.784805359645255448e-10
8.468271334792122573e+00 1.784793163685787108e-10
8.490153172866520492e+00 1.784792967726318716e-10
8.512035010940918411e+00 1.784766771766850566e-10
8.533916849015316330e+00 1.784766575807382173e-10
8.555798687089716026e+00 1.784783379847914030e-10
8.577680525164113945e+00 1.784783183888445638e-10
8.599562363238511864e+00 1.784731987928977532e-10
8.621444201312909783e+00 1.784731791969509139e-10
8.643326039387307702e+00 1.784731596010041005e-10
8.665207877461705621e+00 1.784733400050572992e-10
8.687089715536105317e+00 1.784733204091104600e-10
8.708971553610503236e+00 1.784733008131636466e-10
8.730853391684901155e+00 1.784732812172168073e-10
8.752735229759299074e+00 1.784708616212700044e-10
8.774617067833696993e+00 1.784708420253231651e-10
8.796498905908096688e+00 1.784708224293763518e-10
8.818380743982494607e+00 1.784755028334295115e-10
8.840262582056892526e+00 1.784754832374826981e-10
8.862144420131290445e+00 1.784764636415358416e-10
8.884026258205688364e+00 1.784764440455890282e-10
8.905908096280088060e+00 1.784750244496422080e-10
8.927789934354485979e+00 1.784750048536953687e-10
8.949671772428883898e+00 1.784788852577485578e-10
8.971553610503281817e+00 1.784788656618017185e-10
8.993435448577679736e+00 1.784788460658549051e-10
9.015317286652077655e+00 1.784812264699080813e-10
9.037199124726477351e+00 1.784812068739612679e-10
9.059080962800875270e+00 1.784809872780144166e-10
9.080962800875273189e+00 1.784809676820676033e-10
9.102844638949671108e+00 1.784723480861207885e-10
9.124726477024069027e+00 1.784723284901739492e-10
9.146608315098468722e+00 1.784723088942271358e-10
9.168490153172866641e+00 1.784728892982803069e-10
9.190371991247264560e+00 1.784728697023334935e-10
9.212253829321662479e+00 1.784711501063866552e-10
9.234135667396060398e+00 1.784711305104398418e-10
9.256017505470458318e+00 1.784688109144929932e-10
9.277899343544858013e+00 1.784687913185461798e-10
9.299781181619255932e+00 1.784687717225993406e-10
9.321663019693653851e+00 1.784696521266525297e-10
9.343544857768051770e+00 1.784696325307057164e-10
9.365426695842449689e+00 1.784725129347588710e-10
9.387308533916849385e+00 1.784724933388120576e-10
9.409190371991247304e+00 1.784725737428652244e-10
9.431072210065645223e+00 1.784725541469184110e-10
9.452954048140043142e+00 1.784725345509715718e-10
9.474835886214441061e+00 1.784748149550247678e-10
9.496717724288840756e+00 1.784747953590779285e-10
9.518599562363238675e+00 1.784747757631311151e-10
9.540481400437636594e+00 1.784737561671842673e-10
9.562363238512034513e+00 1.784737365712374539e-10
9.584245076586432432e+00 1.784737169752906405e-10
9.606126914660830352e+00 1.784742973793438116e-10
9.628008752735230047e+00 1.784742777833969982e-10
9.649890590809627966e+00 1.784742581874501590e-10
9.671772428884025885e+00 1.784742385915033456e-10
9.693654266958423804e+00 1.784742189955565064e-10
9.715536105032821723e+00 1.784761993996096843e-10
9.737417943107221419e+00 1.784761798036628451e-10
9.759299781181619338e+00 1.784712602077160206e-10
9.781181619256017257e+00 1.784712406117692073e-10
9.803063457330415176e+00 1.784708210158223698e-10
9.824945295404813095e+00 1.784708014198755564e-10
9.846827133479211014e+00 1.784649818239287294e-10
9.868708971553610709e+00 1.784649622279819160e-10
9.890590809628008628e+00 1.784649426320350768e-10
9.912472647702406547e+00 1.784733230360882527e-10
9.934354485776804466e+00 1.784733034401414135e-10
9.956236323851202386e+00 1.784742838441946087e-10
9.978118161925602081e+00 1.784742642482477695e-10
1.000000000000000000e+01 1.799915446523009597e-10
1.002188183807439792e+01 1.799915250563541463e-10
1.004376367614879584e+01 1.799915054604073071e-10
1.006564551422319376e+01 1.788142858644604918e-10
1.008752735229759345e+01 1.788142662685136526e-10
1.010940919037199137e+01 1.788166466725668288e-10
1.013129102844638929e+01 1.788166270766199895e-10
1.015317286652078721e+01 1.788166074806731761e-10
1.017505470459518513e+01 1.788290878847263407e-10
1.019693654266958305e+01 1.788290682887795273e-10
1.021881838074398274e+01 1.788309486928327251e-10
1.024070021881838066e+01 1.788309290968858858e-10
1.026258205689277858e+01 1.788579095009390714e-10
1.028446389496717650e+01 1.788578899049922322e-10
1.030634573304157442e+01 1.788578703090454188e-10
1.032822757111597411e+01 1.788401507130985725e-10
1.035010940919037203e+01 1.788401311171517591e-10
1.037199124726476995e+01 1.788337115212049218e-10
1.039387308533916787e+01 1.788336919252581084e-10
1.041575492341356579e+01 1.788336723293112692e-10
1.043763676148796549e+01 1.788243527333644639e-10
1.045951859956236341e+01 1.788243331374176505e-10
1.048140043763676132e+01 1.788357135414708005e-10
1.050328227571115924e+01 1.788356939455239871e-10
1.052516411378555716e+01 1.788371743495771608e-10
1.054704595185995508e+01 1.788371547536303474e-10
1.056892778993435478e+01 1.788290351576835110e-10
1.059080962800875270e+01 1.788290155617366976e-10
1.061269146608315062e+01 1.788289959657898584e-10
1.063457330415754853e+01 1.788261763698430313e-10
1.065645514223194645e+01 1.788261567738962179e-10
1.067833698030634615e+01 1.788186371779493919e-10
1.070021881838074407e+01 1.788186175820025785e-10
1.072210065645514199e+01 1.788151979860557153e-10
1.074398249452953991e+01 1.788151783901089019e-10
1.076586433260393783e+01 1.788222587941620770e-10
1.078774617067833574e+01 1.788222391982152637e-10
1.080962800875273544e+01 1.788222196022684244e-10
1.083150984682713336e+01 1.788132000063216114e-10
1.085339168490153128e+01 1.788131804103747721e-10
1.087527352297592920e+01 1.788149608144279638e-10
1.089715536105032712e+01 1.788149412184811505e-10
1.091903719912472681e+01 1.788269216225343108e-10
1.094091903719912473e+01 1.788269020265874974e-10
1.096280087527352265e+01 1.788268824306406581e-10
1.098468271334792057e+01 1.788258628346938362e-10
1.100656455142231849e+01 1.788258432387469969e-10
1.102844638949671818e+01 1.788260236428001956e-10
1.105032822757111610e+01 1.788260040468533564e-10
1.107221006564551402e+01 1.788181844509065381e-10
1.109409190371991194e+01 1.788181648549596989e-10
1.111597374179430986e+01 1.788181452590128855e-10
1.113785557986870778e+01 1.787990256630660582e-10
1.115973741794310747e+01 1.787990060671192189e-10
1.118161925601750539e+01 1.787989864711724055e-10
1.120350109409190331e+01 1.788153668752255726e-10
1.122538293216630123e+01 1.788153472792787592e-10
1.124726477024069915e+01 1.788237276833319093e-10
1.126914660831509885e+01 1.788237080873850959e-10
1.129102844638949676e+01 1.788236884914382567e-10
1.131291028446389468e+01 1.788196688954914607e-10
1.133479212253829260e+01 1.788196492995446473e-10
1.135667396061269052e+01 1.788174297035978047e-10
1.137855579868708844e+01 1.788174101076509913e-10
1.140043763676148814e+01 1.788099905117041454e-10
1.142231947483588606e+01 1.788099709157573320e-10
1.144420131291028397e+01 1.788099513198104928e-10
1.146608315098468189e+01 1.788054317238636925e-10
1.148796498905907981e+01 1.788054121279168533e-10
1.150984682713347951e+01 1.788140925319700215e-10
1.153172866520787743e+01 1.788140729360231822e-10
1.155361050328227535e+01 1.788238533400763909e-10
1.157549234135667326e+01 1.788238337441295775e-10
1.159737417943107118e+01 1.788238141481827382e-10
1.161925601750547088e+01 1.788185945522359216e-10
1.164113785557986880e+01 1.788185749562890824e-10
1.166301969365426672e+01 1.788148553603422527e-10
1.168490153172866464e+01 1.788148357643954135e-10
1.170678336980306256e+01 1.788148161684486001e-10
1.172866520787746047e+01 1.788067965725017698e-10
1.175054704595186017e+01 1.788067769765549564e-10
1.177242888402625809e+01 1.788018573806081320e-10
1.179431072210065601e+01 1.788018377846612928e-10
1.181619256017505393e+01 1.788087181887144817e-10
1.183807439824945185e+01 1.788086985927676425e-10
1.185995623632385154e+01 1.788086789968208291e-10
1.188183807439824946e+01 1.788075594008740011e-10
1.190371991247264738e+01 1.788075398049271877e-10
1.192560175054704530e+01 1.788006202089803461e-10
1.194748358862144322e+01 1.788006006130335328e-10
1.196936542669584114e+01 1.788044810170866960e-10
1.199124726477024083e+01 1.788044614211398826e-10
1.201312910284463875e+01 1.788148418251930757e-10
1.203501094091903667e+01 1.788148222292462364e-10
1.205689277899343459e+01 1.788148026332994230e-10
1.207877461706783251e+01 1.788140830373525675e-10
1.210065645514223220e+01 1.788140634414057541e-10
1.212253829321663012e+01 1.788295438454589186e-10
1.214442013129102804e+01 1.788295242495121052e-10
1.216630196936542596e+01 1.788255046535652575e-10
1.218818380743982388e+01 1.788254850576184441e-10
1.221006564551422358e+01 1.788254654616716307e-10
1.223194748358862149e+01 1.788337458657248006e-10
1.225382932166301941e+01 1.788337262697779872e-10
1.227571115973741733e+01 1.788280066738311405e-10
1.229759299781181525e+01 1.788279870778843271e-10
1.231947483588621317e+01 1.788279674819374878e-10
1.234135667396061287e+01 1.788269478859906917e-10
1.236323851203501079e+01 1.788269282900438525e-10
1.238512035010940870e+01 1.788263086940970288e-10
1.240700218818380662e+01 1.788262890981501895e-10
1.242888402625820454e+01 1.788278695022033692e-10
1.245076586433260424e+01 1.788278499062565558e-10
1.247264770240700216e+01 1.788278303103097166e-10
1.249452954048140008e+01 1.788232107143629102e-10
1.251641137855579800e+01 1.788231911184160710e-10
1.253829321663019591e+01 1.788289715224692712e-10
1.256017505470459561e+01 1.788289519265224319e-10
1.258205689277899353e+01 1.788200323305755991e-10
1.260393873085339145e+01 1.788200127346287598e-10
1.262582056892778937e+01 1.788199931386819465e-10
1.264770240700218729e+01 1.788273735427351138e-10
1.266958424507658520e+01 1.788273539467883004e-10
1.269146608315098490e+01 1.788249343508414975e-10
1.271334792122538282e+01 1.788249147548946582e-10
1.273522975929978074e+01 1.788193951589478235e-10
1.275711159737417866e+01 1.788193755630009843e-10
1.277899343544857658e+01 1.788193559670541709e-10
1.280087527352297627e+01 1.788247363711073470e-10
1.282275711159737419e+01 1.788247167751605336e-10
1.284463894967177211e+01 1.788264971792136994e-10
1.286652078774617003e+01 1.788264775832668861e-10
1.288840262582056795e+01 1.788264579873200727e-10
1.291028446389496587e+01 1.788286383913732368e-10
1.293216630196936556e+01 1.788286187954264234e-10
1.295404814004376348e+01 1.788285991994795842e-10
1.297592997811816140e+01 1.788355796035327533e-10
1.299781181619255932e+01 1.788355600075859140e-10
1.301969365426695724e+01 1.788355404116391007e-10
1.304157549234135693e+01 1.788335208156922701e-10
1.306345733041575485e+01 1.788335012197454567e-10
1.308533916849015277e+01 1.788323816237986029e-10
1.310722100656455069e+01 1.788323620278517895e-10
1.312910284463894861e+01 1.788372424319049871e-10
1.315098468271334831e+01 1.788372228359581479e-10
1.317286652078774623e+01 1.788372032400113345e-10
1.319474835886214414e+01 1.788313836440645075e-10
1.321663019693654206e+01 1.788313640481176941e-10
1.323851203501093998e+01 1.788378444521708331e-10
1.326039387308533790e+01 1.788378248562240197e-10
1.328227571115973760e+01 1.788366052602771857e-10
1.330415754923413552e+01 1.788365856643303723e-10
1.332603938730853343e+01 1.788365660683835589e-10
1.334792122538293135e+01 1.788382464724367188e-10
1.336980306345732927e+01 1.788382268764899054e-10
1.339168490153172897e+01 1.788392072805430747e-10
1.341356673960612689e+01 1.788391876845962613e-10
1.343544857768052481e+01 1.788370680886494248e-10
1.345733041575492273e+01 1.788370484927026114e-10
1.347921225382932064e+01 1.788370288967557721e-10
1.350109409190371856e+01 1.788355093008089459e-10
1.352297592997811826e+01 1.788354897048621066e-10
1.354485776805251618e+01 1.788367701089152941e-10
1.356673960612691410e+01 1.788367505129684807e-10
1.358862144420131202e+01 1.788342309170216458e-10
1.361050328227570994e+01 1.788342113210748325e-10
1.363238512035010963e+01 1.788307917251279951e-10
1.365426695842450755e+01 1.788307721291811817e-10
1.367614879649890547e+01 1.788307525332343424e-10
1.369803063457330339e+01 1.788251329372875275e-10
1.371991247264770131e+01 1.788251133413406883e-10
1.374179431072210100e+01 1.788328937453938798e-10
1.376367614879649892e+01 1.788328741494470664e-10
1.378555798687089684e+01 1.788281545535002282e-10
1.380743982494529476e+01 1.788281349575534148e-10
1.382932166301969268e+01 1.788281153616065756e-10
1.385120350109409060e+01 1.788297957656597613e-10
1.387308533916849029e+01 1.788297761697129220e-10
1.389496717724288821e+01 1.788218565737660977e-10
1.391684901531728613e+01 1.788218369778192585e-10
1.393873085339168405e+01 1.788254173818724553e-10
1.396061269146608197e+01 1.788253977859256161e-10
1.398249452954048166e+01 1.788227781899788011e-10
1.400437636761487958e+01 1.788227585940319877e-10
1.402625820568927750e+01 1.788227389980851484e-10
1.404814004376367542e+01 1.788309194021383382e-10
1.407002188183807334e+01 1.788308998061914990e-10
1.409190371991247126e+01 1.788217802102446799e-10
1.411378555798687096e+01 1.788217606142978406e-10
1.413566739606126887e+01 1.788293410183510201e-10
1.415754923413566679e+01 1.788293214224041808e-10
1.417943107221006471e+01 1.788252018264573788e-10
1.420131291028446263e+01 1.788251822305105396e-10
1.422319474835886233e+01 1.788267626345637192e-10
1.424507658643326025e+01 1.788267430386169058e-10
1.426695842450765817e+01 1.788267234426700666e-10
1.428884026258205608e+01 1.788230038467232628e-10
1.431072210065645400e+01 1.788229842507764236e-10
1.433260393873085370e+01 1.788208646548296129e-10
1.435448577680525162e+01 1.788208450588827736e-10
1.437636761487964954e+01 1.788208254629359602e-10
1.439824945295404746e+01 1.788389058669891005e-10
1.442013129102844537e+01 1.788388862710422871e-10
1.444201312910284329e+01 1.788334666750954843e-10
1.446389496717724299e+01 1.788334470791486450e-10
1.448577680525164091e+01 1.788266274832018353e-10
1.450765864332603883e+01 1.788266078872549961e-10
1.452954048140043675e+01 1.788265882913081827e-10
1.455142231947483467e+01 1.788265686953613435e-10
1.457330415754923436e+01 1.788293490994145179e-10
1.459518599562363228e+01 1.788293295034676787e-10
1.461706783369803020e+01 1.788293099075208653e-10
1.463894967177242812e+01 1.788278903115740451e-10
1.466083150984682604e+01 1.788278707156272317e-10
1.468271334792122573e+01 1.788225511196804090e-10
1.470459518599562365e+01 1.788225315237335698e-10
1.472647702407002157e+01 1.788258119277867485e-10
1.474835886214441949e+01 1.788257923318399093e-10
1.477024070021881741e+01 1.788257727358930959e-10
1.479212253829321533e+01 1.788261531399462549e-10
1.481400437636761502e+01 1.788261335439994415e-10
1.483588621444201294e+01 1.788282139480526255e-10
1.485776805251641086e+01 1.788281943521058121e-10
1.487964989059080878e+01 1.788327747561589916e-10
1.490153172866520670e+01 1.788327551602121524e-10
1.492341356673960640e+01 1.788327355642653390e-10
1.494529540481400431e+01 1.788254159683184992e-10
1.496717724288840223e+01 1.788253963723716858e-10
1.498905908096280015e+01 1.788379767764248306e-10
1.501094091903719807e+01 1.788379571804780172e-10
1.503282275711159599e+01 1.788288375845311981e-10
1.505470459518599569e+01 1.788288179885843847e-10
1.507658643326039360e+01 1.788287983926375455e-10
1.509846827133479152e+01 1.788302787966907191e-10
1.512035010940918944e+01 1.788302592007439057e-10
1.514223194748358736e+01 1.788287396047970795e-10
1.516411378555798706e+01 1.788287200088502661e-10
1.518599562363238498e+01 1.788308004129034242e-10
1.520787746170678290e+01 1.788307808169566108e-10
1.522975929978118081e+01 1.788266612210097570e-10
1.525164113785557873e+01 1.788266416250629437e-10
1.527352297592997843e+01 1.788266220291161044e-10
1.529540481400437635e+01 1.788347024331692881e-10
1.531728665207877427e+01 1.788346828372224748e-10
1.533916849015317219e+01 1.788310632412756512e-10
1.536105032822757011e+01 1.788310436453288378e-10
1.538293216630196802e+01 1.788310240493819985e-10
1.540481400437636772e+01 1.788376044534351694e-10
1.542669584245076564e+01 1.788375848574883302e-10
1.544857768052516356e+01 1.788360652615415297e-10
1.547045951859956148e+01 1.788360456655946905e-10
1.549234135667395940e+01 1.788401260696478658e-10
1.551422319474835909e+01 1.788401064737010265e-10
1.553610503282275701e+01 1.788400868777542131e-10
1.555798687089715493e+01 1.788301672818073975e-10
1.557986870897155285e+01 1.788301476858605583e-10
1.560175054704595077e+01 1.788340280899137474e-10
1.562363238512034869e+01 1.788340084939669081e-10
1.564551422319474838e+01 1.788339888980200947e-10
1.566739606126914630e+01 1.788282693020732738e-10
1.568927789934354422e+01 1.788282497061264604e-10
1.571115973741794214e+01 1.788314301101796073e-10
1.573304157549234006e+01 1.788314105142327939e-10
1.575492341356673975e+01 1.788277909182859703e-10
1.577680525164113767e+01 1.788277713223391569e-10
1.579868708971553559e+01 1.788362517263923389e-10
1.582056892778993351e+01 1.788362321304454996e-10
1.584245076586433143e+01 1.788362125344986863e-10
1.586433260393873113e+01 1.788249929385518440e-10
1.588621444201312904e+01 1.788249733426050306e-10
1.590809628008752696e+01 1.788275537466581930e-10
1.592997811816192488e+01 1.788275341507113796e-10
1.595185995623632280e+01 1.788275145547645404e-10
1.597374179431072072e+01 1.788295949588177243e-10
1.599562363238512042e+01 1.788295753628709109e-10
1.601750547045951834e+01 1.788252557669240710e-10
1.603938730853391803e+01 1.788252361709772576e-10
1.606126914660831417e+01 1.788205165750304194e-10
1.608315098468271387e+01 1.788204969790836060e-10
1.610503282275711001e+01 1.788204773831367668e-10
1.612691466083150971e+01 1.788279577871899402e-10
1.614879649890590585e+01 1.788279381912431009e-10
1.617067833698030555e+01 1.788279185952962876e-10
1.619256017505470524e+01 1.788179989993494720e-10
1.621444201312910138e+01 1.788179794034026586e-10
1.623632385120350108e+01 1.788179598074558452e-10
1.625820568927789722e+01 1.788108402115089916e-10
1.628008752735229692e+01 1.788108206155621782e-10
1.630196936542669661e+01 1.788226010196153523e-10
1.632385120350109275e+01 1.788225814236685389e-10
1.634573304157549245e+01 1.788225618277216997e-10
1.636761487964988859e+01 1.788149422317748676e-10
1.638949671772428829e+01 1.788149226358280284e-10
1.641137855579868798e+01 1.788223030398812216e-10
1.643326039387308413e+01 1.788222834439344082e-10
1.645514223194748382e+01 1.788204638479875639e-10
1.647702407002187996e+01 1.788204442520407505e-10
1.649890590809627966e+01 1.788185246560939259e-10
1.652078774617067936e+01 1.788185050601471126e-10
1.654266958424507550e+01 1.788184854642002733e-10
1.656455142231947519e+01 1.788200658682534530e-10
1.658643326039387134e+01 1.788200462723066137e-10
1.660831509846827103e+01 1.788207266763597909e-10
1.663019693654267073e+01 1.788207070804129516e-10
1.665207877461706687e+01 1.788164874844661436e-10
1.667396061269146657e+01 1.788164678885193302e-10
1.669584245076586271e+01 1.788164482925724909e-10
1.671772428884026240e+01 1.788209286966256903e-10
1.673960612691465855e+01 1.788209091006788511e-10
1.676148796498905824e+01 1.788161895047320387e-10
1.678336980306345794e+01 1.788161699087851995e-10
1.680525164113785408e+01 1.788222503128383660e-10
1.682713347921225377e+01 1.788222307168915268e-10
1.684901531728664992e+01 1.788174111209447343e-10
1.687089715536104961e+01 1.788173915249979209e-10
1.689277899343544931e+01 1.788173719290510816e-10
1.691466083150984545e+01 1.788173523331042683e-10
1.693654266958424515e+01 1.788173327371574290e-10
1.695842450765864129e+01 1.788186131412105906e-10
1.698030634573304098e+01 1.788185935452637514e-10
1.700218818380744068e+01 1.788185739493169380e-10
1.702407002188183682e+01 1.788171543533701177e-10
1.704595185995623652e+01 1.788171347574233043e-10
1.706783369803063266e+01 1.788127151614764584e-10
1.708971553610503236e+01 1.788126955655296450e-10
1.711159737417943205e+01 1.788126759695828316e-10
1.713347921225382819e+01 1.788185563736359861e-10
1.715536105032822789e+01 1.788185367776891727e-10
1.717724288840262403e+01 1.788106171817423484e-10
1.719912472647702373e+01 1.788105975857955351e-10
1.722100656455142342e+01 1.788210779898486825e-10
1.724288840262581957e+01 1.788210583939018691e-10
1.726477024070021926e+01 1.788210387979550299e-10
1.728665207877461540e+01 1.788165192020082296e-10
1.730853391684901510e+01 1.788164996060613903e-10
1.733041575492341124e+01 1.788206800101145716e-10
1.735229759299781094e+01 1.788206604141677582e-10
1.737417943107221063e+01 1.788206408182209190e-10
1.739606126914660678e+01 1.788246212222741141e-10
1.741794310722100647e+01 1.788246016263272748e-10
1.743982494529540261e+01 1.788269820303804510e-10
1.746170678336980231e+01 1.788269624344336118e-10
1.748358862144420200e+01 1.788278428384868009e-10
1.750547045951859815e+01 1.788278232425399617e-10
1.752735229759299784e+01 1.788278036465931483e-10
1.754923413566739399e+01 1.788286840506463375e-10
1.757111597374179368e+01 1.788286644546994982e-10
1.759299781181619338e+01 1.788318448587526709e-10
1.761487964989058952e+01 1.788318252628058317e-10
1.763676148796498921e+01 1.788242056668590255e-10
1.765864332603938536e+01 1.788241860709121863e-10
1.768052516411378505e+01 1.788241664749653729e-10
1.770240700218818475e+01 1.788242468790185397e-10
1.772428884026258089e+01 1.788242272830717263e-10
1.774617067833698059e+01 1.788288076871248800e-10
1.776805251641137673e+01 1.788287880911780666e-10
1.778993435448577642e+01 1.788287684952312532e-10
1.781181619256017612e+01 1.788287488992844140e-10
1.783369803063457226e+01 1.788297293033376091e-10
1.785557986870897196e+01 1.788297097073907699e-10
1.787746170678336810e+01 1.788318901114439599e-10
1.789934354485776780e+01 1.788318705154971206e-10
1.792122538293216394e+01 1.788270509195503023e-10
1.794310722100656363e+01 1.788270313236034630e-10
1.796498905908096333e+01 1.788270117276566496e-10
1.798687089715535947e+01 1.788263921317098259e-10
1.800875273522975917e+01 1.788229725357629885e-10
1.803063457330415531e+01 1.788229529398161752e-10
1.805251641137855501e+01 1.788229333438693359e-10
1.807439824945295470e+01 1.788264137479225267e-10
1.809628008752735084e+01 1.788263941519756875e-10
1.811816192560175054e+01 1.788202745560288683e-10
1.814004376367614668e+01 1.788202549600820290e-10
1.816192560175054638e+01 1.788202353641352157e-10
1.818380743982494607e+01 1.788344157681883793e-10
1.820568927789934222e+01 1.788343961722415659e-10
1.822757111597374191e+01 1.788309765762947544e-10
1.824945295404813805e+01 1.788309569803479152e-10
1.827133479212253775e+01 1.788360373844010990e-10
1.829321663019693744e+01 1.788360177884542598e-10
1.831509846827133359e+01 1.788359981925074464e-10
1.833698030634573328e+01 1.788329785965606073e-10
1.835886214442012943e+01 1.788329590006137939e-10
1.838074398249452912e+01 1.788362394046669467e-10
1.840262582056892882e+01 1.788362198087201334e-10
1.842450765864332496e+01 1.788362002127733200e-10
1.844638949671772465e+01 1.788344806168264817e-10
1.846827133479212080e+01 1.788344610208796683e-10
1.849015317286652049e+01 1.788364414249328462e-10
1.851203501094091664e+01 1.788364218289860328e-10
1.853391684901531633e+01 1.788335022330391739e-10
1.855579868708971603e+01 1.788334826370923605e-10
1.857768052516411217e+01 1.788334630411455212e-10
1.859956236323851186e+01 1.788322434451987131e-10
1.862144420131290801e+01 1.788322238492518738e-10
1.864332603938730770e+01 1.788272042533050692e-10
1.866520787746170740e+01 1.788271846573582558e-10
1.868708971553610354e+01 1.788268650614114244e-10
1.870897155361050324e+01 1.788268454654646110e-10
1.873085339168489938e+01 1.788268258695177718e-10
1.875273522975929907e+01 1.788369062735709468e-10
1.877461706783369877e+01 1.788368866776241075e-10
1.879649890590809491e+01 1.788309670816773004e-10
1.881838074398249461e+01 1.788309474857304612e-10
1.884026258205689075e+01 1.788282278897836401e-10
1.886214442013129045e+01 1.788282082938368009e-10
1.888402625820569014e+01 1.788281886978899875e-10
1.890590809628008628e+01 1.788431691019431735e-10
1.892778993435448598e+01 1.788431495059963343e-10
1.894967177242888212e+01 1.788319299100495179e-10
1.897155361050328182e+01 1.788319103141026787e-10
1.899343544857768151e+01 1.788343907181558609e-10
1.901531728665207766e+01 1.788343711222090216e-10
1.903719912472647735e+01 1.788289515262622188e-10
1.905908096280087349e+01 1.788289319303153796e-10
1.908096280087527319e+01 1.788289123343685662e-10
1.910284463894966933e+01 1.788238927384217616e-10
1.912472647702406903e+01 1.788238731424749223e-10
1.914660831509846872e+01 1.788247535465281115e-10
1.916849015317286486e+01 1.788247339505812723e-10
1.919037199124726456e+01 1.788247143546344589e-10
1.921225382932166070e+01 1.788283947586876100e-10
1.923413566739606040e+01 1.788283751627407966e-10
1.925601750547046009e+01 1.788258555667939618e-10
1.927789934354485624e+01 1.788258359708471484e-10
1.929978118161925593e+01 1.788277163749002945e-10
1.932166301969365207e+01 1.788276967789534811e-10
1.934354485776805177e+01 1.788276771830066677e-10
1.936542669584245147e+01 1.788236575870598458e-10
1.938730853391684761e+01 1.788236379911130324e-10
1.940919037199124730e+01 1.788236183951661932e-10
1.943107221006564345e+01 1.788311987992193726e-10
1.945295404814004314e+01 1.788311792032725334e-10
1.947483588621444284e+01 1.788311596073257200e-10
1.949671772428883898e+01 1.788370400113788745e-10
1.951859956236323868e+01 1.788370204154320611e-10
1.954048140043763482e+01 1.788295008194852609e-10
1.956236323851203451e+01 1.788294812235384217e-10
1.958424507658643421e+01 1.788294616275916083e-10
1.960612691466083035e+01 1.788292420316447570e-10
1.962800875273523005e+01 1.788292224356979436e-10
1.964989059080962619e+01 1.788278028397510976e-10
1.967177242888402589e+01 1.788277832438042842e-10
1.969365426695842203e+01 1.788275636478574587e-10
1.971553610503282172e+01 1.788275440519106453e-10
1.973741794310722142e+01 1.788352244559638050e-10
1.975929978118161756e+01 1.788352048600169916e-10
1.978118161925601726e+01 1.788351852640701782e-10
1.980306345733041340e+01 1.788316656681233348e-10
1.982494529540481309e+01 1.788316460721765214e-10
1.984682713347921279e+01 1.788310264762296718e-10
1.986870897155360893e+01 1.788310068802828584e-10
1.989059080962800863e+01 1.788355872843360380e-10
1.991247264770240477e+01 1.788355676883892246e-10
1.993435448577680447e+01 1.788355480924423853e-10
1.995623632385120416e+01 1.788310284964955592e-10
1.997811816192560030e+01 1.788310089005487458e-10
