0.000000000000000000e+00 1.899588999999999943e-10
2.192982456140350755e-02 1.899589468908663673e-10
4.385964912280701511e-02 1.899511937817327614e-10
6.578947368421052266e-02 1.899512406725991344e-10
8.771929824561403022e-02 1.899588875634655520e-10
1.096491228070175378e-01 1.899589344543319251e-10
1.315789473684210453e-01 1.899589813451983240e-10
1.535087719298245390e-01 1.899488282360646768e-10
1.754385964912280604e-01 1.899488751269310757e-10
1.973684210526315819e-01 1.899356220177974484e-10
2.192982456140350755e-01 1.899356689086638473e-10
2.412280701754385692e-01 1.899498157995302431e-10
2.631578947368420907e-01 1.899498626903966420e-10
2.850877192982456121e-01 1.899520095812630124e-10
3.070175438596490780e-01 1.899520564721294114e-10
3.289473684210525994e-01 1.899521033629957844e-10
3.508771929824561209e-01 1.899561502538621660e-10
3.728070175438596423e-01 1.899561971447285390e-10
3.947368421052631637e-01 1.899530440355949518e-10
4.166666666666666297e-01 1.899530909264613249e-10
4.385964912280701511e-01 1.899531378173277238e-10
4.605263157894736725e-01 1.899570847081940993e-10
4.824561403508771384e-01 1.899571315990604982e-10
5.043859649122807154e-01 1.899571784899268713e-10
5.263157894736841813e-01 1.899546253807932428e-10
5.482456140350876472e-01 1.899546722716596417e-10
5.701754385964912242e-01 1.899547191625260147e-10
5.921052631578946901e-01 1.899338660533924205e-10
6.140350877192981560e-01 1.899339129442587935e-10
6.359649122807017330e-01 1.899450598351251895e-10
6.578947368421051989e-01 1.899451067259915625e-10
6.798245614035087758e-01 1.899451536168579614e-10
7.017543859649122417e-01 1.899467005077243215e-10
7.236842105263157077e-01 1.899467473985907204e-10
7.456140350877192846e-01 1.899453942894570867e-10
7.675438596491227505e-01 1.899454411803234856e-10
7.894736842105263275e-01 1.899417880711898683e-10
8.114035087719297934e-01 1.899418349620562672e-10
8.333333333333332593e-01 1.899512818529226382e-10
8.552631578947368363e-01 1.899513287437890371e-10
8.771929824561403022e-01 1.899513756346554102e-10
8.991228070175437681e-01 1.899441225255218085e-10
9.210526315789473450e-01 1.899441694163881816e-10
9.429824561403508110e-01 1.899512163072545888e-10
9.649122807017542769e-01 1.899512631981209619e-10
9.868421052631578538e-01 1.899588100889873476e-10
1.008771929824561431e+00 1.899588569798537207e-10
1.030701754385964897e+00 1.899514038707201069e-10
1.052631578947368363e+00 1.899514507615865059e-10
1.074561403508771829e+00 1.899514976524528789e-10
1.096491228070175294e+00 1.899482445433192857e-10
1.118421052631578982e+00 1.899482914341856588e-10
1.140350877192982448e+00 1.899555383250520523e-10
1.162280701754385914e+00 1.899555852159184253e-10
1.184210526315789380e+00 1.899502321067848089e-10
1.206140350877192846e+00 1.899502789976511820e-10
1.228070175438596312e+00 1.899471258885175948e-10
1.250000000000000000e+00 1.899471727793839679e-10
1.271929824561403466e+00 1.899472196702503668e-10
1.293859649122806932e+00 1.899501665611167337e-10
1.315789473684210398e+00 1.899502134519831327e-10
1.337719298245613864e+00 1.899419603428494966e-10
1.359649122807017552e+00 1.899420072337158955e-10
1.381578947368421018e+00 1.899577541245822843e-10
1.403508771929824483e+00 1.899578010154486832e-10
1.425438596491227949e+00 1.899578479063150563e-10
1.447368421052631415e+00 1.899501947971814564e-10
1.469298245614035103e+00 1.899502416880478294e-10
1.491228070175438569e+00 1.899453885789142173e-10
1.513157894736842035e+00 1.899454354697805904e-10
1.535087719298245501e+00 1.899626823606469663e-10
1.557017543859648967e+00 1.899627292515133652e-10
1.578947368421052655e+00 1.899627761423797383e-10
1.600877192982456121e+00 1.899446230332461258e-10
1.622807017543859587e+00 1.899446699241124989e-10
1.644736842105263053e+00 1.899399168149789186e-10
1.666666666666666519e+00 1.899399637058452917e-10
1.688596491228069985e+00 1.899479105967116757e-10
1.710526315789473673e+00 1.899479574875780487e-10
1.732456140350877138e+00 1.899417043784444557e-10
1.754385964912280604e+00 1.899417512693108287e-10
1.776315789473684070e+00 1.899417981601772276e-10
1.798245614035087536e+00 1.899510450510436124e-10
1.820175438596491224e+00 1.899510919419100113e-10
1.842105263157894690e+00 1.899584388327763591e-10
1.864035087719298156e+00 1.899584857236427581e-10
1.885964912280701622e+00 1.899509326145091383e-10
1.907894736842105088e+00 1.899509795053755372e-10
1.929824561403508554e+00 1.899510263962419103e-10
1.951754385964912242e+00 1.899542732871083211e-10
1.973684210526315708e+00 1.899543201779746942e-10
1.995614035087719174e+00 1.899610670688410575e-10
2.017543859649122862e+00 1.899611139597074565e-10
2.039473684210526105e+00 1.899433608505738423e-10
2.061403508771929793e+00 1.899434077414402412e-10
2.083333333333333037e+00 1.899531546323066044e-10
2.105263157894736725e+00 1.899532015231730033e-10
2.127192982456140413e+00 1.899532484140393764e-10
2.149122807017543657e+00 1.899432953049057671e-10
2.171052631578947345e+00 1.899433421957721401e-10
2.192982456140350589e+00 1.899510890866385379e-10
2.214912280701754277e+00 1.899511359775049110e-10
2.236842105263157965e+00 1.899432828683713248e-10
2.258771929824561209e+00 1.899433297592376979e-10
2.280701754385964897e+00 1.899433766501040968e-10
2.302631578947368141e+00 1.899434235409704699e-10
2.324561403508771829e+00 1.899484704318368600e-10
2.346491228070175517e+00 1.899485173227032331e-10
2.368421052631578760e+00 1.899676642135696459e-10
2.390350877192982448e+00 1.899677111044360190e-10
2.412280701754385692e+00 1.899573579953024114e-10
2.434210526315789380e+00 1.899574048861687844e-10
2.456140350877192624e+00 1.899574517770351834e-10
2.478070175438596312e+00 1.899686986679015594e-10
2.500000000000000000e+00 1.899687455587679325e-10
2.521929824561403244e+00 1.899616924496343171e-10
2.543859649122806932e+00 1.899617393405006901e-10
2.565789473684210176e+00 1.899656862313670915e-10
2.587719298245613864e+00 1.899657331222334645e-10
2.609649122807017552e+00 1.899543800130998742e-10
2.631578947368420796e+00 1.899544269039662473e-10
2.653508771929824483e+00 1.899544737948326462e-10
2.675438596491227727e+00 1.899554206856990218e-10
2.697368421052631415e+00 1.899554675765654207e-10
2.719298245614035103e+00 1.899567144674317886e-10
2.741228070175438347e+00 1.899567613582981875e-10
2.763157894736842035e+00 1.899525082491645599e-10
2.785087719298245279e+00 1.899525551400309588e-10
2.807017543859648967e+00 1.899526020308973319e-10
2.828947368421052655e+00 1.899590489217637288e-10
2.850877192982455899e+00 1.899590958126301019e-10
2.872807017543859587e+00 1.899574427034965017e-10
2.894736842105262831e+00 1.899574895943628748e-10
2.916666666666666519e+00 1.899604364852292676e-10
2.938596491228070207e+00 1.899604833760956406e-10
2.960526315789473450e+00 1.899628302669620489e-10
2.982456140350877138e+00 1.899628771578284220e-10
3.004385964912280382e+00 1.899629240486947951e-10
3.026315789473684070e+00 1.899627709395611819e-10
3.048245614035087758e+00 1.899628178304275550e-10
3.070175438596491002e+00 1.899574647212939645e-10
3.092105263157894690e+00 1.899575116121603375e-10
3.114035087719297934e+00 1.899648585030267370e-10
3.135964912280701622e+00 1.899649053938931101e-10
3.157894736842105310e+00 1.899649522847595090e-10
3.179824561403508554e+00 1.899555991756258842e-10
3.201754385964912242e+00 1.899556460664922831e-10
3.223684210526315486e+00 1.899581929573586517e-10
3.245614035087719174e+00 1.899582398482250507e-10
3.267543859649122417e+00 1.899582867390914237e-10
3.289473684210526105e+00 1.899620336299578130e-10
3.311403508771929793e+00 1.899620805208241861e-10
3.333333333333333037e+00 1.899489274116905907e-10
3.355263157894736725e+00 1.899489743025569637e-10
3.377192982456139969e+00 1.899662211934233655e-10
3.399122807017543657e+00 1.899662680842897385e-10
3.421052631578947345e+00 1.899663149751561374e-10
3.442982456140350589e+00 1.899568618660225066e-10
3.464912280701754277e+00 1.899569087568889055e-10
3.486842105263157521e+00 1.899644556477552912e-10
3.508771929824561209e+00 1.899645025386216642e-10
3.530701754385964897e+00 1.899661494294880562e-10
3.552631578947368141e+00 1.899661963203544293e-10
3.574561403508771829e+00 1.899662432112208282e-10
3.596491228070175072e+00 1.899661901020871952e-10
3.618421052631578760e+00 1.899662369929535941e-10
3.640350877192982448e+00 1.899556838838199745e-10
3.662280701754385692e+00 1.899557307746863734e-10
3.684210526315789380e+00 1.899667776655527375e-10
3.706140350877192624e+00 1.899668245564191364e-10
3.728070175438596312e+00 1.899668714472855094e-10
3.750000000000000000e+00 1.899508183381519202e-10
3.771929824561403244e+00 1.899508652290182932e-10
3.793859649122806932e+00 1.899509121198846922e-10
3.815789473684210176e+00 1.899509590107510652e-10
3.837719298245613864e+00 1.899630059016174637e-10
3.859649122807017108e+00 1.899630527924838368e-10
3.881578947368420796e+00 1.899567996833502178e-10
3.903508771929824483e+00 1.899568465742165909e-10
3.925438596491227727e+00 1.899568934650829898e-10
3.947368421052631415e+00 1.899704403559493753e-10
3.969298245614034659e+00 1.899704872468157742e-10
3.991228070175438347e+00 1.899687341376821422e-10
4.013157894736841591e+00 1.899687810285485152e-10
4.035087719298245723e+00 1.899688279194149141e-10
4.057017543859648967e+00 1.899687748102812812e-10
4.078947368421052211e+00 1.899688217011476801e-10
4.100877192982456343e+00 1.899688685920140532e-10
4.122807017543859587e+00 1.899705154828804710e-10
4.144736842105262831e+00 1.899705623737468440e-10
4.166666666666666075e+00 1.899706092646132430e-10
4.188596491228070207e+00 1.899504561554796133e-10
4.210526315789473450e+00 1.899505030463460123e-10
4.232456140350876694e+00 1.899577499372123799e-10
4.254385964912280826e+00 1.899577968280787788e-10
4.276315789473684070e+00 1.899535437189451512e-10
4.298245614035087314e+00 1.899535906098115501e-10
4.320175438596490558e+00 1.899543375006779136e-10
4.342105263157894690e+00 1.899543843915443126e-10
4.364035087719297934e+00 1.899544312824106856e-10
4.385964912280701178e+00 1.899538781732771001e-10
4.407894736842105310e+00 1.899539250641434731e-10
4.429824561403508554e+00 1.899599719550098718e-10
4.451754385964911798e+00 1.899600188458762449e-10
4.473684210526315930e+00 1.899600657367426438e-10
4.495614035087719174e+00 1.899552126276090059e-10
4.517543859649122417e+00 1.899552595184753789e-10
4.539473684210525661e+00 1.899621064093417741e-10
4.561403508771929793e+00 1.899621533002081472e-10
4.583333333333333037e+00 1.899673001910745434e-10
4.605263157894736281e+00 1.899673470819409164e-10
4.627192982456140413e+00 1.899673939728073153e-10
4.649122807017543657e+00 1.899565408636737035e-10
4.671052631578946901e+00 1.899565877545401024e-10
4.692982456140351033e+00 1.899653346454064829e-10
4.714912280701754277e+00 1.899653815362728818e-10
4.736842105263157521e+00 1.899503284271392494e-10
4.758771929824560765e+00 1.899503753180056483e-10
4.780701754385964897e+00 1.899596222088720072e-10
4.802631578947368141e+00 1.899596690997384062e-10
4.824561403508771384e+00 1.899597159906047792e-10
4.846491228070175517e+00 1.899495628814711837e-10
4.868421052631578760e+00 1.899496097723375568e-10
4.890350877192982004e+00 1.899597566632039699e-10
4.912280701754385248e+00 1.899598035540703430e-10
4.934210526315789380e+00 1.899506504449367302e-10
4.956140350877192624e+00 1.899506973358031033e-10
4.978070175438595868e+00 1.899640442266695026e-10
5.000000000000000000e+00 1.899640911175358756e-10
5.021929824561403244e+00 1.899641380084022487e-10
5.043859649122806488e+00 1.899609848992686615e-10
5.065789473684210620e+00 1.899610317901350346e-10
5.087719298245613864e+00 1.899530786810014166e-10
5.109649122807017108e+00 1.899531255718677896e-10
5.131578947368420351e+00 1.899675724627342035e-10
5.153508771929824483e+00 1.899676193536005766e-10
5.175438596491227727e+00 1.899627662444669645e-10
5.197368421052630971e+00 1.899628131353333376e-10
5.219298245614035103e+00 1.899628600261997365e-10
5.241228070175438347e+00 1.899615069170661027e-10
5.263157894736841591e+00 1.899615538079325016e-10
5.285087719298245723e+00 1.899635006987988858e-10
5.307017543859648967e+00 1.899635475896652847e-10
5.328947368421052211e+00 1.899562944805316572e-10
5.350877192982455455e+00 1.899563413713980561e-10
5.372807017543859587e+00 1.899563882622644292e-10
5.394736842105262831e+00 1.899618351531308176e-10
5.416666666666666075e+00 1.899618820439971906e-10
5.438596491228070207e+00 1.899656289348636058e-10
5.460526315789473450e+00 1.899656758257299788e-10
5.482456140350876694e+00 1.899549227165963730e-10
5.504385964912280826e+00 1.899549696074627461e-10
5.526315789473684070e+00 1.899708164983291151e-10
5.548245614035087314e+00 1.899708633891955140e-10
5.570175438596490558e+00 1.899709102800618871e-10
5.592105263157894690e+00 1.899626571709282768e-10
5.614035087719297934e+00 1.899627040617946499e-10
5.635964912280701178e+00 1.899574509526610654e-10
5.657894736842105310e+00 1.899574978435274384e-10
5.679824561403508554e+00 1.899750447343938324e-10
5.701754385964911798e+00 1.899750916252602055e-10
5.723684210526315042e+00 1.899751385161266044e-10
5.745614035087719174e+00 1.899551854069929868e-10
5.767543859649122417e+00 1.899552322978593857e-10
5.789473684210525661e+00 1.899581791887257527e-10
5.811403508771929793e+00 1.899582260795921516e-10
5.833333333333333037e+00 1.899568729704585178e-10
5.855263157894736281e+00 1.899569198613249167e-10
5.877192982456140413e+00 1.899569667521912898e-10
5.899122807017543657e+00 1.899630136430576885e-10
5.921052631578946901e+00 1.899630605339240615e-10
5.942982456140350145e+00 1.899631074247904605e-10
5.964912280701754277e+00 1.899701543156568419e-10
5.986842105263157521e+00 1.899702012065232149e-10
6.008771929824560765e+00 1.899670480973896019e-10
6.030701754385964897e+00 1.899670949882559750e-10
6.052631578947368141e+00 1.899671418791223739e-10
6.074561403508771384e+00 1.899742887699887613e-10
6.096491228070175517e+00 1.899743356608551603e-10
6.118421052631578760e+00 1.899687825517215318e-10
6.140350877192982004e+00 1.899688294425879307e-10
6.162280701754385248e+00 1.899713763334542994e-10
6.184210526315789380e+00 1.899714232243206983e-10
6.206140350877192624e+00 1.899714701151870714e-10
6.228070175438595868e+00 1.899645170060534619e-10
6.250000000000000000e+00 1.899645638969198350e-10
6.271929824561403244e+00 1.899761107877862292e-10
6.293859649122806488e+00 1.899761576786526023e-10
6.315789473684210620e+00 1.899590045695189984e-10
6.337719298245613864e+00 1.899590514603853714e-10
6.359649122807017108e+00 1.899655983512517744e-10
6.381578947368420351e+00 1.899656452421181475e-10
6.403508771929824483e+00 1.899713921329845539e-10
6.425438596491227727e+00 1.899714390238509270e-10
6.447368421052630971e+00 1.899714859147173259e-10
6.469298245614035103e+00 1.899565328055836996e-10
6.491228070175438347e+00 1.899565796964500726e-10
6.513157894736841591e+00 1.899763265873164699e-10
6.535087719298244835e+00 1.899763734781828430e-10
6.557017543859648967e+00 1.899660203690492354e-10
6.578947368421052211e+00 1.899660672599156085e-10
6.600877192982455455e+00 1.899661141507820074e-10
6.622807017543859587e+00 1.899760610416483827e-10
6.644736842105262831e+00 1.899761079325147816e-10
6.666666666666666075e+00 1.899738548233811711e-10
6.688596491228070207e+00 1.899739017142475700e-10
6.710526315789473450e+00 1.899755486051139361e-10
6.732456140350876694e+00 1.899755954959803351e-10
6.754385964912279938e+00 1.899643423868466991e-10
6.776315789473684070e+00 1.899643892777130980e-10
6.798245614035087314e+00 1.899644361685794711e-10
6.820175438596490558e+00 1.899694830594458870e-10
6.842105263157894690e+00 1.899695299503122601e-10
6.864035087719297934e+00 1.899683768411786384e-10
6.885964912280701178e+00 1.899684237320450114e-10
6.907894736842105310e+00 1.899600706229114210e-10
6.929824561403508554e+00 1.899601175137777941e-10
6.951754385964911798e+00 1.899601644046441930e-10
6.973684210526315042e+00 1.899700112955105622e-10
6.995614035087719174e+00 1.899700581863769353e-10
7.017543859649122417e+00 1.899619050772433311e-10
7.039473684210525661e+00 1.899619519681097042e-10
7.061403508771929793e+00 1.899619988589761031e-10
7.083333333333333037e+00 1.899738457498424895e-10
7.105263157894736281e+00 1.899738926407088884e-10
7.127192982456139525e+00 1.899738395315752554e-10
7.149122807017543657e+00 1.899738864224416544e-10
7.171052631578946901e+00 1.899663333133080346e-10
7.192982456140350145e+00 1.899663802041744335e-10
7.214912280701754277e+00 1.899664270950408066e-10
7.236842105263157521e+00 1.899721739859071872e-10
7.258771929824560765e+00 1.899722208767735603e-10
7.280701754385964897e+00 1.899759677676399754e-10
7.302631578947368141e+00 1.899760146585063485e-10
7.324561403508771384e+00 1.899760615493727474e-10
7.346491228070174628e+00 1.899623084402391158e-10
7.368421052631578760e+00 1.899623553311055147e-10
7.390350877192982004e+00 1.899677022219718971e-10
7.412280701754385248e+00 1.899677491128382960e-10
7.434210526315789380e+00 1.899693960037046621e-10
7.456140350877192624e+00 1.899694428945710610e-10
7.478070175438595868e+00 1.899694897854374341e-10
7.500000000000000000e+00 1.899695366763038072e-10
7.521929824561403244e+00 1.899596835671702039e-10
7.543859649122806488e+00 1.899597304580365769e-10
7.565789473684209732e+00 1.899711773489029651e-10
7.587719298245613864e+00 1.899712242397693381e-10
7.609649122807017108e+00 1.899633711306357520e-10
7.631578947368420351e+00 1.899634180215021251e-10
7.653508771929824483e+00 1.899634649123685240e-10
7.675438596491227727e+00 1.899666118032349030e-10
7.697368421052630971e+00 1.899666586941013019e-10
7.719298245614034215e+00 1.899775055849676539e-10
7.741228070175438347e+00 1.899775524758340528e-10
7.763157894736841591e+00 1.899655993667004263e-10
7.785087719298244835e+00 1.899656462575668252e-10
7.807017543859648967e+00 1.899753931484332143e-10
7.828947368421052211e+00 1.899754400392996132e-10
7.850877192982455455e+00 1.899754869301659863e-10
7.872807017543859587e+00 1.899670338210323898e-10
7.894736842105262831e+00 1.899670807118987629e-10
7.916666666666666075e+00 1.899671276027651618e-10
7.938596491228069318e+00 1.899671744936315349e-10
7.960526315789473450e+00 1.899560213844979308e-10
7.982456140350876694e+00 1.899560682753643038e-10
8.004385964912280826e+00 1.899561151662306769e-10
8.026315789473683182e+00 1.899732620570970726e-10
8.048245614035087314e+00 1.899733089479634456e-10
8.070175438596491446e+00 1.899614558388298510e-10
8.092105263157893802e+00 1.899615027296962241e-10
8.114035087719297934e+00 1.899678496205626150e-10
8.135964912280702066e+00 1.899678965114289881e-10
8.157894736842104422e+00 1.899701434022953904e-10
8.179824561403508554e+00 1.899701902931617634e-10
8.201754385964912686e+00 1.899697371840281581e-10
8.223684210526315042e+00 1.899697840748945311e-10
8.245614035087719174e+00 1.899698309657609301e-10
8.267543859649121529e+00 1.899807778566272881e-10
8.289473684210525661e+00 1.899808247474936870e-10
8.311403508771929793e+00 1.899729716383600750e-10
8.333333333333332149e+00 1.899730185292264739e-10
8.355263157894736281e+00 1.899715654200928341e-10
8.377192982456140413e+00 1.899716123109592330e-10
8.399122807017542769e+00 1.899716592018256061e-10
8.421052631578946901e+00 1.899644060926920044e-10
8.442982456140351033e+00 1.899644529835583775e-10
8.464912280701753389e+00 1.899675998744247823e-10
8.486842105263157521e+00 1.899676467652911554e-10
8.508771929824561653e+00 1.899644936561575424e-10
8.530701754385964009e+00 1.899645405470239413e-10
8.552631578947368141e+00 1.899645874378903143e-10
8.574561403508772273e+00 1.899688343287567079e-10
8.596491228070174628e+00 1.899688812196230810e-10
8.618421052631578760e+00 1.899645281104894732e-10
8.640350877192981116e+00 1.899645750013558463e-10
8.662280701754385248e+00 1.899812218922222376e-10
8.684210526315789380e+00 1.899812687830886107e-10
8.706140350877191736e+00 1.899717156739550255e-10
8.728070175438595868e+00 1.899717625648213986e-10
8.750000000000000000e+00 1.899718094556877975e-10
8.771929824561402356e+00 1.899737563465541558e-10
8.793859649122806488e+00 1.899738032374205548e-10
8.815789473684210620e+00 1.899818501282869447e-10
8.837719298245612976e+00 1.899818970191533437e-10
8.859649122807017108e+00 1.899618439100197201e-10
8.881578947368421240e+00 1.899618908008861190e-10
8.903508771929823595e+00 1.899619376917524921e-10
8.925438596491227727e+00 1.899732845826188742e-10
8.947368421052631859e+00 1.899733314734852472e-10
8.969298245614034215e+00 1.899658783643516594e-10
8.991228070175438347e+00 1.899659252552180324e-10
9.013157894736842479e+00 1.899662721460843977e-10
9.035087719298244835e+00 1.899663190369507967e-10
9.057017543859648967e+00 1.899663659278171697e-10
9.078947368421051323e+00 1.899664128186835686e-10
9.100877192982455455e+00 1.899761597095499319e-10
9.122807017543859587e+00 1.899762066004163308e-10
9.144736842105261942e+00 1.899782534912827210e-10
9.166666666666666075e+00 1.899783003821491199e-10
9.188596491228070207e+00 1.899807472730154826e-10
9.210526315789472562e+00 1.899807941638818815e-10
9.232456140350876694e+00 1.899808410547482545e-10
9.254385964912280826e+00 1.899828879456146448e-10
9.276315789473683182e+00 1.899829348364810178e-10
9.298245614035087314e+00 1.899807817273474392e-10
9.320175438596491446e+00 1.899808286182138123e-10
9.342105263157893802e+00 1.899767755090801967e-10
9.364035087719297934e+00 1.899768223999465698e-10
9.385964912280702066e+00 1.899768692908129687e-10
9.407894736842104422e+00 1.899815161816793347e-10
9.429824561403508554e+00 1.899815630725457336e-10
9.451754385964910909e+00 1.899701099634121114e-10
9.473684210526315042e+00 1.899701568542784845e-10
9.495614035087719174e+00 1.899788037451448848e-10
9.517543859649121529e+00 1.899788506360112579e-10
9.539473684210525661e+00 1.899715975268776562e-10
9.561403508771929793e+00 1.899716444177440293e-10
9.583333333333332149e+00 1.899716913086104282e-10
9.605263157894736281e+00 1.899670381994768023e-10
9.627192982456140413e+00 1.899670850903432012e-10
9.649122807017542769e+00 1.899877319812095752e-10
9.671052631578946901e+00 1.899877788720759741e-10
9.692982456140351033e+00 1.899710257629423427e-10
9.714912280701753389e+00 1.899710726538087416e-10
9.736842105263157521e+00 1.899770195446751343e-10
9.758771929824561653e+00 1.899770664355415332e-10
9.780701754385964009e+00 1.899771133264079062e-10
9.802631578947368141e+00 1.899785602172742861e-10
9.824561403508770496e+00 1.899786071081406592e-10
9.846491228070174628e+00 1.899644539990070552e-10
9.868421052631578760e+00 1.899645008898734283e-10
9.890350877192981116e+00 1.899645477807398272e-10
9.912280701754385248e+00 1.899645946716062003e-10
9.934210526315789380e+00 1.899646415624725992e-10
9.956140350877191736e+00 1.899646884533389723e-10
9.978070175438595868e+00 1.899647353442053453e-10
1.000000000000000000e+01 1.907192822350717544e-10
1.002192982456140236e+01 1.907193291259381275e-10
1.004385964912280649e+01 1.907094760168045242e-10
1.006578947368421062e+01 1.907095229076708972e-10
1.008771929824561298e+01 1.906874697985373082e-10
1.010964912280701711e+01 1.906875166894036813e-10
1.013157894736842124e+01 1.906875635802700802e-10
1.015350877192982360e+01 1.906843104711364353e-10
1.017543859649122773e+01 1.906843573620028342e-10
1.019736842105263186e+01 1.906833042528692185e-10
1.021929824561403422e+01 1.906833511437356174e-10
1.024122807017543835e+01 1.906875980346019852e-10
1.026315789473684070e+01 1.906876449254683841e-10
1.028508771929824483e+01 1.906876918163347571e-10
1.030701754385964897e+01 1.906575387072011451e-10
1.032894736842105132e+01 1.906575855980675182e-10
1.035087719298245545e+01 1.906571324889339387e-10
1.037280701754385959e+01 1.906571793798003117e-10
1.039473684210526194e+01 1.906583262706666994e-10
1.041666666666666607e+01 1.906583731615330725e-10
1.043859649122807021e+01 1.906584200523994714e-10
1.046052631578947256e+01 1.906432669432658588e-10
1.048245614035087669e+01 1.906433138341322319e-10
1.050438596491228083e+01 1.906356607249986061e-10
1.052631578947368318e+01 1.906357076158649792e-10
1.054824561403508731e+01 1.906357545067313781e-10
1.057017543859649145e+01 1.906412013975977665e-10
1.059210526315789380e+01 1.906412482884641654e-10
1.061403508771929793e+01 1.906202951793305393e-10
1.063596491228070029e+01 1.906203420701969382e-10
1.065789473684210442e+01 1.906359889610632951e-10
1.067982456140350855e+01 1.906360358519296941e-10
1.070175438596491091e+01 1.906360827427960671e-10
1.072368421052631504e+01 1.906286296336624792e-10
1.074561403508771917e+01 1.906286765245288523e-10
1.076754385964912153e+01 1.906282234153952469e-10
1.078947368421052566e+01 1.906282703062616200e-10
1.081140350877192979e+01 1.906193171971280193e-10
1.083333333333333215e+01 1.906193640879943923e-10
1.085526315789473628e+01 1.906194109788607912e-10
1.087719298245614041e+01 1.906194578697271643e-10
1.089912280701754277e+01 1.906143047605935600e-10
1.092105263157894690e+01 1.906143516514599330e-10
1.094298245614035103e+01 1.906161985423263371e-10
1.096491228070175339e+01 1.906162454331927101e-10
1.098684210526315752e+01 1.906098923240590852e-10
1.100877192982456165e+01 1.906099392149254841e-10
1.103070175438596401e+01 1.906099861057918572e-10
1.105263157894736814e+01 1.906062329966582597e-10
1.107456140350877050e+01 1.906093798875246386e-10
1.109649122807017463e+01 1.906094267783910376e-10
1.111842105263157876e+01 1.906094736692574106e-10
1.114035087719298112e+01 1.906078205601238105e-10
1.116228070175438525e+01 1.906078674509901835e-10
1.118421052631578938e+01 1.905802143418565671e-10
1.120614035087719174e+01 1.905802612327229402e-10
1.122807017543859587e+01 1.905803081235893391e-10
1.125000000000000000e+01 1.906102550144557050e-10
1.127192982456140236e+01 1.906103019053221039e-10
1.129385964912280649e+01 1.905879487961884968e-10
1.131578947368421062e+01 1.905879956870548957e-10
1.133771929824561298e+01 1.905980425779212512e-10
1.135964912280701711e+01 1.905980894687876501e-10
1.138157894736842124e+01 1.905973363596540266e-10
1.140350877192982360e+01 1.905973832505204255e-10
1.142543859649122773e+01 1.905974301413867986e-10
1.144736842105263008e+01 1.905918770322531960e-10
1.146929824561403422e+01 1.905919239231195691e-10
1.149122807017543835e+01 1.905931708139859369e-10
1.151315789473684070e+01 1.905932177048523359e-10
1.153508771929824483e+01 1.905921645957187202e-10
1.155701754385964897e+01 1.905922114865851191e-10
1.157894736842105132e+01 1.905803583774514986e-10
1.160087719298245545e+01 1.905804052683178975e-10
1.162280701754385959e+01 1.905804521591842706e-10
1.164473684210526194e+01 1.905836990500506556e-10
1.166666666666666607e+01 1.905837459409170287e-10
1.168859649122807021e+01 1.905822928317834406e-10
1.171052631578947256e+01 1.905823397226498137e-10
1.173245614035087669e+01 1.905783866135162041e-10
1.175438596491228083e+01 1.905784335043825772e-10
1.177631578947368318e+01 1.905784803952489761e-10
1.179824561403508731e+01 1.905927272861153521e-10
1.182017543859649145e+01 1.905927741769817510e-10
1.184210526315789380e+01 1.905776210678481126e-10
1.186403508771929793e+01 1.905776679587145115e-10
1.188596491228070029e+01 1.905888148495809074e-10
1.190789473684210442e+01 1.905888617404473063e-10
1.192982456140350855e+01 1.905889086313136794e-10
1.195175438596491091e+01 1.905930555221800669e-10
1.197368421052631504e+01 1.905931024130464400e-10
1.199561403508771917e+01 1.905865493039128030e-10
1.201754385964912153e+01 1.905865961947792019e-10
1.203947368421052566e+01 1.905759430856455762e-10
1.206140350877192979e+01 1.905759899765119751e-10
1.208333333333333215e+01 1.905730368673783483e-10
1.210526315789473628e+01 1.905730837582447472e-10
1.212719298245614041e+01 1.905731306491111203e-10
1.214912280701754277e+01 1.905750775399775304e-10
1.217105263157894690e+01 1.905751244308439034e-10
1.219298245614035103e+01 1.905667713217103130e-10
1.221491228070175339e+01 1.905668182125766861e-10
1.223684210526315752e+01 1.905755651034430666e-10
1.225877192982455988e+01 1.905756119943094396e-10
1.228070175438596401e+01 1.905722588851758404e-10
1.230263157894736814e+01 1.905723057760422135e-10
1.232456140350877050e+01 1.905789526669086225e-10
1.234649122807017463e+01 1.905789995577749955e-10
1.236842105263157876e+01 1.905790464486413944e-10
1.239035087719298112e+01 1.905699933395077618e-10
1.241228070175438525e+01 1.905700402303741607e-10
1.243421052631578938e+01 1.905776871212405266e-10
1.245614035087719174e+01 1.905777340121069255e-10
1.247807017543859587e+01 1.905750809029733168e-10
1.250000000000000000e+01 1.905751277938396899e-10
1.252192982456140236e+01 1.905751746847060888e-10
1.254385964912280649e+01 1.905707215755724491e-10
1.256578947368421062e+01 1.905707684664388480e-10
1.258771929824561298e+01 1.905652153573052196e-10
1.260964912280701711e+01 1.905652622481716185e-10
1.263157894736842124e+01 1.905653091390379916e-10
1.265350877192982360e+01 1.905581560299043959e-10
1.267543859649122773e+01 1.905582029207707690e-10
1.269736842105263008e+01 1.905582498116371679e-10
1.271929824561403422e+01 1.905608967025035426e-10
1.274122807017543835e+01 1.905609435933699415e-10
1.276315789473684070e+01 1.905574904842363104e-10
1.278508771929824483e+01 1.905575373751027093e-10
1.280701754385964897e+01 1.905575842659690824e-10
1.282894736842105132e+01 1.905604311568354691e-10
1.285087719298245545e+01 1.905604780477018422e-10
1.287280701754385959e+01 1.905577249385682533e-10
1.289473684210526194e+01 1.905577718294346263e-10
1.291666666666666607e+01 1.905635187203010328e-10
1.293859649122807021e+01 1.905635656111674059e-10
1.296052631578947256e+01 1.905634125020337927e-10
1.298245614035087669e+01 1.905634593929001658e-10
1.300438596491228083e+01 1.905635062837665389e-10
1.302631578947368318e+01 1.905545531746329381e-10
1.304824561403508731e+01 1.905546000654993112e-10
1.307017543859648967e+01 1.905710469563657164e-10
1.309210526315789380e+01 1.905710938472320894e-10
1.311403508771929793e+01 1.905487407380984823e-10
1.313596491228070029e+01 1.905487876289648554e-10
1.315789473684210442e+01 1.905589345198312686e-10
1.317982456140350855e+01 1.905589814106976416e-10
1.320175438596491091e+01 1.905590283015640405e-10
1.322368421052631504e+01 1.905544751924303948e-10
1.324561403508771917e+01 1.905545220832967938e-10
1.326754385964912153e+01 1.905441689741631862e-10
1.328947368421052566e+01 1.905442158650295851e-10
1.331140350877192979e+01 1.905502627558959579e-10
1.333333333333333215e+01 1.905503096467623568e-10
1.335526315789473628e+01 1.905503565376287299e-10
1.337719298245614041e+01 1.905609034284951155e-10
1.339912280701754277e+01 1.905609503193614886e-10
1.342105263157894690e+01 1.905498972102278905e-10
1.344298245614034926e+01 1.905499441010942636e-10
1.346491228070175339e+01 1.905589909919606363e-10
1.348684210526315752e+01 1.905590378828270352e-10
1.350877192982455988e+01 1.905590847736934083e-10
1.353070175438596401e+01 1.905662316645597957e-10
1.355263157894736814e+01 1.905662785554261688e-10
1.357456140350877050e+01 1.905425254462925807e-10
1.359649122807017463e+01 1.905425723371589537e-10
1.361842105263157876e+01 1.905653192280253509e-10
1.364035087719298112e+01 1.905653661188917240e-10
1.366228070175438525e+01 1.905445130097581297e-10
1.368421052631578938e+01 1.905445599006245028e-10
1.370614035087719174e+01 1.905446067914909017e-10
1.372807017543859587e+01 1.905530536823572641e-10
1.375000000000000000e+01 1.905531005732236630e-10
1.377192982456140236e+01 1.905468474640900441e-10
1.379385964912280649e+01 1.905468943549564430e-10
1.381578947368421062e+01 1.905469412458228161e-10
1.383771929824561298e+01 1.905483881366892218e-10
1.385964912280701711e+01 1.905484350275555949e-10
1.388157894736841946e+01 1.905440819184219871e-10
1.390350877192982360e+01 1.905441288092883602e-10
1.392543859649122773e+01 1.905517757001547519e-10
1.394736842105263008e+01 1.905518225910211250e-10
1.396929824561403422e+01 1.905518694818874980e-10
1.399122807017543835e+01 1.905468163727538997e-10
1.401315789473684070e+01 1.905468632636202728e-10
1.403508771929824483e+01 1.905566101544866619e-10
1.405701754385964897e+01 1.905566570453530349e-10
1.407894736842105132e+01 1.905567039362194338e-10
1.410087719298245545e+01 1.905595508270858206e-10
1.412280701754385959e+01 1.905595977179522195e-10
1.414473684210526194e+01 1.905540446088185911e-10
1.416666666666666607e+01 1.905540914996849900e-10
1.418859649122807021e+01 1.905564383905513724e-10
1.421052631578947256e+01 1.905564852814177714e-10
1.423245614035087669e+01 1.905565321722841444e-10
1.425438596491227905e+01 1.905565790631505433e-10
1.427631578947368318e+01 1.905496259540169081e-10
1.429824561403508731e+01 1.905496728448833070e-10
1.432017543859648967e+01 1.905527197357496799e-10
1.434210526315789380e+01 1.905527666266160788e-10
1.436403508771929793e+01 1.905569135174824406e-10
1.438596491228070029e+01 1.905569604083488395e-10
1.440789473684210442e+01 1.905376072992152322e-10
1.442982456140350855e+01 1.905376541900816311e-10
1.445175438596491091e+01 1.905580010809479871e-10
1.447368421052631504e+01 1.905580479718143601e-10
1.449561403508771917e+01 1.905580948626807591e-10
1.451754385964912153e+01 1.905524417535471504e-10
1.453947368421052566e+01 1.905524886444135493e-10
1.456140350877192979e+01 1.905585355352799222e-10
1.458333333333333215e+01 1.905585824261463211e-10
1.460526315789473628e+01 1.905586293170126942e-10
1.462719298245614041e+01 1.905572762078790862e-10
1.464912280701754277e+01 1.905573230987454593e-10
1.467105263157894690e+01 1.905591699896118633e-10
1.469298245614034926e+01 1.905592168804782364e-10
1.471491228070175339e+01 1.905471637713446297e-10
1.473684210526315752e+01 1.905472106622110028e-10
1.475877192982455988e+01 1.905595575530773935e-10
1.478070175438596401e+01 1.905596044439437666e-10
1.480263157894736814e+01 1.905596513348101655e-10
1.482456140350877050e+01 1.905461982256765520e-10
1.484649122807017463e+01 1.905462451165429509e-10
1.486842105263157876e+01 1.905460920074093119e-10
1.489035087719298112e+01 1.905461388982757108e-10
1.491228070175438525e+01 1.905514857891420932e-10
1.493421052631578938e+01 1.905515326800084921e-10
1.495614035087719174e+01 1.905515795708748652e-10
1.497807017543859587e+01 1.905436264617412213e-10
1.500000000000000000e+01 1.905436733526076202e-10
1.502192982456140236e+01 1.905628202434740072e-10
1.504385964912280649e+01 1.905628671343404061e-10
1.506578947368420884e+01 1.905611140252067741e-10
1.508771929824561298e+01 1.905611609160731730e-10
1.510964912280701711e+01 1.905542078069395377e-10
1.513157894736841946e+01 1.905542546978059366e-10
1.515350877192982360e+01 1.905543015886723097e-10
1.517543859649122773e+01 1.905593484795387257e-10
1.519736842105263008e+01 1.905593953704050987e-10
1.521929824561403422e+01 1.905596422612714838e-10
1.524122807017543835e+01 1.905596891521378569e-10
1.526315789473684070e+01 1.905503360430042579e-10
1.528508771929824483e+01 1.905503829338706310e-10
1.530701754385964897e+01 1.905504298247370299e-10
1.532894736842105132e+01 1.905528767156034184e-10
1.535087719298245545e+01 1.905529236064698173e-10
1.537280701754385959e+01 1.905515704973361835e-10
1.539473684210526194e+01 1.905516173882025824e-10
1.541666666666666607e+01 1.905385642790689414e-10
1.543859649122806843e+01 1.905386111699353403e-10
1.546052631578947256e+01 1.905528580608017162e-10
1.548245614035087669e+01 1.905529049516680893e-10
1.550438596491227905e+01 1.905529518425344882e-10
1.552631578947368318e+01 1.905506987334008778e-10
1.554824561403508731e+01 1.905507456242672767e-10
1.557017543859648967e+01 1.905489925151336446e-10
1.559210526315789380e+01 1.905490394060000436e-10
1.561403508771929793e+01 1.905584862968664145e-10
1.563596491228070029e+01 1.905585331877328135e-10
1.565789473684210442e+01 1.905540800785991738e-10
1.567982456140350855e+01 1.905541269694655727e-10
1.570175438596491091e+01 1.905541738603319458e-10
1.572368421052631504e+01 1.905493207511983595e-10
1.574561403508771917e+01 1.905493676420647326e-10
1.576754385964912153e+01 1.905597145329311320e-10
1.578947368421052566e+01 1.905597614237975050e-10
1.581140350877192979e+01 1.905487083146639069e-10
1.583333333333333215e+01 1.905487552055302800e-10
1.585526315789473628e+01 1.905488020963966789e-10
1.587719298245613864e+01 1.905539489872630492e-10
1.589912280701754277e+01 1.905539958781294481e-10
1.592105263157894690e+01 1.905536427689958229e-10
1.594298245614034926e+01 1.905536896598622219e-10
1.596491228070175339e+01 1.905433365507285884e-10
1.598684210526315752e+01 1.905433834415949615e-10
1.600877192982456165e+01 1.905434303324613604e-10
1.603070175438596578e+01 1.905480772233277264e-10
1.605263157894736636e+01 1.905481241141941253e-10
1.607456140350877050e+01 1.905481710050604984e-10
1.609649122807017463e+01 1.905443178959268949e-10
1.611842105263157876e+01 1.905443647867932679e-10
1.614035087719298289e+01 1.905519116776596795e-10
1.616228070175438347e+01 1.905519585685260526e-10
1.618421052631578760e+01 1.905520054593924515e-10
1.620614035087719174e+01 1.905594523502588312e-10
1.622807017543859587e+01 1.905594992411252301e-10
1.625000000000000000e+01 1.905519461319915845e-10
1.627192982456140413e+01 1.905519930228579834e-10
1.629385964912280471e+01 1.905510399137243737e-10
1.631578947368420884e+01 1.905510868045907726e-10
1.633771929824561298e+01 1.905511336954571457e-10
1.635964912280701711e+01 1.905443805863235483e-10
1.638157894736842124e+01 1.905444274771899214e-10
1.640350877192982537e+01 1.905472743680563081e-10
1.642543859649122595e+01 1.905473212589226812e-10
1.644736842105263008e+01 1.905498681497890757e-10
1.646929824561403422e+01 1.905499150406554488e-10
1.649122807017543835e+01 1.905499619315218219e-10
1.651315789473684248e+01 1.905499088223882147e-10
1.653508771929824306e+01 1.905499557132545878e-10
1.655701754385964719e+01 1.905367026041209864e-10
1.657894736842105132e+01 1.905367494949873594e-10
1.660087719298245545e+01 1.905367963858537584e-10
1.662280701754385959e+01 1.905589432767201452e-10
1.664473684210526372e+01 1.905589901675865442e-10
1.666666666666666430e+01 1.905493370584529271e-10
1.668859649122806843e+01 1.905493839493193260e-10
1.671052631578947256e+01 1.905608308401856883e-10
1.673245614035087669e+01 1.905608777310520872e-10
1.675438596491228083e+01 1.905609246219184603e-10
1.677631578947368496e+01 1.905645715127848694e-10
1.679824561403508554e+01 1.905646184036512424e-10
1.682017543859648967e+01 1.905489652945176256e-10
1.684210526315789380e+01 1.905490121853839987e-10
1.686403508771929793e+01 1.905490590762503976e-10
1.688596491228070207e+01 1.905459059671167845e-10
1.690789473684210265e+01 1.905459528579831835e-10
1.692982456140350678e+01 1.905477997488495358e-10
1.695175438596491091e+01 1.905478466397159088e-10
1.697368421052631504e+01 1.905478935305823078e-10
1.699561403508771917e+01 1.905437404214486862e-10
1.701754385964912331e+01 1.905437873123150851e-10
1.703947368421052388e+01 1.905463342031814537e-10
1.706140350877192802e+01 1.905463810940478527e-10
1.708333333333333215e+01 1.905518279849142410e-10
1.710526315789473628e+01 1.905518748757806399e-10
1.712719298245614041e+01 1.905519217666470130e-10
1.714912280701754455e+01 1.905415686575134054e-10
1.717105263157894512e+01 1.905416155483797785e-10
1.719298245614034926e+01 1.905552624392461700e-10
1.721491228070175339e+01 1.905553093301125431e-10
1.723684210526315752e+01 1.905519562209789438e-10
1.725877192982456165e+01 1.905520031118453169e-10
1.728070175438596223e+01 1.905553500027117338e-10
1.730263157894736636e+01 1.905553968935781069e-10
1.732456140350877050e+01 1.905554437844445058e-10
1.734649122807017463e+01 1.905629906753108656e-10
1.736842105263157876e+01 1.905630375661772645e-10
1.739035087719298289e+01 1.905540844570436380e-10
1.741228070175438347e+01 1.905541313479100369e-10
1.743421052631578760e+01 1.905494782387764110e-10
1.745614035087719174e+01 1.905495251296427840e-10
1.747807017543859587e+01 1.905495720205091830e-10
1.750000000000000000e+01 1.905478189113755509e-10
1.752192982456140413e+01 1.905478658022419498e-10
1.754385964912280471e+01 1.905522126931083236e-10
1.756578947368420884e+01 1.905522595839747225e-10
1.758771929824561298e+01 1.905447064748411028e-10
1.760964912280701711e+01 1.905447533657075017e-10
1.763157894736842124e+01 1.905448002565738748e-10
1.765350877192982182e+01 1.905448471474402737e-10
1.767543859649122595e+01 1.905490940383066414e-10
1.769736842105263008e+01 1.905491409291730403e-10
1.771929824561403422e+01 1.905536878200394261e-10
1.774122807017543835e+01 1.905537347109058251e-10
1.776315789473684248e+01 1.905516816017722008e-10
1.778508771929824306e+01 1.905517284926385997e-10
1.780701754385964719e+01 1.905590753835049475e-10
1.782894736842105132e+01 1.905591222743713464e-10
1.785087719298245545e+01 1.905591691652377195e-10
1.787280701754385959e+01 1.905537160561041229e-10
1.789473684210526372e+01 1.905537629469704960e-10
1.791666666666666430e+01 1.905643098378369074e-10
1.793859649122806843e+01 1.905643567287032805e-10
1.796052631578947256e+01 1.905427036195696380e-10
1.798245614035087669e+01 1.905427505104360369e-10
1.800438596491228083e+01 1.905427974013024100e-10
1.802631578947368496e+01 1.905537442921688197e-10
1.804824561403508554e+01 1.905537911830351928e-10
1.807017543859648967e+01 1.905475380739015997e-10
1.809210526315789380e+01 1.905475849647679728e-10
1.811403508771929793e+01 1.905410318556343616e-10
1.813596491228070207e+01 1.905410787465007347e-10
1.815789473684210265e+01 1.905513256373671280e-10
1.817982456140350678e+01 1.905513725282335011e-10
1.820175438596491091e+01 1.905514194190999000e-10
1.822368421052631504e+01 1.905565663099662703e-10
1.824561403508771917e+01 1.905566132008326692e-10
1.826754385964912331e+01 1.905589600916990517e-10
1.828947368421052388e+01 1.905590069825654506e-10
1.831140350877192802e+01 1.905558538734318375e-10
1.833333333333333215e+01 1.905559007642982365e-10
1.835526315789473628e+01 1.905559476551646095e-10
1.837719298245614041e+01 1.905630945460309970e-10
1.839912280701754455e+01 1.905631414368973700e-10
1.842105263157894512e+01 1.905511883277637694e-10
1.844298245614034926e+01 1.905512352186301425e-10
1.846491228070175339e+01 1.905608821094965255e-10
1.848684210526315752e+01 1.905609290003629244e-10
1.850877192982456165e+01 1.905609758912292975e-10
1.853070175438596223e+01 1.905510227820956882e-10
1.855263157894736636e+01 1.905510696729620613e-10
1.857456140350877050e+01 1.905551165638284686e-10
1.859649122807017463e+01 1.905551634546948417e-10
1.861842105263157876e+01 1.905581103455612345e-10
1.864035087719298289e+01 1.905581572364276075e-10
1.866228070175438347e+01 1.905468041272939914e-10
1.868421052631578760e+01 1.905468510181603644e-10
1.870614035087719174e+01 1.905468979090267634e-10
1.872807017543859587e+01 1.905550447998931335e-10
1.875000000000000000e+01 1.905550916907595325e-10
1.877192982456140413e+01 1.905605385816259208e-10
1.879385964912280471e+01 1.905605854724923197e-10
1.881578947368420884e+01 1.905570323633586826e-10
1.883771929824561298e+01 1.905570792542250815e-10
1.885964912280701711e+01 1.905570261450914744e-10
1.888157894736842124e+01 1.905570730359578733e-10
1.890350877192982182e+01 1.905571199268242464e-10
1.892543859649122595e+01 1.905679668176906242e-10
1.894736842105263008e+01 1.905680137085569973e-10
1.896929824561403422e+01 1.905444605994233695e-10
1.899122807017543835e+01 1.905445074902897684e-10
1.901315789473684248e+01 1.905631543811561511e-10
1.903508771929824306e+01 1.905632012720225501e-10
1.905701754385964719e+01 1.905510481628889115e-10
1.907894736842105132e+01 1.905510950537553104e-10
1.910087719298245545e+01 1.905511419446216835e-10
1.912280701754385959e+01 1.905507888354880842e-10
1.914473684210526372e+01 1.905508357263544572e-10
1.916666666666666430e+01 1.905564826172208577e-10
1.918859649122806843e+01 1.905565295080872307e-10
1.921052631578947256e+01 1.905634763989536320e-10
1.923245614035087669e+01 1.905635232898200050e-10
1.925438596491228083e+01 1.905635701806864040e-10
1.927631578947368141e+01 1.905650170715527839e-10
1.929824561403508554e+01 1.905650639624191828e-10
1.932017543859648967e+01 1.905728108532855547e-10
1.934210526315789380e+01 1.905728577441519536e-10
1.936403508771929793e+01 1.905608046350183211e-10
1.938596491228070207e+01 1.905608515258847200e-10
1.940789473684210265e+01 1.905608984167510931e-10
1.942982456140350678e+01 1.905609453076174920e-10
1.945175438596491091e+01 1.905763921984838628e-10
1.947368421052631504e+01 1.905764390893502358e-10
1.949561403508771917e+01 1.905738859802166331e-10
1.951754385964912331e+01 1.905739328710830062e-10
1.953947368421052388e+01 1.905674797619494269e-10
1.956140350877192802e+01 1.905675266528158000e-10
1.958333333333333215e+01 1.905675735436821989e-10
1.960526315789473628e+01 1.905744204345485682e-10
1.962719298245614041e+01 1.905744673254149672e-10
1.964912280701754099e+01 1.905656142162813207e-10
1.967105263157894512e+01 1.905656611071477197e-10
1.969298245614034926e+01 1.905553079980141121e-10
1.971491228070175339e+01 1.905553548888805110e-10
1.973684210526315752e+01 1.905764017797468833e-10
1.975877192982456165e+01 1.905764486706132822e-10
1.978070175438596223e+01 1.905764955614796552e-10
1.980263157894736636e+01 1.905583424523460428e-10
1.982456140350877050e+01 1.905583893432124159e-10
1.984649122807017463e+01 1.905790362340788157e-10
1.986842105263157876e+01 1.905790831249451888e-10
1.989035087719298289e+01 1.905687300158115812e-10
1.991228070175438347e+01 1.905687769066779543e-10
1.993421052631578760e+01 1.905688237975443532e-10
1.995614035087719174e+01 1.905731706884107269e-10
1.997807017543859587e+01 1.905732175792771000e-10
