0.000000000000000000e+00 1.921847000000000012e-10
2.188183807439824866e-02 1.921847112997611432e-10
4.376367614879649731e-02 1.923366225995222906e-10
6.564551422319474250e-02 1.923366338992834584e-10
8.752735229759299462e-02 1.922446451990445866e-10
1.094091903719912467e-01 1.922446564988057286e-10
1.312910284463894850e-01 1.922446677985668705e-10
1.531728665207877371e-01 1.923075790983280299e-10
1.750547045951859892e-01 1.923075903980891719e-10
1.969365426695842414e-01 1.922216016978503257e-10
2.188183807439824935e-01 1.922216129976114677e-10
2.407002188183807456e-01 1.922216242973726097e-10
2.625820568927789700e-01 1.923206355971337479e-10
2.844638949671772221e-01 1.923206468968948898e-10
3.063457330415754742e-01 1.921573581966560371e-10
3.282275711159737264e-01 1.921573694964172050e-10
3.501094091903719785e-01 1.922659807961783531e-10
3.719912472647702306e-01 1.922659920959394951e-10
3.938730853391684827e-01 1.922410033957006294e-10
4.157549234135667349e-01 1.922410146954617714e-10
4.376367614879649870e-01 1.922410259952229133e-10
4.595185995623632391e-01 1.921392372949840971e-10
4.814004376367614912e-01 1.921392485947452390e-10
5.032822757111596879e-01 1.923860598945063682e-10
5.251641137855579400e-01 1.923860711942675102e-10
5.470459518599561921e-01 1.921882824940286458e-10
5.689277899343544442e-01 1.921882937937897878e-10
5.908096280087526964e-01 1.923179050935509611e-10
6.126914660831509485e-01 1.923179163933121030e-10
6.345733041575492006e-01 1.923179276930732450e-10
6.564551422319474527e-01 1.922811389928343918e-10
6.783369803063457049e-01 1.922811502925955338e-10
7.002188183807439570e-01 1.922817615923566602e-10
7.221006564551422091e-01 1.922817728921178280e-10
7.439824945295404612e-01 1.922817841918789700e-10
7.658643326039387134e-01 1.922817954916401119e-10
7.877461706783369655e-01 1.922957067914012646e-10
8.096280087527352176e-01 1.922957180911624065e-10
8.315098468271334697e-01 1.923207293909235820e-10
8.533916849015317219e-01 1.923207406906847240e-10
8.752735229759299740e-01 1.921526519904458663e-10
8.971553610503282261e-01 1.921526632902070083e-10
9.190371991247264782e-01 1.921526745899681502e-10
9.409190371991247304e-01 1.923466858897292762e-10
9.628008752735229825e-01 1.923466971894904440e-10
9.846827133479212346e-01 1.921810084892516018e-10
1.006564551422319376e+00 1.921810197890127437e-10
1.028446389496717739e+00 1.921810310887738857e-10
1.050328227571115880e+00 1.923268423885350273e-10
1.072210065645514243e+00 1.923268536882961693e-10
1.094091903719912384e+00 1.922886649880573351e-10
1.115973741794310747e+00 1.922886762878184770e-10
1.137855579868708888e+00 1.922802875875796038e-10
1.159737417943107252e+00 1.922802988873407458e-10
1.181619256017505393e+00 1.922803101871018878e-10
1.203501094091903756e+00 1.922800214868630375e-10
1.225382932166301897e+00 1.922800327866242053e-10
1.247264770240700260e+00 1.923573440863853538e-10
1.269146608315098401e+00 1.923573553861464958e-10
1.291028446389496764e+00 1.923573666859076377e-10
1.312910284463894905e+00 1.922380779856687748e-10
1.334792122538293269e+00 1.922380892854299167e-10
1.356673960612691410e+00 1.922341005851910761e-10
1.378555798687089773e+00 1.922341118849522180e-10
1.400437636761487914e+00 1.923416231847133775e-10
1.422319474835886055e+00 1.923416344844745194e-10
1.444201312910284418e+00 1.921221457842356654e-10
1.466083150984682559e+00 1.921221570839968074e-10
1.487964989059080922e+00 1.921221683837579752e-10
1.509846827133479064e+00 1.923753796835191024e-10
1.531728665207877427e+00 1.923753909832802443e-10
1.553610503282275568e+00 1.922332022830413969e-10
1.575492341356673931e+00 1.922332135828025388e-10
1.597374179431072072e+00 1.923172248825637035e-10
1.619256017505470435e+00 1.923172361823248454e-10
1.641137855579868576e+00 1.923172474820859874e-10
1.663019693654266939e+00 1.923195587818471129e-10
1.684901531728665081e+00 1.923195700816082549e-10
1.706783369803063444e+00 1.923099813813694127e-10
1.728665207877461585e+00 1.923099926811305805e-10
1.750547045951859948e+00 1.923262039808917167e-10
1.772428884026258089e+00 1.923262152806528587e-10
1.794310722100656452e+00 1.923161265804140122e-10
1.816192560175054593e+00 1.923161378801751542e-10
1.838074398249452956e+00 1.923161491799362962e-10
1.859956236323851098e+00 1.922477604796974511e-10
1.881838074398249461e+00 1.922477717794585930e-10
1.903719912472647602e+00 1.921850830792197296e-10
1.925601750547045965e+00 1.921850943789808716e-10
1.947483588621444106e+00 1.923031056787420177e-10
1.969365426695842469e+00 1.923031169785031596e-10
1.991247264770240610e+00 1.921209282782643309e-10
2.013129102844638751e+00 1.921209395780254729e-10
2.035010940919037115e+00 1.921209508777866149e-10
2.056892778993435478e+00 1.922888621775477703e-10
2.078774617067833841e+00 1.922888734773089122e-10
2.100656455142231760e+00 1.922824847770700303e-10
2.122538293216630123e+00 1.922824960768311981e-10
2.144420131291028486e+00 1.923475073765923549e-10
2.166301969365426405e+00 1.923475186763534968e-10
2.188183807439824768e+00 1.923093299761146368e-10
2.210065645514223132e+00 1.923093412758757788e-10
2.231947483588621495e+00 1.923093525756369207e-10
2.253829321663019414e+00 1.923400638753980779e-10
2.275711159737417777e+00 1.923400751751592199e-10
2.297592997811816140e+00 1.922838864749203605e-10
2.319474835886214503e+00 1.922838977746815025e-10
2.341356673960612422e+00 1.922839090744426444e-10
2.363238512035010785e+00 1.922839203742038123e-10
2.385120350109409149e+00 1.922817316739649767e-10
2.407002188183807512e+00 1.922817429737261187e-10
2.428884026258205431e+00 1.921919542734872503e-10
2.450765864332603794e+00 1.921919655732483922e-10
2.472647702407002157e+00 1.922337768730095205e-10
2.494529540481400520e+00 1.922337881727706884e-10
2.516411378555798439e+00 1.922337994725318303e-10
2.538293216630196802e+00 1.922929107722929933e-10
2.560175054704595166e+00 1.922929220720541353e-10
2.582056892778993529e+00 1.921422333718152666e-10
2.603938730853391448e+00 1.921422446715764086e-10
2.625820568927789811e+00 1.921422559713375764e-10
2.647702407002188174e+00 1.923992672710987258e-10
2.669584245076586537e+00 1.923992785708598678e-10
2.691466083150984456e+00 1.921975898706210010e-10
2.713347921225382819e+00 1.921976011703821430e-10
2.735229759299781183e+00 1.923576124701432875e-10
2.757111597374179546e+00 1.923576237699044553e-10
2.778993435448577465e+00 1.923576350696655973e-10
2.800875273522975828e+00 1.922925463694267443e-10
2.822757111597374191e+00 1.922925576691878863e-10
2.844638949671772110e+00 1.922616689689490268e-10
2.866520787746170473e+00 1.922616802687101688e-10
2.888402625820568836e+00 1.922276915684713293e-10
2.910284463894967200e+00 1.922277028682324712e-10
2.932166301969365119e+00 1.922277141679936132e-10
2.954048140043763482e+00 1.922597254677547712e-10
2.975929978118161845e+00 1.922597367675159132e-10
2.997811816192560208e+00 1.921816480672770521e-10
3.019693654266958127e+00 1.921816593670382199e-10
3.041575492341356490e+00 1.921469706667993640e-10
3.063457330415754853e+00 1.921469819665605060e-10
3.085339168490153217e+00 1.921469932663216479e-10
3.107221006564551136e+00 1.923072045660827787e-10
3.129102844638949499e+00 1.923072158658439465e-10
3.150984682713347862e+00 1.921516271656050926e-10
3.172866520787746225e+00 1.921516384653662346e-10
3.194748358862144144e+00 1.923744497651273647e-10
3.216630196936542507e+00 1.923744610648885066e-10
3.238512035010940870e+00 1.923744723646496486e-10
3.260393873085339234e+00 1.922315836644108365e-10
3.282275711159737153e+00 1.922315949641719784e-10
3.304157549234135516e+00 1.923285062639331193e-10
3.326039387308533879e+00 1.923285175636942613e-10
3.347921225382932242e+00 1.922740288634554010e-10
3.369803063457330161e+00 1.922740401632165430e-10
3.391684901531728524e+00 1.922994514629776909e-10
3.413566739606126887e+00 1.922994627627388328e-10
3.435448577680525251e+00 1.922994740624999748e-10
3.457330415754923170e+00 1.921837853622611220e-10
3.479212253829321533e+00 1.921837966620222640e-10
3.501094091903719896e+00 1.922838079617834108e-10
3.522975929978117815e+00 1.922838192615445786e-10
3.544857768052516178e+00 1.922617305613057326e-10
3.566739606126914541e+00 1.922617418610668745e-10
3.588621444201312904e+00 1.922617531608280165e-10
3.610503282275710824e+00 1.921122644605891426e-10
3.632385120350109187e+00 1.921122757603502846e-10
3.654266958424507550e+00 1.924013870601114561e-10
3.676148796498905913e+00 1.924013983598725980e-10
3.698030634573303832e+00 1.921358096596337311e-10
3.719912472647702195e+00 1.921358209593948731e-10
3.741794310722100558e+00 1.921358322591560150e-10
3.763676148796498921e+00 1.923236435589171551e-10
3.785557986870896841e+00 1.923236548586783229e-10
3.807439824945295204e+00 1.922812661584394682e-10
3.829321663019693567e+00 1.922812774582006101e-10
3.851203501094091930e+00 1.922812887579617521e-10
3.873085339168489849e+00 1.923049000577228949e-10
3.894967177242888212e+00 1.923049113574840627e-10
3.916849015317286575e+00 1.922574226572452108e-10
3.938730853391684938e+00 1.922574339570063527e-10
3.960612691466082858e+00 1.922904452567674935e-10
3.982494529540481221e+00 1.922904565565286354e-10
4.004376367614879584e+00 1.922904678562897774e-10
4.026258205689277503e+00 1.921927791560509498e-10
4.048140043763676310e+00 1.921927904558120917e-10
4.070021881838074229e+00 1.922268017555732410e-10
4.091903719912472148e+00 1.922268130553343830e-10
4.113785557986870955e+00 1.922800243550955264e-10
4.135667396061268875e+00 1.922800356548566684e-10
4.157549234135667682e+00 1.922800469546178362e-10
4.179431072210065601e+00 1.922800582543789781e-10
4.201312910284463520e+00 1.922951695541400997e-10
4.223194748358862327e+00 1.922951808539012417e-10
4.245076586433260246e+00 1.923175921536623897e-10
4.266958424507658165e+00 1.923176034534235317e-10
4.288840262582056972e+00 1.922425147531846963e-10
4.310722100656454892e+00 1.922425260529458382e-10
4.332603938730852811e+00 1.922425373527069802e-10
4.354485776805251618e+00 1.922988486524681295e-10
4.376367614879649537e+00 1.922988599522292715e-10
4.398249452954048344e+00 1.923148712519904215e-10
4.420131291028446263e+00 1.923148825517515893e-10
4.442013129102844182e+00 1.922244938515127364e-10
4.463894967177242989e+00 1.922245051512738784e-10
4.485776805251640909e+00 1.922778164510350019e-10
4.507658643326038828e+00 1.922778277507961439e-10
4.529540481400437635e+00 1.922778390505572859e-10
4.551422319474835554e+00 1.922360503503184673e-10
4.573304157549234361e+00 1.922360616500796093e-10
4.595185995623632280e+00 1.921465729498407331e-10
4.617067833698030199e+00 1.921465842496018751e-10
4.638949671772429006e+00 1.923314955493630212e-10
4.660831509846826926e+00 1.923315068491241890e-10
4.682713347921224845e+00 1.923315181488853310e-10
4.704595185995623652e+00 1.922132294486464766e-10
4.726477024070021571e+00 1.922132407484076186e-10
4.748358862144420378e+00 1.922710520481687549e-10
4.770240700218818297e+00 1.922710633479298969e-10
4.792122538293216216e+00 1.922710746476910647e-10
4.814004376367615023e+00 1.923331859474522275e-10
4.835886214442012943e+00 1.923331972472133695e-10
4.857768052516410862e+00 1.922477085469745018e-10
4.879649890590809669e+00 1.922477198467356438e-10
4.901531728665207588e+00 1.923403311464967839e-10
4.923413566739605507e+00 1.923403424462579518e-10
4.945295404814004314e+00 1.923403537460190937e-10
4.967177242888402233e+00 1.923337650457802256e-10
4.989059080962801040e+00 1.923337763455413676e-10
5.010940919037198960e+00 1.922796876453025055e-10
5.032822757111596879e+00 1.922796989450636475e-10
5.054704595185995686e+00 1.922797102448248153e-10
5.076586433260393605e+00 1.922214215445859586e-10
5.098468271334791524e+00 1.922214328443471006e-10
5.120350109409190331e+00 1.922521441441082578e-10
5.142231947483588250e+00 1.922521554438693997e-10
5.164113785557987057e+00 1.921679667436305328e-10
5.185995623632384977e+00 1.921679780433917007e-10
5.207877461706782896e+00 1.922365893431528417e-10
5.229759299781181703e+00 1.922366006429139837e-10
5.251641137855579622e+00 1.922366119426751257e-10
5.273522975929977541e+00 1.922515232424362610e-10
5.295404814004376348e+00 1.922515345421974030e-10
5.317286652078774267e+00 1.922992458419585768e-10
5.339168490153173074e+00 1.922992571417197187e-10
5.361050328227570994e+00 1.923164684414808635e-10
5.382932166301968913e+00 1.923164797412420055e-10
5.404814004376367720e+00 1.923164910410031474e-10
5.426695842450765639e+00 1.922857023407643199e-10
5.448577680525163558e+00 1.922857136405254618e-10
5.470459518599562365e+00 1.923126249402865967e-10
5.492341356673960284e+00 1.923126362400477387e-10
5.514223194748359091e+00 1.923111475398088936e-10
5.536105032822757011e+00 1.923111588395700356e-10
5.557986870897154930e+00 1.923111701393312034e-10
5.579868708971553737e+00 1.922714814390923305e-10
5.601750547045951656e+00 1.922714927388534725e-10
5.623632385120349575e+00 1.922080040386146126e-10
5.645514223194748382e+00 1.922080153383757545e-10
5.667396061269146301e+00 1.922080266381368965e-10
5.689277899343544220e+00 1.923034379378980762e-10
5.711159737417943028e+00 1.923034492376592182e-10
5.733041575492340947e+00 1.921804605374203648e-10
5.754923413566739754e+00 1.921804718371815068e-10
5.776805251641137673e+00 1.922764831369426451e-10
5.798687089715535592e+00 1.922764944367037870e-10
5.820568927789934399e+00 1.922765057364649549e-10
5.842450765864332318e+00 1.923207170362260986e-10
5.864332603938730237e+00 1.923207283359872406e-10
5.886214442013129045e+00 1.922077396357483696e-10
5.908096280087526964e+00 1.922077509355095115e-10
5.929978118161925771e+00 1.922077622352706535e-10
5.951859956236323690e+00 1.923061735350318331e-10
5.973741794310721609e+00 1.923061848347929751e-10
5.995623632385120416e+00 1.923509961345541033e-10
6.017505470459518335e+00 1.923510074343152452e-10
6.039387308533916254e+00 1.923510187340763872e-10
6.061269146608315062e+00 1.922536300338375518e-10
6.083150984682712981e+00 1.922536413335987196e-10
6.105032822757111788e+00 1.923756526333598484e-10
6.126914660831509707e+00 1.923756639331209903e-10
6.148796498905907626e+00 1.922571752328821238e-10
6.170678336980306433e+00 1.922571865326432658e-10
6.192560175054704352e+00 1.922571978324044336e-10
6.214442013129102271e+00 1.922129091321655936e-10
6.236323851203501079e+00 1.922129204319267356e-10
6.258205689277898998e+00 1.923480317316878785e-10
6.280087527352297805e+00 1.923480430314490205e-10
6.301969365426695724e+00 1.923480543312101624e-10
6.323851203501093643e+00 1.921233656309713310e-10
6.345733041575492450e+00 1.921233769307324730e-10
6.367614879649890369e+00 1.923644882304935946e-10
6.389496717724288288e+00 1.923644995302547365e-10
6.411378555798687096e+00 1.922506108300158889e-10
6.433260393873085015e+00 1.922506221297770308e-10
6.455142231947482934e+00 1.922506334295381986e-10
6.477024070021881741e+00 1.923318447292993496e-10
6.498905908096279660e+00 1.923318560290604916e-10
6.520787746170678467e+00 1.923014673288216364e-10
6.542669584245076386e+00 1.923014786285827784e-10
6.564551422319474305e+00 1.923014899283439203e-10
6.586433260393873113e+00 1.923284012281050811e-10
6.608315098468271032e+00 1.923284125278662231e-10
6.630196936542668951e+00 1.922232238276273570e-10
6.652078774617067758e+00 1.922232351273884989e-10
6.673960612691465677e+00 1.923128464271496392e-10
6.695842450765864484e+00 1.923128577269107812e-10
6.717724288840262403e+00 1.923128690266719490e-10
6.739606126914660322e+00 1.922394803264330868e-10
6.761487964989059130e+00 1.922394916261942288e-10
6.783369803063457049e+00 1.921602029259553729e-10
6.805251641137854968e+00 1.921602142257165149e-10
6.827133479212253775e+00 1.923751255254776599e-10
6.849015317286651694e+00 1.923751368252388277e-10
6.870897155361050501e+00 1.923751481249999697e-10
6.892778993435448420e+00 1.921509594247611167e-10
6.914660831509846339e+00 1.921509707245222587e-10
6.936542669584245147e+00 1.924120820242833968e-10
6.958424507658643066e+00 1.924120933240445646e-10
6.980306345733040985e+00 1.922693046238057068e-10
7.002188183807439792e+00 1.922693159235668488e-10
7.024070021881837711e+00 1.922693272233279907e-10
7.045951859956235630e+00 1.923503385230891296e-10
7.067833698030634437e+00 1.923503498228502716e-10
7.089715536105032356e+00 1.922980611226114405e-10
7.111597374179431164e+00 1.922980724223725825e-10
7.133479212253829083e+00 1.922980837221337244e-10
7.155361050328227002e+00 1.923217950218948733e-10
7.177242888402625809e+00 1.923218063216560152e-10
7.199124726477023728e+00 1.922664176214171524e-10
7.221006564551421647e+00 1.922664289211783202e-10
7.242888402625820454e+00 1.922534402209394541e-10
7.264770240700218373e+00 1.922534515207005960e-10
7.286652078774617181e+00 1.922534628204617380e-10
7.308533916849015100e+00 1.922602741202229021e-10
7.330415754923413019e+00 1.922602854199840441e-10
7.352297592997811826e+00 1.921347967197451951e-10
7.374179431072209745e+00 1.921348080195063371e-10
7.396061269146607664e+00 1.923626193192674842e-10
7.417943107221006471e+00 1.923626306190286261e-10
7.439824945295404390e+00 1.921823419187897569e-10
7.461706783369803198e+00 1.921823532185508988e-10
7.483588621444201117e+00 1.921823645183120666e-10
7.505470459518599036e+00 1.923395758180732233e-10
7.527352297592997843e+00 1.923395871178343653e-10
7.549234135667395762e+00 1.923041984175954931e-10
7.571115973741793681e+00 1.923042097173566350e-10
7.592997811816192488e+00 1.923042210171177770e-10
7.614879649890590407e+00 1.923042323168789448e-10
7.636761487964989215e+00 1.922474436166401010e-10
7.658643326039387134e+00 1.922474549164012430e-10
7.680525164113785053e+00 1.922680662161623859e-10
7.702407002188183860e+00 1.922680775159235278e-10
7.724288840262581779e+00 1.922643888156846794e-10
7.746170678336979698e+00 1.922644001154458214e-10
7.768052516411378505e+00 1.922644114152069634e-10
7.789934354485776424e+00 1.921556227149681129e-10
7.811816192560174343e+00 1.921556340147292549e-10
7.833698030634573151e+00 1.922590453144903998e-10
7.855579868708971070e+00 1.922590566142515676e-10
7.877461706783369877e+00 1.921680679140127044e-10
7.899343544857767796e+00 1.921680792137738464e-10
7.921225382932165715e+00 1.922519905135350050e-10
7.943107221006564522e+00 1.922520018132961469e-10
7.964989059080962441e+00 1.922520131130572889e-10
7.986870897155360360e+00 1.923109244128184398e-10
8.008752735229759168e+00 1.923109357125795818e-10
8.030634573304157087e+00 1.922266470123407347e-10
8.052516411378555006e+00 1.922266583121018767e-10
8.074398249452952925e+00 1.923521696118630096e-10
8.096280087527352620e+00 1.923521809116241516e-10
8.118161925601750539e+00 1.923521922113853194e-10
8.140043763676148458e+00 1.922621035111464587e-10
8.161925601750546377e+00 1.922621148109076007e-10
8.183807439824944296e+00 1.923052261106687557e-10
8.205689277899343992e+00 1.923052374104298976e-10
8.227571115973741911e+00 1.922357487101910379e-10
8.249452954048139830e+00 1.922357600099522057e-10
8.271334792122537749e+00 1.922639713097133415e-10
8.293216630196935668e+00 1.922639826094744834e-10
8.315098468271335364e+00 1.921604939092356164e-10
8.336980306345733283e+00 1.921605052089967584e-10
8.358862144420131202e+00 1.921605165087579003e-10
8.380743982494529121e+00 1.922449278085190891e-10
8.402625820568927040e+00 1.922449391082802310e-10
8.424507658643324959e+00 1.921920504080413638e-10
8.446389496717724654e+00 1.921920617078025058e-10
8.468271334792122573e+00 1.921920730075636477e-10
8.490153172866520492e+00 1.921746843073248265e-10
8.512035010940918411e+00 1.921746956070859685e-10
8.533916849015316330e+00 1.922999069068471092e-10
8.555798687089716026e+00 1.922999182066082511e-10
8.577680525164113945e+00 1.922406295063693859e-10
8.599562363238511864e+00 1.922406408061305278e-10
8.621444201312909783e+00 1.922982521058917038e-10
8.643326039387307702e+00 1.922982634056528458e-10
8.665207877461705621e+00 1.922982747054139877e-10
8.687089715536105317e+00 1.922961860051751065e-10
8.708971553610503236e+00 1.922961973049362485e-10
8.730853391684901155e+00 1.922964086046974025e-10
8.752735229759299074e+00 1.922964199044585703e-10
8.774617067833696993e+00 1.921923312042197188e-10
8.796498905908096688e+00 1.921923425039808608e-10
8.818380743982494607e+00 1.922885538037419853e-10
8.840262582056892526e+00 1.922885651035031273e-10
8.862144420131290445e+00 1.922885764032642693e-10
8.884026258205688364e+00 1.921610877030254548e-10
8.905908096280088060e+00 1.921610990027865968e-10
8.927789934354485979e+00 1.922381103025477272e-10
8.949671772428883898e+00 1.922381216023088692e-10
8.971553610503281817e+00 1.922852329020700068e-10
8.993435448577679736e+00 1.922852442018311487e-10
9.015317286652077655e+00 1.921680555015923348e-10
9.037199124726477351e+00 1.921680668013534768e-10
9.059080962800875270e+00 1.921680781011146187e-10
9.080962800875273189e+00 1.923858894008757576e-10
9.102844638949671108e+00 1.923859007006368996e-10
9.124726477024069027e+00 1.922132120003980231e-10
9.146608315098468722e+00 1.922132233001591909e-10
9.168490153172866641e+00 1.922713345999203453e-10
9.190371991247264560e+00 1.922713458996814873e-10
9.212253829321662479e+00 1.922713571994426292e-10
9.234135667396060398e+00 1.923015684992037821e-10
9.256017505470458318e+00 1.923015797989649499e-10
9.277899343544858013e+00 1.922441910987260700e-10
9.299781181619255932e+00 1.922442023984872119e-10
9.321663019693653851e+00 1.922442136982483539e-10
9.343544857768051770e+00 1.921820249980094948e-10
9.365426695842449689e+00 1.921820362977706367e-10
9.387308533916849385e+00 1.921820475975318045e-10
9.409190371991247304e+00 1.923164588972929569e-10
9.431072210065645223e+00 1.923164701970540989e-10
9.452954048140043142e+00 1.921376814968152425e-10
9.474835886214441061e+00 1.921376927965763844e-10
9.496717724288840756e+00 1.923802040963375129e-10
9.518599562363238675e+00 1.923802153960986807e-10
9.540481400437636594e+00 1.923802266958598227e-10
9.562363238512034513e+00 1.922387379956209657e-10
9.584245076586432432e+00 1.922387492953821077e-10
9.606126914660830352e+00 1.923287605951432721e-10
9.628008752735230047e+00 1.923287718949044140e-10
9.649890590809627966e+00 1.923215831946655614e-10
9.671772428884025885e+00 1.923215944944267034e-10
9.693654266958423804e+00 1.923180057941878610e-10
9.715536105032821723e+00 1.923180170939490030e-10
9.737417943107221419e+00 1.923180283937101449e-10
9.759299781181619338e+00 1.922693396934712724e-10
9.781181619256017257e+00 1.922693509932324402e-10
9.803063457330415176e+00 1.923267622929935783e-10
9.824945295404813095e+00 1.923267735927547202e-10
9.846827133479211014e+00 1.922326848925158770e-10
9.868708971553610709e+00 1.922326961922770189e-10
9.890590809628008628e+00 1.922395074920381572e-10
9.912472647702406547e+00 1.922395187917993250e-10
9.934354485776804466e+00 1.922395300915604670e-10
9.956236323851202386e+00 1.922680413913216208e-10
9.978118161925602081e+00 1.922680526910827627e-10
1.000000000000000000e+01 1.929022639908439013e-10
1.002188183807439792e+01 1.929022752906050692e-10
1.004376367614879584e+01 1.929022865903662111e-10
1.006564551422319376e+01 1.930312978901273482e-10
1.008752735229759345e+01 1.930313091898884902e-10
1.010940919037199137e+01 1.929358204896496401e-10
1.013129102844638929e+01 1.929358317894107820e-10
1.015317286652078721e+01 1.929751430891719406e-10
1.017505470459518513e+01 1.929751543889330826e-10
1.019693654266958305e+01 1.929751656886942245e-10
1.021881838074398274e+01 1.929444769884553771e-10
1.024070021881838066e+01 1.929444882882165191e-10
1.026258205689277858e+01 1.929609995879776475e-10
1.028446389496717650e+01 1.929610108877388153e-10
1.030634573304157442e+01 1.928931221874999487e-10
1.032822757111597411e+01 1.928931334872610906e-10
1.035010940919037203e+01 1.928931447870222326e-10
1.037199124726476995e+01 1.929337560867833920e-10
1.039387308533916787e+01 1.929337673865445339e-10
1.041575492341356579e+01 1.928804786863056943e-10
1.043763676148796549e+01 1.928804899860668363e-10
1.045951859956236341e+01 1.928805012858279782e-10
1.048140043763676132e+01 1.928262125855891300e-10
1.050328227571115924e+01 1.928262238853502720e-10
1.052516411378555716e+01 1.929078351851113953e-10
1.054704595185995508e+01 1.929078464848725632e-10
1.056892778993435478e+01 1.927932577846337250e-10
1.059080962800875270e+01 1.927932690843948669e-10
1.061269146608315062e+01 1.928911803841559905e-10
1.063457330415754853e+01 1.928911916839171325e-10
1.065645514223194645e+01 1.928912029836782745e-10
1.067833698030634615e+01 1.928711142834394456e-10
1.070021881838074407e+01 1.928711255832005876e-10
1.072210065645514199e+01 1.928471368829617305e-10
1.074398249452953991e+01 1.928471481827228724e-10
1.076586433260393783e+01 1.928882594824840103e-10
1.078774617067833574e+01 1.928882707822451781e-10
1.080962800875273544e+01 1.929427820820063223e-10
1.083150984682713336e+01 1.929427933817674643e-10
1.085339168490153128e+01 1.929428046815286062e-10
1.087527352297592920e+01 1.928205159812897433e-10
1.089715536105032712e+01 1.928205272810508853e-10
1.091903719912472681e+01 1.928366385808120672e-10
1.094091903719912473e+01 1.928366498805732091e-10
1.096280087527352265e+01 1.928366611803343511e-10
1.098468271334792057e+01 1.928366724800954931e-10
1.100656455142231849e+01 1.927873837798566360e-10
1.102844638949671818e+01 1.927873950796177780e-10
1.105032822757111610e+01 1.927672063793789431e-10
1.107221006564551402e+01 1.927672176791400851e-10
1.109409190371991194e+01 1.928736289789012299e-10
1.111597374179430986e+01 1.928736402786623719e-10
1.113785557986870778e+01 1.928736515784235138e-10
1.115973741794310747e+01 1.927581628781846473e-10
1.118161925601750539e+01 1.927581741779458151e-10
1.120350109409190331e+01 1.929344854777069598e-10
1.122538293216630123e+01 1.929344967774681018e-10
1.124726477024069915e+01 1.928065080772292572e-10
1.126914660831509885e+01 1.928065193769903992e-10
1.129102844638949676e+01 1.929209306767515351e-10
1.131291028446389468e+01 1.929209419765127029e-10
1.133479212253829260e+01 1.929209532762738449e-10
1.135667396061269052e+01 1.928564645760349764e-10
1.137855579868708844e+01 1.928564758757961183e-10
1.140043763676148814e+01 1.929101871755572660e-10
1.142231947483588606e+01 1.929101984753184080e-10
1.144420131291028397e+01 1.927760097750795774e-10
1.146608315098468189e+01 1.927760210748407194e-10
1.148796498905907981e+01 1.927760323746018614e-10
1.150984682713347951e+01 1.928286436743629945e-10
1.153172866520787743e+01 1.928286549741241364e-10
1.155361050328227535e+01 1.928202662738853149e-10
1.157549234135667326e+01 1.928202775736464569e-10
1.159737417943107118e+01 1.927320888734075815e-10
1.161925601750547088e+01 1.927321001731687235e-10
1.164113785557986880e+01 1.928556114729298650e-10
1.166301969365426672e+01 1.928556227726910070e-10
1.168490153172866464e+01 1.928556340724521748e-10
1.170678336980306256e+01 1.927517453722133354e-10
1.172866520787746047e+01 1.927517566719744773e-10
1.175054704595186017e+01 1.929046679717356075e-10
1.177242888402625809e+01 1.929046792714967494e-10
1.179431072210065601e+01 1.928304905712578908e-10
1.181619256017505393e+01 1.928305018710190586e-10
1.183807439824945185e+01 1.928305131707802006e-10
1.185995623632385154e+01 1.928870244705413619e-10
1.188183807439824946e+01 1.928870357703025039e-10
1.190371991247264738e+01 1.928297470700636299e-10
1.192560175054704530e+01 1.928297583698247719e-10
1.194748358862144322e+01 1.928716696695859321e-10
1.196936542669584114e+01 1.928716809693470741e-10
1.199124726477024083e+01 1.927764922691082162e-10
1.201312910284463875e+01 1.927765035688693582e-10
1.203501094091903667e+01 1.928410148686305106e-10
1.205689277899343459e+01 1.928410261683916526e-10
1.207877461706783251e+01 1.928410374681528204e-10
1.210065645514223220e+01 1.928279487679139740e-10
1.212253829321663012e+01 1.928279600676751160e-10
1.214442013129102804e+01 1.927300713674362505e-10
1.216630196936542596e+01 1.927300826671973924e-10
1.218818380743982388e+01 1.929432939669585384e-10
1.221006564551422358e+01 1.929433052667197062e-10
1.223194748358862149e+01 1.929433165664808482e-10
1.225382932166301941e+01 1.927656278662419805e-10
1.227571115973741733e+01 1.927656391660031225e-10
1.229759299781181525e+01 1.929262504657642773e-10
1.231947483588621317e+01 1.929262617655254451e-10
1.234135667396061287e+01 1.928551730652865665e-10
1.236323851203501079e+01 1.928551843650477085e-10
1.238512035010940870e+01 1.928502956648088653e-10
1.240700218818380662e+01 1.928503069645700072e-10
1.242888402625820454e+01 1.928503182643311492e-10
1.245076586433260424e+01 1.928296295640923101e-10
1.247264770240700216e+01 1.928296408638534520e-10
1.249452954048140008e+01 1.928473521636146011e-10
1.251641137855579800e+01 1.928473634633757430e-10
1.253829321663019591e+01 1.928473747631368850e-10
1.256017505470459561e+01 1.928473860628980270e-10
1.258205689277899353e+01 1.927916973626591978e-10
1.260393873085339145e+01 1.927917086624203397e-10
1.262582056892778937e+01 1.928610199621814713e-10
1.264770240700218729e+01 1.928610312619426133e-10
1.266958424507658520e+01 1.927451425617037484e-10
1.269146608315098490e+01 1.927451538614648904e-10
1.271334792122538282e+01 1.927451651612260582e-10
1.273522975929978074e+01 1.928431764609872137e-10
1.275711159737417866e+01 1.928431877607483557e-10
1.277899343544857658e+01 1.928645990605094951e-10
1.280087527352297627e+01 1.928646103602706370e-10
1.282275711159737419e+01 1.927865216600317759e-10
1.284463894967177211e+01 1.927865329597929438e-10
1.286652078774617003e+01 1.928619442595540811e-10
1.288840262582056795e+01 1.928619555593152231e-10
1.291028446389496587e+01 1.928619668590763651e-10
1.293216630196936556e+01 1.928688781588375094e-10
1.295404814004376348e+01 1.928688894585986513e-10
1.297592997811816140e+01 1.928002007583598140e-10
1.299781181619255932e+01 1.928002120581209560e-10
1.301969365426695724e+01 1.928600233578821094e-10
1.304157549234135693e+01 1.928600346576432514e-10
1.306345733041575485e+01 1.928600459574043934e-10
1.308533916849015277e+01 1.928010572571655462e-10
1.310722100656455069e+01 1.928010685569266882e-10
1.312910284463894861e+01 1.927337798566878318e-10
1.315098468271334831e+01 1.927337911564489738e-10
1.317286652078774623e+01 1.927338024562101157e-10
1.319474835886214414e+01 1.928830137559712555e-10
1.321663019693654206e+01 1.928830250557324233e-10
1.323851203501093998e+01 1.927652363554935732e-10
1.326039387308533790e+01 1.927652476552547152e-10
1.328227571115973760e+01 1.928122589550158726e-10
1.330415754923413552e+01 1.928122702547770145e-10
1.332603938730853343e+01 1.928122815545381565e-10
1.334792122538293135e+01 1.928797928542993088e-10
1.336980306345732927e+01 1.928798041540604508e-10
1.339168490153172897e+01 1.928003154538216087e-10
1.341356673960612689e+01 1.928003267535827507e-10
1.343544857768052481e+01 1.928003380533438926e-10
1.345733041575492273e+01 1.928643493531050149e-10
1.347921225382932064e+01 1.928643606528661828e-10
1.350109409190371856e+01 1.928882719526273436e-10
1.352297592997811826e+01 1.928882832523884856e-10
1.354485776805251618e+01 1.928425945521496129e-10
1.356673960612691410e+01 1.928426058519107549e-10
1.358862144420131202e+01 1.927982171516719089e-10
1.361050328227570994e+01 1.927982284514330767e-10
1.363238512035010963e+01 1.927982397511942187e-10
1.365426695842450755e+01 1.928064510509553638e-10
1.367614879649890547e+01 1.928064623507165057e-10
1.369803063457330339e+01 1.927450736504776431e-10
1.371991247264770131e+01 1.927450849502387851e-10
1.374179431072210100e+01 1.927865962499999470e-10
1.376367614879649892e+01 1.927866075497610890e-10
1.378555798687089684e+01 1.927866188495222310e-10
1.380743982494529476e+01 1.927780301492833715e-10
1.382932166301969268e+01 1.927780414490445135e-10
1.385120350109409060e+01 1.927360527488056829e-10
1.387308533916849029e+01 1.927360640485668249e-10
1.389496717724288821e+01 1.928733753483279711e-10
1.391684901531728613e+01 1.928733866480891131e-10
1.393873085339168405e+01 1.928116979478502582e-10
1.396061269146608197e+01 1.928117092476114002e-10
1.398249452954048166e+01 1.928117205473725680e-10
1.400437636761487958e+01 1.928732318471336947e-10
1.402625820568927750e+01 1.928732431468948367e-10
1.404814004376367542e+01 1.928690544466559840e-10
1.407002188183807334e+01 1.928690657464171259e-10
1.409190371991247126e+01 1.928362770461782812e-10
1.411378555798687096e+01 1.928362883459394490e-10
1.413566739606126887e+01 1.927986996457005735e-10
1.415754923413566679e+01 1.927987109454617154e-10
1.417943107221006471e+01 1.928594222452228715e-10
1.420131291028446263e+01 1.928594335449840134e-10
1.422319474835886233e+01 1.928594448447451554e-10
1.424507658643326025e+01 1.927318561445063091e-10
1.426695842450765817e+01 1.927318674442674511e-10
1.428884026258205608e+01 1.927975787440285983e-10
1.431072210065645400e+01 1.927975900437897403e-10
1.433260393873085370e+01 1.927976013435508822e-10
1.435448577680525162e+01 1.927976126433120242e-10
1.437636761487964954e+01 1.927610239430731830e-10
1.439824945295404746e+01 1.927610352428343250e-10
1.442013129102844537e+01 1.929458465425954651e-10
1.444201312910284329e+01 1.929458578423566071e-10
1.446389496717724299e+01 1.928486691421177579e-10
1.448577680525164091e+01 1.928486804418788999e-10
1.450765864332603883e+01 1.928486917416400677e-10
1.452954048140043675e+01 1.929236030414012008e-10
1.455142231947483467e+01 1.929236143411623428e-10
1.457330415754923436e+01 1.928591256409235001e-10
1.459518599562363228e+01 1.928591369406846421e-10
1.461706783369803020e+01 1.929250482404458013e-10
1.463894967177242812e+01 1.929250595402069433e-10
1.466083150984682604e+01 1.927988708399680780e-10
1.468271334792122573e+01 1.927988821397292200e-10
1.470459518599562365e+01 1.927988934394903619e-10
1.472647702407002157e+01 1.928308047392515139e-10
1.474835886214441949e+01 1.928308160390126817e-10
1.477024070021881741e+01 1.928670273387738344e-10
1.479212253829321533e+01 1.928670386385349763e-10
1.481400437636761502e+01 1.927300499382961063e-10
1.483588621444201294e+01 1.927300612380572482e-10
1.485776805251641086e+01 1.927300725378183902e-10
1.487964989059080878e+01 1.929060838375795686e-10
1.490153172866520670e+01 1.929060951373407105e-10
1.492341356673960640e+01 1.928309064371018433e-10
1.494529540481400431e+01 1.928309177368629852e-10
1.496717724288840223e+01 1.928769290366241341e-10
1.498905908096280015e+01 1.928769403363852760e-10
1.501094091903719807e+01 1.928730516361464414e-10
1.503282275711159599e+01 1.928730629359075834e-10
1.505470459518599569e+01 1.928730742356687254e-10
1.507658643326039360e+01 1.928595855354298549e-10
1.509846827133479152e+01 1.928595968351909969e-10
1.512035010940918944e+01 1.928218081349521609e-10
1.514223194748358736e+01 1.928218194347133288e-10
1.516411378555798706e+01 1.929001307344744600e-10
1.518599562363238498e+01 1.929001420342356020e-10
1.520787746170678290e+01 1.928020533339967502e-10
1.522975929978118081e+01 1.928020646337578922e-10
1.525164113785557873e+01 1.928020759335190342e-10
1.527352297592997843e+01 1.928099872332801870e-10
1.529540481400437635e+01 1.928099985330413290e-10
1.531728665207877427e+01 1.928941098328024738e-10
1.533916849015317219e+01 1.928941211325636158e-10
1.536105032822757011e+01 1.927221324323247556e-10
1.538293216630196802e+01 1.927221437320859235e-10
1.540481400437636772e+01 1.929298550318470739e-10
1.542669584245076564e+01 1.929298663316082159e-10
1.544857768052516356e+01 1.929298776313693579e-10
1.547045951859956148e+01 1.928421889311304868e-10
1.549234135667395940e+01 1.928422002308916287e-10
1.551422319474835909e+01 1.928663115306528017e-10
1.553610503282275701e+01 1.928663228304139436e-10
1.555798687089715493e+01 1.928824341301750996e-10
1.557986870897155285e+01 1.928824454299362416e-10
1.560175054704595077e+01 1.928824567296973836e-10
1.562363238512034869e+01 1.928673680294585201e-10
1.564551422319474838e+01 1.928673793292196879e-10
1.566739606126914630e+01 1.928757906289808192e-10
1.568927789934354422e+01 1.928758019287419612e-10
1.571115973741794214e+01 1.928709132285031180e-10
1.573304157549234006e+01 1.928709245282642599e-10
1.575492341356673975e+01 1.928086358280253948e-10
1.577680525164113767e+01 1.928086471277865626e-10
1.579868708971553559e+01 1.928086584275477046e-10
1.582056892778993351e+01 1.927657697273088456e-10
1.584245076586433143e+01 1.927657810270699875e-10
1.586433260393873113e+01 1.928546923268311373e-10
1.588621444201312904e+01 1.928547036265922793e-10
1.590809628008752696e+01 1.928547149263534471e-10
1.592997811816192488e+01 1.928547262261145891e-10
1.595185995623632280e+01 1.927278375258757333e-10
1.597374179431072072e+01 1.927278488256368752e-10
1.599562363238512042e+01 1.929326601253980060e-10
1.601750547045951834e+01 1.929326714251591738e-10
1.603938730853391803e+01 1.927568827249203173e-10
1.606126914660831417e+01 1.927568940246814592e-10
1.608315098468271387e+01 1.927569053244426012e-10
1.610503282275711001e+01 1.928672166242037485e-10
1.612691466083150971e+01 1.928672279239648904e-10
1.614879649890590585e+01 1.928566392237260655e-10
1.617067833698030555e+01 1.928566505234872075e-10
1.619256017505470524e+01 1.928319618232483340e-10
1.621444201312910138e+01 1.928319731230094760e-10
1.623632385120350108e+01 1.927750844227706261e-10
1.625820568927789722e+01 1.927750957225317681e-10
1.628008752735229692e+01 1.927751070222929359e-10
1.630196936542669661e+01 1.928402183220540728e-10
1.632385120350109275e+01 1.928402296218152148e-10
1.634573304157549245e+01 1.927479409215763508e-10
1.636761487964988859e+01 1.927479522213374928e-10
1.638949671772428829e+01 1.928204635210986363e-10
1.641137855579868798e+01 1.928204748208598041e-10
1.643326039387308413e+01 1.928204861206209461e-10
1.645514223194748382e+01 1.928479974203820913e-10
1.647702407002187996e+01 1.928480087201432333e-10
1.649890590809627966e+01 1.927388200199043845e-10
1.652078774617067936e+01 1.927388313196655265e-10
1.654266958424507550e+01 1.929259426194266760e-10
1.656455142231947519e+01 1.929259539191878180e-10
1.658643326039387134e+01 1.927845652189489670e-10
1.660831509846827103e+01 1.927845765187101090e-10
1.663019693654267073e+01 1.927845878184712510e-10
1.665207877461706687e+01 1.928934991182323914e-10
1.667396061269146657e+01 1.928935104179935592e-10
1.669584245076586271e+01 1.928571217177547043e-10
1.671772428884026240e+01 1.928571330175158462e-10
1.673960612691465855e+01 1.928832443172769846e-10
1.676148796498905824e+01 1.928832556170381266e-10
1.678336980306345794e+01 1.928832669167992944e-10
1.680525164113785408e+01 1.927770782165604456e-10
1.682713347921225377e+01 1.927770895163215875e-10
1.684901531728664992e+01 1.928384008160827280e-10
1.687089715536104961e+01 1.928384121158438700e-10
1.689277899343544931e+01 1.927640234156049993e-10
1.691466083150984545e+01 1.927640347153661671e-10
1.693654266958424515e+01 1.927323460151273111e-10
1.695842450765864129e+01 1.927323573148884531e-10
1.698030634573304098e+01 1.927323686146495950e-10
1.700218818380744068e+01 1.928463799144107327e-10
1.702407002188183682e+01 1.928463912141718747e-10
1.704595185995623652e+01 1.927339025139330597e-10
1.706783369803063266e+01 1.927339138136942016e-10
1.708971553610503236e+01 1.929013251134553269e-10
1.711159737417943205e+01 1.929013364132164689e-10
1.713347921225382819e+01 1.929013477129776108e-10
1.715536105032822789e+01 1.928055590127387685e-10
1.717724288840262403e+01 1.928055703124999363e-10
1.719912472647702373e+01 1.928893816122610630e-10
1.722100656455142342e+01 1.928893929120222050e-10
1.724288840262581957e+01 1.928365042117833636e-10
1.726477024070021926e+01 1.928365155115445056e-10
1.728665207877461540e+01 1.928664268113056404e-10
1.730853391684901510e+01 1.928664381110668082e-10
1.733041575492341124e+01 1.928664494108279502e-10
1.735229759299781094e+01 1.927567607105890972e-10
1.737417943107221063e+01 1.927567720103502391e-10
1.739606126914660678e+01 1.928596833101113798e-10
1.741794310722100647e+01 1.928596946098725217e-10
1.743982494529540261e+01 1.928121059096336896e-10
1.746170678336980231e+01 1.928121172093948316e-10
1.748358862144420200e+01 1.928121285091559736e-10
1.750547045951859815e+01 1.928121398089171155e-10
1.752735229759299784e+01 1.929074511086782634e-10
1.754923413566739399e+01 1.929074624084394312e-10
1.757111597374179368e+01 1.929074737082005731e-10
1.759299781181619338e+01 1.928166850079616961e-10
1.761487964989058952e+01 1.928166963077228381e-10
1.763676148796498921e+01 1.928652076074839825e-10
1.765864332603938536e+01 1.928652189072451245e-10
1.768052516411378505e+01 1.928711302070063119e-10
1.770240700218818475e+01 1.928711415067674539e-10
1.772428884026258089e+01 1.928711528065285958e-10
1.774617067833698059e+01 1.928699641062897172e-10
1.776805251641137673e+01 1.928699754060508591e-10
1.778993435448577642e+01 1.928427867058120159e-10
1.781181619256017612e+01 1.928427980055731837e-10
1.783369803063457226e+01 1.928799093053343131e-10
1.785557986870897196e+01 1.928799206050954551e-10
1.787746170678336810e+01 1.928799319048565970e-10
1.789934354485776780e+01 1.928254432046177367e-10
1.792122538293216394e+01 1.928254545043788787e-10
1.794310722100656363e+01 1.927875658041400626e-10
1.796498905908096333e+01 1.927875771039012046e-10
1.798687089715535947e+01 1.928367884036623395e-10
1.800875273522975917e+01 1.928367997034234815e-10
1.803063457330415531e+01 1.927528110031846266e-10
1.805251641137855501e+01 1.927528223029457686e-10
1.807439824945295470e+01 1.927528336027069364e-10
1.809628008752735084e+01 1.928317449024680780e-10
1.811816192560175054e+01 1.928317562022292199e-10
1.814004376367614668e+01 1.928237675019903708e-10
1.816192560175054638e+01 1.928237788017515128e-10
1.818380743982494607e+01 1.927924901015126551e-10
1.820568927789934222e+01 1.927925014012738229e-10
1.822757111597374191e+01 1.927925127010349649e-10
1.824945295404813805e+01 1.928462240007960867e-10
1.827133479212253775e+01 1.928462353005572286e-10
1.829321663019693744e+01 1.928887466003183733e-10
1.831509846827133359e+01 1.928887579000795411e-10
1.833698030634573328e+01 1.928153691998406790e-10
1.835886214442012943e+01 1.928153804996018209e-10
1.838074398249452912e+01 1.928586917993629621e-10
1.840262582056892882e+01 1.928587030991241041e-10
1.842450765864332496e+01 1.928587143988852461e-10
1.844638949671772465e+01 1.928418256986464292e-10
1.846827133479212080e+01 1.928418369984075711e-10
1.849015317286652049e+01 1.927419482981687143e-10
1.851203501094091664e+01 1.927419595979298563e-10
1.853391684901531633e+01 1.928546708976909931e-10
1.855579868708971603e+01 1.928546821974521351e-10
1.857768052516411217e+01 1.928546934972133029e-10
1.859956236323851186e+01 1.927385047969744458e-10
1.862144420131290801e+01 1.927385160967355878e-10
1.864332603938730770e+01 1.928283273964967401e-10
1.866520787746170740e+01 1.928283386962578821e-10
1.868708971553610354e+01 1.928795499960190083e-10
1.870897155361050324e+01 1.928795612957801761e-10
1.873085339168489938e+01 1.927985725955413212e-10
1.875273522975929907e+01 1.927985838953024631e-10
1.877461706783369877e+01 1.928977951950636134e-10
1.879649890590809491e+01 1.928978064948247554e-10
1.881838074398249461e+01 1.928978177945858973e-10
1.884026258205689075e+01 1.928600290943470614e-10
1.886214442013129045e+01 1.928600403941082034e-10
1.888402625820569014e+01 1.928070516938693301e-10
1.890590809628008628e+01 1.928070629936304721e-10
1.892778993435448598e+01 1.928096742933916157e-10
1.894967177242888212e+01 1.928096855931527576e-10
1.897155361050328182e+01 1.928096968929139255e-10
1.899343544857768151e+01 1.928044081926750840e-10
1.901531728665207766e+01 1.928044194924362260e-10
1.903719912472647735e+01 1.927116307921973577e-10
1.905908096280087349e+01 1.927116420919584996e-10
1.908096280087527319e+01 1.927116533917196674e-10
1.910284463894966933e+01 1.927116646914808094e-10
1.912472647702406903e+01 1.929195759912419461e-10
1.914660831509846872e+01 1.929195872910030880e-10
1.916849015317286486e+01 1.927140985907642507e-10
1.919037199124726456e+01 1.927141098905253927e-10
1.921225382932166070e+01 1.929238211902865603e-10
1.923413566739606040e+01 1.929238324900477023e-10
1.925601750547046009e+01 1.928229437898088369e-10
1.927789934354485624e+01 1.928229550895699788e-10
1.929978118161925593e+01 1.928229663893311208e-10
1.932166301969365207e+01 1.928989776890922685e-10
1.934354485776805177e+01 1.928989889888534363e-10
1.936542669584245147e+01 1.928399002886145572e-10
1.938730853391684761e+01 1.928399115883756992e-10
1.940919037199124730e+01 1.928860228881368541e-10
1.943107221006564345e+01 1.928860341878979960e-10
1.945295404814004314e+01 1.928860454876591380e-10
1.947483588621444284e+01 1.927797567874203090e-10
1.949671772428883898e+01 1.927797680871814509e-10
1.951859956236323868e+01 1.928764793869425798e-10
1.954048140043763482e+01 1.928764906867037217e-10
1.956236323851203451e+01 1.928195019864648659e-10
1.958424507658643421e+01 1.928195132862260078e-10
1.960612691466083035e+01 1.927439245859871940e-10
1.962800875273523005e+01 1.927439358857483360e-10
1.964989059080962619e+01 1.927439471855094779e-10
1.967177242888402589e+01 1.929272584852706052e-10
1.969365426695842203e+01 1.929272697850317472e-10
1.971553610503282172e+01 1.927599810847928860e-10
1.973741794310722142e+01 1.927599923845540538e-10
1.975929978118161756e+01 1.929440036843151974e-10
1.978118161925601726e+01 1.929440149840763394e-10
1.980306345733041340e+01 1.929440262838374814e-10
1.982494529540481309e+01 1.928271375835986338e-10
1.984682713347921279e+01 1.928271488833598016e-10
1.986870897155360893e+01 1.928722601831209479e-10
1.989059080962800863e+01 1.928722714828820899e-10
1.991247264770240477e+01 1.928722827826432318e-10
1.993435448577680447e+01 1.928495940824043755e-10
1.995623632385120416e+01 1.928496053821655175e-10
1.997811816192560030e+01 1.928793166819266661e-10
