0.000000000000000000e+00 1.901044000000000017e-10
2.188183807439824866e-02 1.900761846785248814e-10
4.376367614879649731e-02 1.900760693570497747e-10
6.564551422319474250e-02 1.901107540355746978e-10
8.752735229759299462e-02 1.901106387140995911e-10
1.094091903719912467e-01 1.901105233926244844e-10
1.312910284463894850e-01 1.900982080711493920e-10
1.531728665207877371e-01 1.900980927496743112e-10
1.750547045951859892e-01 1.900899774281991876e-10
1.969365426695842414e-01 1.900898621067240809e-10
2.188183807439824935e-01 1.901036467852489849e-10
2.407002188183807456e-01 1.901035314637739041e-10
2.625820568927789700e-01 1.900988161422988045e-10
2.844638949671772221e-01 1.900987008208236978e-10
3.063457330415754742e-01 1.900985854993485912e-10
3.282275711159737264e-01 1.900822701778735161e-10
3.501094091903719785e-01 1.900821548563984094e-10
3.719912472647702306e-01 1.900922395349232972e-10
3.938730853391684827e-01 1.900921242134481906e-10
4.157549234135667349e-01 1.900920088919730839e-10
4.376367614879649870e-01 1.900918935704980031e-10
4.595185995623632391e-01 1.900698782490228946e-10
4.814004376367614912e-01 1.900697629275477880e-10
5.032822757111596879e-01 1.900778476060726844e-10
5.251641137855579400e-01 1.900777322845976036e-10
5.470459518599561921e-01 1.900892169631224982e-10
5.689277899343544442e-01 1.900891016416473915e-10
5.908096280087526964e-01 1.900889863201722849e-10
6.126914660831509485e-01 1.900763709986972002e-10
6.345733041575492006e-01 1.900762556772220936e-10
6.564551422319474527e-01 1.900861403557469693e-10
6.783369803063457049e-01 1.900860250342718626e-10
7.002188183807439570e-01 1.900892097127967997e-10
7.221006564551422091e-01 1.900890943913216931e-10
7.439824945295404612e-01 1.900664790698465743e-10
7.658643326039387134e-01 1.900663637483714677e-10
7.877461706783369655e-01 1.900662484268963868e-10
8.096280087527352176e-01 1.901047331054212804e-10
8.315098468271334697e-01 1.901046177839461738e-10
8.533916849015317219e-01 1.900698024624710693e-10
8.752735229759299740e-01 1.900696871409959626e-10
8.971553610503282261e-01 1.900723718195208955e-10
9.190371991247264782e-01 1.900722564980457888e-10
9.409190371991247304e-01 1.900721411765706821e-10
9.628008752735229825e-01 1.900846258550955595e-10
9.846827133479212346e-01 1.900845105336204786e-10
1.006564551422319376e+00 1.900704952121453871e-10
1.028446389496717739e+00 1.900703798906702805e-10
1.050328227571115880e+00 1.900716645691951548e-10
1.072210065645514243e+00 1.900715492477200740e-10
1.094091903719912384e+00 1.900865339262449728e-10
1.115973741794310747e+00 1.900864186047698661e-10
1.137855579868708888e+00 1.900863032832947594e-10
1.159737417943107252e+00 1.900798879618196866e-10
1.181619256017505393e+00 1.900797726403445799e-10
1.203501094091903756e+00 1.900870573188694799e-10
1.225382932166301897e+00 1.900869419973943732e-10
1.247264770240700260e+00 1.900965266759192567e-10
1.269146608315098401e+00 1.900964113544441758e-10
1.291028446389496764e+00 1.900962960329690692e-10
1.312910284463894905e+00 1.900767807114939563e-10
1.334792122538293269e+00 1.900766653900188497e-10
1.356673960612691410e+00 1.900832500685437850e-10
1.378555798687089773e+00 1.900831347470686783e-10
1.400437636761487914e+00 1.900672194255935498e-10
1.422319474835886055e+00 1.900671041041184432e-10
1.444201312910284418e+00 1.900668887826433822e-10
1.466083150984682559e+00 1.900667734611682755e-10
1.487964989059080922e+00 1.900666581396931688e-10
1.509846827133479064e+00 1.900706428182180508e-10
1.531728665207877427e+00 1.900705274967429700e-10
1.553610503282275568e+00 1.900650121752678738e-10
1.575492341356673931e+00 1.900648968537927672e-10
1.597374179431072072e+00 1.900565815323176574e-10
1.619256017505470435e+00 1.900564662108425765e-10
1.641137855579868576e+00 1.900797508893674586e-10
1.663019693654266939e+00 1.900796355678923520e-10
1.684901531728665081e+00 1.900795202464172453e-10
1.706783369803063444e+00 1.900801049249421550e-10
1.728665207877461585e+00 1.900799896034670742e-10
1.750547045951859948e+00 1.900788742819919589e-10
1.772428884026258089e+00 1.900787589605168522e-10
1.794310722100656452e+00 1.901064436390417411e-10
1.816192560175054593e+00 1.901063283175666602e-10
1.838074398249452956e+00 1.901062129960915536e-10
1.859956236323851098e+00 1.900767976746164385e-10
1.881838074398249461e+00 1.900766823531413319e-10
1.903719912472647602e+00 1.900782670316662501e-10
1.925601750547045965e+00 1.900781517101911434e-10
1.947483588621444106e+00 1.900827363887160616e-10
1.969365426695842469e+00 1.900826210672409549e-10
1.991247264770240610e+00 1.900679057457658729e-10
2.013129102844638751e+00 1.900677904242907663e-10
2.035010940919037115e+00 1.900676751028156596e-10
2.056892778993435478e+00 1.900763597813405405e-10
2.078774617067833841e+00 1.900762444598654338e-10
2.100656455142231760e+00 1.900863291383903475e-10
2.122538293216630123e+00 1.900862138169152408e-10
2.144420131291028486e+00 1.900705984954401304e-10
2.166301969365426405e+00 1.900704831739650237e-10
2.188183807439824768e+00 1.900703678524899429e-10
2.210065645514223132e+00 1.900702525310148362e-10
2.231947483588621495e+00 1.900932372095397520e-10
2.253829321663019414e+00 1.900931218880646453e-10
2.275711159737417777e+00 1.900911065665895533e-10
2.297592997811816140e+00 1.900909912451144467e-10
2.319474835886214503e+00 1.900753759236393363e-10
2.341356673960612422e+00 1.900752606021642296e-10
2.363238512035010785e+00 1.900751452806891488e-10
2.385120350109409149e+00 1.900960299592140413e-10
2.407002188183807512e+00 1.900959146377389346e-10
2.428884026258205431e+00 1.900690993162638212e-10
2.450765864332603794e+00 1.900689839947887146e-10
2.472647702407002157e+00 1.900747686733136533e-10
2.494529540481400520e+00 1.900746533518385467e-10
2.516411378555798439e+00 1.900745380303634400e-10
2.538293216630196802e+00 1.900780227088883177e-10
2.560175054704595166e+00 1.900779073874132369e-10
2.582056892778993529e+00 1.900570920659381491e-10
2.603938730853391448e+00 1.900569767444630424e-10
2.625820568927789811e+00 1.900787614229879116e-10
2.647702407002188174e+00 1.900786461015128308e-10
2.669584245076586537e+00 1.900693307800377383e-10
2.691466083150984456e+00 1.900692154585626316e-10
2.713347921225382819e+00 1.900772001370875220e-10
2.735229759299781183e+00 1.900770848156124412e-10
2.757111597374179546e+00 1.900769694941373345e-10
2.778993435448577465e+00 1.900817541726622389e-10
2.800875273522975828e+00 1.900816388511871322e-10
2.822757111597374191e+00 1.900761235297120361e-10
2.844638949671772110e+00 1.900760082082369294e-10
2.866520787746170473e+00 1.900601928867618328e-10
2.888402625820568836e+00 1.900600775652867262e-10
2.910284463894967200e+00 1.900599622438116195e-10
2.932166301969365119e+00 1.900751469223365303e-10
2.954048140043763482e+00 1.900750316008614237e-10
2.975929978118161845e+00 1.900551162793863126e-10
2.997811816192560208e+00 1.900550009579112059e-10
3.019693654266958127e+00 1.900631856364361342e-10
3.041575492341356490e+00 1.900630703149610276e-10
3.063457330415754853e+00 1.900629549934859209e-10
3.085339168490153217e+00 1.900841396720108057e-10
3.107221006564551136e+00 1.900840243505357248e-10
3.129102844638949499e+00 1.900439090290606369e-10
3.150984682713347862e+00 1.900437937075855302e-10
3.172866520787746225e+00 1.900795783861104162e-10
3.194748358862144144e+00 1.900794630646353354e-10
3.216630196936542507e+00 1.900712477431602316e-10
3.238512035010940870e+00 1.900711324216851249e-10
3.260393873085339234e+00 1.900710171002100182e-10
3.282275711159737153e+00 1.900749017787348942e-10
3.304157549234135516e+00 1.900747864572598134e-10
3.326039387308533879e+00 1.900760711357847135e-10
3.347921225382932242e+00 1.900759558143096069e-10
3.369803063457330161e+00 1.900758404928345002e-10
3.391684901531728524e+00 1.900719251713594230e-10
3.413566739606126887e+00 1.900718098498843163e-10
3.435448577680525251e+00 1.900570945284092085e-10
3.457330415754923170e+00 1.900569792069341018e-10
3.479212253829321533e+00 1.900568638854590210e-10
3.501094091903719896e+00 1.900696485639839164e-10
3.522975929978117815e+00 1.900695332425088097e-10
3.544857768052516178e+00 1.900547179210336958e-10
3.566739606126914541e+00 1.900546025995586150e-10
3.588621444201312904e+00 1.900450872780835104e-10
3.610503282275710824e+00 1.900449719566084038e-10
3.632385120350109187e+00 1.900698566351333048e-10
3.654266958424507550e+00 1.900697413136582239e-10
3.676148796498905913e+00 1.900696259921831173e-10
3.698030634573303832e+00 1.900450106707080072e-10
3.719912472647702195e+00 1.900448953492329005e-10
3.741794310722100558e+00 1.900598800277577993e-10
3.763676148796498921e+00 1.900597647062827185e-10
3.785557986870896841e+00 1.900604493848076084e-10
3.807439824945295204e+00 1.900603340633325017e-10
3.829321663019693567e+00 1.900602187418573950e-10
3.851203501094091930e+00 1.900742034203823111e-10
3.873085339168489849e+00 1.900740880989072044e-10
3.894967177242888212e+00 1.900626727774320887e-10
3.916849015317286575e+00 1.900625574559569820e-10
3.938730853391684938e+00 1.900624421344819012e-10
3.960612691466082858e+00 1.900779268130068043e-10
3.982494529540481221e+00 1.900778114915316976e-10
4.004376367614879584e+00 1.900776961700565909e-10
4.026258205689277503e+00 1.900500808485815068e-10
4.048140043763676310e+00 1.900499655271064002e-10
4.070021881838074229e+00 1.900498502056312935e-10
4.091903719912472148e+00 1.900472348841561912e-10
4.113785557986870955e+00 1.900471195626810846e-10
4.135667396061268875e+00 1.900422042412059988e-10
4.157549234135667682e+00 1.900420889197308921e-10
4.179431072210065601e+00 1.900358735982557796e-10
4.201312910284463520e+00 1.900357582767806729e-10
4.223194748358862327e+00 1.900356429553055921e-10
4.245076586433260246e+00 1.900622276338304922e-10
4.266958424507658165e+00 1.900621123123553855e-10
4.288840262582056972e+00 1.900414969908802839e-10
4.310722100656454892e+00 1.900413816694052031e-10
4.332603938730852811e+00 1.900412663479300964e-10
4.354485776805251618e+00 1.900621510264549890e-10
4.376367614879649537e+00 1.900620357049798823e-10
4.398249452954048344e+00 1.900594203835048059e-10
4.420131291028446263e+00 1.900593050620296992e-10
4.442013129102844182e+00 1.900517897405545859e-10
4.463894967177242989e+00 1.900516744190794793e-10
4.485776805251640909e+00 1.900653590976043772e-10
4.507658643326038828e+00 1.900652437761292964e-10
4.529540481400437635e+00 1.900488284546541895e-10
4.551422319474835554e+00 1.900487131331790828e-10
4.573304157549234361e+00 1.900485978117039762e-10
4.595185995623632280e+00 1.900417824902288792e-10
4.617067833698030199e+00 1.900416671687537726e-10
4.638949671772429006e+00 1.900514518472786681e-10
4.660831509846826926e+00 1.900513365258035614e-10
4.682713347921224845e+00 1.900539212043284883e-10
4.704595185995623652e+00 1.900538058828533816e-10
4.726477024070021571e+00 1.900536905613782749e-10
4.748358862144420378e+00 1.900338752399031699e-10
4.770240700218818297e+00 1.900337599184280890e-10
4.792122538293216216e+00 1.900689445969529905e-10
4.814004376367615023e+00 1.900688292754778838e-10
4.835886214442012943e+00 1.900397139540027610e-10
4.857768052516410862e+00 1.900395986325276802e-10
4.879649890590809669e+00 1.900533833110525842e-10
4.901531728665207588e+00 1.900532679895774775e-10
4.923413566739605507e+00 1.900531526681023709e-10
4.945295404814004314e+00 1.900724373466272704e-10
4.967177242888402233e+00 1.900723220251521895e-10
4.989059080962801040e+00 1.900454067036770701e-10
5.010940919037198960e+00 1.900452913822019634e-10
5.032822757111596879e+00 1.900569760607268701e-10
5.054704595185995686e+00 1.900568607392517893e-10
5.076586433260393605e+00 1.900567454177766826e-10
5.098468271334791524e+00 1.900538300963015622e-10
5.120350109409190331e+00 1.900537147748264556e-10
5.142231947483588250e+00 1.900446994533513811e-10
5.164113785557987057e+00 1.900445841318762745e-10
5.185995623632384977e+00 1.900414688104011679e-10
5.207877461706782896e+00 1.900413534889260612e-10
5.229759299781181703e+00 1.900568381674509902e-10
5.251641137855579622e+00 1.900567228459758835e-10
5.273522975929977541e+00 1.900566075245007768e-10
5.295404814004376348e+00 1.900319922030256668e-10
5.317286652078774267e+00 1.900318768815505601e-10
5.339168490153173074e+00 1.900631615600754591e-10
5.361050328227570994e+00 1.900630462386003524e-10
5.382932166301968913e+00 1.900372309171252476e-10
5.404814004376367720e+00 1.900371155956501409e-10
5.426695842450765639e+00 1.900370002741750601e-10
5.448577680525163558e+00 1.900580849526999647e-10
5.470459518599562365e+00 1.900579696312248580e-10
5.492341356673960284e+00 1.900676543097497476e-10
5.514223194748359091e+00 1.900675389882746667e-10
5.536105032822757011e+00 1.900358236667995682e-10
5.557986870897154930e+00 1.900357083453244615e-10
5.579868708971553737e+00 1.900355930238493548e-10
5.601750547045951656e+00 1.900464777023742650e-10
5.623632385120349575e+00 1.900463623808991583e-10
5.645514223194748382e+00 1.900438470594240620e-10
5.667396061269146301e+00 1.900437317379489554e-10
5.689277899343544220e+00 1.900253164164738572e-10
5.711159737417943028e+00 1.900252010949987505e-10
5.733041575492340947e+00 1.900250857735236438e-10
5.754923413566739754e+00 1.900322704520485377e-10
5.776805251641137673e+00 1.900321551305734311e-10
5.798687089715535592e+00 1.900320398090983502e-10
5.820568927789934399e+00 1.900405244876232450e-10
5.842450765864332318e+00 1.900404091661481383e-10
5.864332603938730237e+00 1.900402938446730316e-10
5.886214442013129045e+00 1.900469785231979471e-10
5.908096280087526964e+00 1.900468632017228404e-10
5.929978118161925771e+00 1.900455478802477390e-10
5.951859956236323690e+00 1.900454325587726323e-10
5.973741794310721609e+00 1.900453172372975515e-10
5.995623632385120416e+00 1.900448019158224465e-10
6.017505470459518335e+00 1.900446865943473399e-10
6.039387308533916254e+00 1.900455712728722418e-10
6.061269146608315062e+00 1.900454559513971610e-10
6.083150984682712981e+00 1.900525406299220488e-10
6.105032822757111788e+00 1.900524253084469422e-10
6.126914660831509707e+00 1.900254099869718426e-10
6.148796498905907626e+00 1.900252946654967359e-10
6.170678336980306433e+00 1.900251793440216551e-10
6.192560175054704352e+00 1.900412640225465426e-10
6.214442013129102271e+00 1.900411487010714359e-10
6.236323851203501079e+00 1.900311333795963271e-10
6.258205689277898998e+00 1.900310180581212462e-10
6.280087527352297805e+00 1.900193027366461383e-10
6.301969365426695724e+00 1.900191874151710316e-10
6.323851203501093643e+00 1.900190720936959249e-10
6.345733041575492450e+00 1.900309567722208437e-10
6.367614879649890369e+00 1.900308414507457370e-10
6.389496717724288288e+00 1.900406261292706325e-10
6.411378555798687096e+00 1.900405108077955259e-10
6.433260393873085015e+00 1.900440954863204354e-10
6.455142231947482934e+00 1.900439801648453287e-10
6.477024070021881741e+00 1.900417648433702247e-10
6.498905908096279660e+00 1.900416495218951181e-10
6.520787746170678467e+00 1.900415342004200114e-10
6.542669584245076386e+00 1.900465188789449536e-10
6.564551422319474305e+00 1.900464035574698470e-10
6.586433260393873113e+00 1.900351882359947175e-10
6.608315098468271032e+00 1.900350729145196108e-10
6.630196936542668951e+00 1.900529575930445293e-10
6.652078774617067758e+00 1.900528422715694226e-10
6.673960612691465677e+00 1.900527269500943159e-10
6.695842450765864484e+00 1.900327116286192247e-10
6.717724288840262403e+00 1.900325963071441439e-10
6.739606126914660322e+00 1.900315809856690346e-10
6.761487964989059130e+00 1.900314656641939280e-10
6.783369803063457049e+00 1.900334503427188186e-10
6.805251641137854968e+00 1.900333350212437378e-10
6.827133479212253775e+00 1.900245196997686237e-10
6.849015317286651694e+00 1.900244043782935170e-10
6.870897155361050501e+00 1.900242890568184104e-10
6.892778993435448420e+00 1.900377737353433480e-10
6.914660831509846339e+00 1.900376584138682413e-10
6.936542669584245147e+00 1.900415430923931173e-10
6.958424507658643066e+00 1.900414277709180106e-10
6.980306345733040985e+00 1.900413124494429039e-10
7.002188183807439792e+00 1.900288971279678313e-10
7.024070021881837711e+00 1.900287818064927247e-10
7.045951859956235630e+00 1.900391664850176047e-10
7.067833698030634437e+00 1.900390511635424980e-10
7.089715536105032356e+00 1.900580358420674311e-10
7.111597374179431164e+00 1.900579205205923244e-10
7.133479212253829083e+00 1.900578051991172177e-10
7.155361050328227002e+00 1.900217898776421185e-10
7.177242888402625809e+00 1.900216745561670376e-10
7.199124726477023728e+00 1.900460592346919344e-10
7.221006564551421647e+00 1.900459439132168277e-10
7.242888402625820454e+00 1.900458285917417210e-10
7.264770240700218373e+00 1.900182132702666369e-10
7.286652078774617181e+00 1.900180979487915303e-10
7.308533916849015100e+00 1.900210826273164037e-10
7.330415754923413019e+00 1.900209673058412970e-10
7.352297592997811826e+00 1.900384519843661914e-10
7.374179431072209745e+00 1.900383366628911105e-10
7.396061269146607664e+00 1.900382213414160039e-10
7.417943107221006471e+00 1.900270060199409002e-10
7.439824945295404390e+00 1.900268906984657935e-10
7.461706783369803198e+00 1.900267753769907127e-10
7.483588621444201117e+00 1.900600600555156031e-10
7.505470459518599036e+00 1.900599447340404964e-10
7.527352297592997843e+00 1.900415294125653982e-10
7.549234135667395762e+00 1.900414140910903173e-10
7.571115973741793681e+00 1.900412987696152107e-10
7.592997811816192488e+00 1.900544834481401044e-10
7.614879649890590407e+00 1.900543681266649977e-10
7.636761487964989215e+00 1.900571528051899107e-10
7.658643326039387134e+00 1.900570374837148041e-10
7.680525164113785053e+00 1.900551221622396923e-10
7.702407002188183860e+00 1.900550068407645856e-10
7.724288840262581779e+00 1.900382915192895123e-10
7.746170678336979698e+00 1.900381761978144056e-10
7.768052516411378505e+00 1.900380608763392990e-10
7.789934354485776424e+00 1.900515455548641849e-10
7.811816192560174343e+00 1.900514302333890782e-10
7.833698030634573151e+00 1.900336149119140162e-10
7.855579868708971070e+00 1.900334995904389095e-10
7.877461706783369877e+00 1.900295842689638064e-10
7.899343544857767796e+00 1.900294689474886997e-10
7.921225382932165715e+00 1.900293536260136189e-10
7.943107221006564522e+00 1.900643383045385083e-10
7.964989059080962441e+00 1.900642229830634017e-10
7.986870897155360360e+00 1.900270076615882818e-10
8.008752735229759168e+00 1.900268923401132009e-10
8.030634573304157087e+00 1.900578770186381077e-10
8.052516411378555006e+00 1.900577616971630011e-10
8.074398249452952925e+00 1.900490463756878930e-10
8.096280087527352620e+00 1.900489310542128122e-10
8.118161925601750539e+00 1.900488157327377055e-10
8.140043763676148458e+00 1.900455004112625869e-10
8.161925601750546377e+00 1.900453850897874802e-10
8.183807439824944296e+00 1.900531697683123844e-10
8.205689277899343992e+00 1.900530544468373036e-10
8.227571115973741911e+00 1.900529391253621970e-10
8.249452954048139830e+00 1.900497238038870844e-10
8.271334792122537749e+00 1.900496084824119777e-10
8.293216630196935668e+00 1.900308931609368872e-10
8.315098468271335364e+00 1.900307778394617806e-10
8.336980306345733283e+00 1.900306625179866739e-10
8.358862144420131202e+00 1.900432471965115831e-10
8.380743982494529121e+00 1.900431318750365023e-10
8.402625820568927040e+00 1.900396165535613975e-10
8.424507658643324959e+00 1.900395012320862908e-10
8.446389496717724654e+00 1.900276859106111768e-10
8.468271334792122573e+00 1.900275705891360960e-10
8.490153172866520492e+00 1.900274552676609893e-10
8.512035010940918411e+00 1.900537399461858713e-10
8.533916849015316330e+00 1.900536246247107647e-10
8.555798687089716026e+00 1.900246093032356737e-10
8.577680525164113945e+00 1.900244939817605929e-10
8.599562363238511864e+00 1.900565786602854885e-10
8.621444201312909783e+00 1.900564633388103818e-10
8.643326039387307702e+00 1.900482480173352780e-10
8.665207877461705621e+00 1.900481326958601972e-10
8.687089715536105317e+00 1.900480173743850905e-10
8.708971553610503236e+00 1.900550020529099724e-10
8.730853391684901155e+00 1.900548867314348657e-10
8.752735229759299074e+00 1.900415714099597906e-10
8.774617067833696993e+00 1.900414560884846839e-10
8.796498905908096688e+00 1.900401407670095824e-10
8.818380743982494607e+00 1.900400254455344758e-10
8.840262582056892526e+00 1.900399101240593949e-10
8.862144420131290445e+00 1.900328948025842859e-10
8.884026258205688364e+00 1.900327794811091793e-10
8.905908096280088060e+00 1.900330641596340709e-10
8.927789934354485979e+00 1.900329488381589900e-10
8.949671772428883898e+00 1.900317335166838688e-10
8.971553610503281817e+00 1.900316181952087621e-10
8.993435448577679736e+00 1.900315028737336554e-10
9.015317286652077655e+00 1.900132875522585693e-10
9.037199124726477351e+00 1.900131722307834884e-10
9.059080962800875270e+00 1.900130569093083818e-10
9.080962800875273189e+00 1.900422415878332576e-10
9.102844638949671108e+00 1.900421262663581509e-10
9.124726477024069027e+00 1.900378109448830754e-10
9.146608315098468722e+00 1.900376956234079688e-10
9.168490153172866641e+00 1.900404803019328560e-10
9.190371991247264560e+00 1.900403649804577493e-10
9.212253829321662479e+00 1.900402496589826685e-10
9.234135667396060398e+00 1.900401343375075618e-10
9.256017505470458318e+00 1.900348190160324519e-10
9.277899343544858013e+00 1.900347036945573452e-10
9.299781181619255932e+00 1.900263883730822871e-10
9.321663019693653851e+00 1.900262730516071804e-10
9.343544857768051770e+00 1.900388577301320638e-10
9.365426695842449689e+00 1.900387424086569571e-10
9.387308533916849385e+00 1.900386270871818505e-10
9.409190371991247304e+00 1.900075117657067622e-10
9.431072210065645223e+00 1.900073964442316555e-10
9.452954048140043142e+00 1.900163811227565545e-10
9.474835886214441061e+00 1.900162658012814479e-10
9.496717724288840756e+00 1.900170504798063696e-10
9.518599562363238675e+00 1.900169351583312629e-10
9.540481400437636594e+00 1.900134198368561581e-10
9.562363238512034513e+00 1.900133045153810514e-10
9.584245076586432432e+00 1.900131891939059706e-10
9.606126914660830352e+00 1.900115738724308511e-10
9.628008752735230047e+00 1.900114585509557444e-10
9.649890590809627966e+00 1.900239432294806476e-10
9.671772428884025885e+00 1.900238279080055668e-10
9.693654266958423804e+00 1.900195125865304654e-10
9.715536105032821723e+00 1.900193972650553588e-10
9.737417943107221419e+00 1.900192819435802521e-10
9.759299781181619338e+00 1.900288666221051356e-10
9.781181619256017257e+00 1.900287513006300548e-10
9.803063457330415176e+00 1.900412359791549580e-10
9.824945295404813095e+00 1.900411206576798513e-10
9.846827133479211014e+00 1.900146053362047301e-10
9.868708971553610709e+00 1.900144900147296493e-10
9.890590809628008628e+00 1.900143746932545426e-10
9.912472647702406547e+00 1.900142593717794359e-10
9.934354485776804466e+00 1.900141440503043293e-10
9.956236323851202386e+00 1.900140287288292484e-10
9.978118161925602081e+00 1.900139134073541418e-10
1.000000000000000000e+01 1.902106980858790388e-10
1.002188183807439792e+01 1.902105827644039322e-10
1.004376367614879584e+01 1.901321674429288621e-10
1.006564551422319376e+01 1.901320521214537554e-10
1.008752735229759345e+01 1.901319367999786487e-10
1.010940919037199137e+01 1.901248214785035337e-10
1.013129102844638929e+01 1.901247061570284529e-10
1.015317286652078721e+01 1.901010908355533514e-10
1.017505470459518513e+01 1.901009755140782447e-10
1.019693654266958305e+01 1.901008601926031381e-10
1.021881838074398274e+01 1.901373448711280404e-10
1.024070021881838066e+01 1.901372295496529595e-10
1.026258205689277858e+01 1.901055142281778351e-10
1.028446389496717650e+01 1.901053989067027284e-10
1.030634573304157442e+01 1.901125835852276223e-10
1.032822757111597411e+01 1.901124682637525415e-10
1.035010940919037203e+01 1.901123529422774349e-10
1.037199124726476995e+01 1.901375376208023281e-10
1.039387308533916787e+01 1.901374222993272214e-10
1.041575492341356579e+01 1.901020069778521583e-10
1.043763676148796549e+01 1.901018916563770516e-10
1.045951859956236341e+01 1.901073763349019206e-10
1.048140043763676132e+01 1.901072610134268140e-10
1.050328227571115924e+01 1.901071456919517331e-10
1.052516411378555716e+01 1.901084303704766333e-10
1.054704595185995508e+01 1.901083150490015266e-10
1.056892778993435478e+01 1.901008997275264194e-10
1.059080962800875270e+01 1.901007844060513127e-10
1.061269146608315062e+01 1.900961690845762450e-10
1.063457330415754853e+01 1.900960537631011383e-10
1.065645514223194645e+01 1.900959384416260316e-10
1.067833698030634615e+01 1.901043231201509203e-10
1.070021881838074407e+01 1.901042077986758395e-10
1.072210065645514199e+01 1.900931924772007221e-10
1.074398249452953991e+01 1.900930771557256154e-10
1.076586433260393783e+01 1.901152618342505087e-10
1.078774617067833574e+01 1.901151465127754279e-10
1.080962800875273544e+01 1.901087311913003292e-10
1.083150984682713336e+01 1.901086158698252226e-10
1.085339168490153128e+01 1.901085005483501159e-10
1.087527352297592920e+01 1.901104852268750324e-10
1.089715536105032712e+01 1.901103699053999257e-10
1.091903719912472681e+01 1.901189545839248265e-10
1.094091903719912473e+01 1.901188392624497198e-10
1.096280087527352265e+01 1.901058239409746369e-10
1.098468271334792057e+01 1.901057086194995302e-10
1.100656455142231849e+01 1.901055932980244236e-10
1.102844638949671818e+01 1.901054779765493169e-10
1.105032822757111610e+01 1.900983626550742019e-10
1.107221006564551402e+01 1.900982473335991210e-10
1.109409190371991194e+01 1.900840320121240175e-10
1.111597374179430986e+01 1.900839166906489108e-10
1.113785557986870778e+01 1.900723013691738089e-10
1.115973741794310747e+01 1.900721860476987281e-10
1.118161925601750539e+01 1.900720707262236214e-10
1.120350109409190331e+01 1.901003554047485206e-10
1.122538293216630123e+01 1.901002400832734139e-10
1.124726477024069915e+01 1.900923247617983282e-10
1.126914660831509885e+01 1.900922094403232215e-10
1.129102844638949676e+01 1.900993941188481154e-10
1.131291028446389468e+01 1.900992787973730088e-10
1.133479212253829260e+01 1.901024634758979201e-10
1.135667396061269052e+01 1.901023481544228134e-10
1.137855579868708844e+01 1.901022328329477067e-10
1.140043763676148814e+01 1.900995175114725984e-10
1.142231947483588606e+01 1.900994021899974917e-10
1.144420131291028397e+01 1.900859868685224106e-10
1.146608315098468189e+01 1.900858715470473039e-10
1.148796498905907981e+01 1.901103562255722066e-10
1.150984682713347951e+01 1.901102409040971000e-10
1.153172866520787743e+01 1.901101255826220191e-10
1.155361050328227535e+01 1.900814102611469204e-10
1.157549234135667326e+01 1.900812949396718138e-10
1.159737417943107118e+01 1.900890796181966922e-10
1.161925601750547088e+01 1.900889642967216113e-10
1.164113785557986880e+01 1.900880489752465081e-10
1.166301969365426672e+01 1.900879336537714015e-10
1.168490153172866464e+01 1.900675183322962861e-10
1.170678336980306256e+01 1.900674030108212053e-10
1.172866520787746047e+01 1.900672876893460986e-10
1.175054704595186017e+01 1.900840723678710025e-10
1.177242888402625809e+01 1.900839570463958958e-10
1.179431072210065601e+01 1.900840417249207754e-10
1.181619256017505393e+01 1.900839264034456945e-10
1.183807439824945185e+01 1.900926110819706013e-10
1.185995623632385154e+01 1.900924957604954946e-10
1.188183807439824946e+01 1.900923804390203880e-10
1.190371991247264738e+01 1.900883651175453047e-10
1.192560175054704530e+01 1.900882497960701980e-10
1.194748358862144322e+01 1.901020344745951021e-10
1.196936542669584114e+01 1.901019191531199954e-10
1.199124726477024083e+01 1.900815038316449059e-10
1.201312910284463875e+01 1.900813885101697992e-10
1.203501094091903667e+01 1.900812731886946925e-10
1.205689277899343459e+01 1.901030578672195876e-10
1.207877461706783251e+01 1.901029425457445068e-10
1.210065645514223220e+01 1.900751272242693848e-10
1.212253829321663012e+01 1.900750119027942781e-10
1.214442013129102804e+01 1.900748965813191714e-10
1.216630196936542596e+01 1.900825812598440955e-10
1.218818380743982388e+01 1.900824659383689888e-10
1.221006564551422358e+01 1.900848506168938777e-10
1.223194748358862149e+01 1.900847352954187711e-10
1.225382932166301941e+01 1.900659199739436746e-10
1.227571115973741733e+01 1.900658046524685938e-10
1.229759299781181525e+01 1.900656893309934871e-10
1.231947483588621317e+01 1.900901740095183898e-10
1.234135667396061287e+01 1.900900586880432832e-10
1.236323851203501079e+01 1.900885433665681955e-10
1.238512035010940870e+01 1.900884280450930888e-10
1.240700218818380662e+01 1.900783127236179739e-10
1.242888402625820454e+01 1.900781974021428673e-10
1.245076586433260424e+01 1.900780820806677864e-10
1.247264770240700216e+01 1.900923667591926947e-10
1.249452954048140008e+01 1.900922514377175881e-10
1.251641137855579800e+01 1.901040361162424749e-10
1.253829321663019591e+01 1.901039207947673941e-10
1.256017505470459561e+01 1.900714054732922990e-10
1.258205689277899353e+01 1.900712901518171923e-10
1.260393873085339145e+01 1.900914748303420685e-10
1.262582056892778937e+01 1.900913595088669618e-10
1.264770240700218729e+01 1.900912441873918810e-10
1.266958424507658520e+01 1.900722288659167725e-10
1.269146608315098490e+01 1.900721135444416658e-10
1.271334792122538282e+01 1.900664982229665636e-10
1.273522975929978074e+01 1.900663829014914828e-10
1.275711159737417866e+01 1.900662675800163761e-10
1.277899343544857658e+01 1.900843522585412808e-10
1.280087527352297627e+01 1.900842369370661742e-10
1.282275711159737419e+01 1.900841216155910934e-10
1.284463894967177211e+01 1.900759062941159896e-10
1.286652078774617003e+01 1.900757909726408829e-10
1.288840262582056795e+01 1.901016756511657666e-10
1.291028446389496587e+01 1.901015603296906858e-10
1.293216630196936556e+01 1.900945450082155768e-10
1.295404814004376348e+01 1.900944296867404701e-10
1.297592997811816140e+01 1.900943143652653635e-10
1.299781181619255932e+01 1.900918990437902733e-10
1.301969365426695724e+01 1.900917837223151666e-10
1.304157549234135693e+01 1.901021684008400725e-10
1.306345733041575485e+01 1.901020530793649658e-10
1.308533916849015277e+01 1.900923377578898491e-10
1.310722100656455069e+01 1.900922224364147683e-10
1.312910284463894861e+01 1.900921071149396616e-10
1.315098468271334831e+01 1.900845917934645742e-10
1.317286652078774623e+01 1.900844764719894675e-10
1.319474835886214414e+01 1.900968611505143647e-10
1.321663019693654206e+01 1.900967458290392580e-10
1.323851203501093998e+01 1.900966305075641514e-10
1.326039387308533790e+01 1.900860151860890580e-10
1.328227571115973760e+01 1.900858998646139772e-10
1.330415754923413552e+01 1.900708845431388771e-10
1.332603938730853343e+01 1.900707692216637704e-10
1.334792122538293135e+01 1.900997539001886601e-10
1.336980306345732927e+01 1.900996385787135793e-10
1.339168490153172897e+01 1.900995232572384726e-10
1.341356673960612689e+01 1.900676079357633620e-10
1.343544857768052481e+01 1.900674926142882553e-10
1.345733041575492273e+01 1.901005772928131336e-10
1.347921225382932064e+01 1.901004619713380528e-10
1.350109409190371856e+01 1.901003466498629461e-10
1.352297592997811826e+01 1.900845313283878495e-10
1.354485776805251618e+01 1.900844160069127428e-10
1.356673960612691410e+01 1.901022006854376553e-10
1.358862144420131202e+01 1.901020853639625486e-10
1.361050328227570994e+01 1.900934700424874466e-10
1.363238512035010963e+01 1.900933547210123399e-10
1.365426695842450755e+01 1.900932393995372591e-10
1.367614879649890547e+01 1.900895240780621681e-10
1.369803063457330339e+01 1.900894087565870614e-10
1.371991247264770131e+01 1.900747934351119337e-10
1.374179431072210100e+01 1.900746781136368529e-10
1.376367614879649892e+01 1.900745627921617462e-10
1.378555798687089684e+01 1.900887474706866485e-10
1.380743982494529476e+01 1.900886321492115418e-10
1.382932166301969268e+01 1.900772168277364261e-10
1.385120350109409060e+01 1.900771015062613453e-10
1.387308533916849029e+01 1.900585861847862410e-10
1.389496717724288821e+01 1.900584708633111344e-10
1.391684901531728613e+01 1.900583555418360277e-10
1.393873085339168405e+01 1.900878402203609475e-10
1.396061269146608197e+01 1.900877248988858408e-10
1.398249452954048166e+01 1.900696095774107348e-10
1.400437636761487958e+01 1.900694942559356281e-10
1.402625820568927750e+01 1.900858789344605596e-10
1.404814004376367542e+01 1.900857636129854529e-10
1.407002188183807334e+01 1.900943482915103279e-10
1.409190371991247126e+01 1.900942329700352212e-10
1.411378555798687096e+01 1.900941176485601404e-10
1.413566739606126887e+01 1.900941023270850397e-10
1.415754923413566679e+01 1.900939870056099330e-10
1.417943107221006471e+01 1.900929716841348238e-10
1.420131291028446263e+01 1.900928563626597430e-10
1.422319474835886233e+01 1.900920410411846458e-10
1.424507658643326025e+01 1.900919257197095392e-10
1.426695842450765817e+01 1.900783103982344201e-10
1.428884026258205608e+01 1.900781950767593134e-10
1.431072210065645400e+01 1.900780797552842326e-10
1.433260393873085370e+01 1.900817644338091482e-10
1.435448577680525162e+01 1.900816491123340415e-10
1.437636761487964954e+01 1.900794337908589117e-10
1.439824945295404746e+01 1.900793184693838308e-10
1.442013129102844537e+01 1.900792031479087242e-10
1.444201312910284329e+01 1.900790878264336175e-10
1.446389496717724299e+01 1.900745725049585299e-10
1.448577680525164091e+01 1.900744571834834491e-10
1.450765864332603883e+01 1.900790418620083414e-10
1.452954048140043675e+01 1.900789265405332347e-10
1.455142231947483467e+01 1.900696112190581164e-10
1.457330415754923436e+01 1.900694958975830355e-10
1.459518599562363228e+01 1.900693805761079289e-10
1.461706783369803020e+01 1.900821652546328243e-10
1.463894967177242812e+01 1.900820499331577176e-10
1.466083150984682604e+01 1.900880346116826167e-10
1.468271334792122573e+01 1.900879192902075359e-10
1.470459518599562365e+01 1.900731039687324221e-10
1.472647702407002157e+01 1.900729886472573154e-10
1.474835886214441949e+01 1.900887733257822107e-10
1.477024070021881741e+01 1.900886580043071299e-10
1.479212253829321533e+01 1.900885426828320232e-10
1.481400437636761502e+01 1.900493273613569120e-10
1.483588621444201294e+01 1.900492120398818053e-10
1.485776805251641086e+01 1.900645967184067282e-10
1.487964989059080878e+01 1.900644813969316215e-10
1.490153172866520670e+01 1.900701660754565284e-10
1.492341356673960640e+01 1.900700507539814218e-10
1.494529540481400431e+01 1.900699354325063409e-10
1.496717724288840223e+01 1.900562201110312158e-10
1.498905908096280015e+01 1.900561047895561092e-10
1.501094091903719807e+01 1.900543894680810094e-10
1.503282275711159599e+01 1.900542741466059286e-10
1.505470459518599569e+01 1.900771588251308125e-10
1.507658643326039360e+01 1.900770435036557058e-10
1.509846827133479152e+01 1.900769281821805991e-10
1.512035010940918944e+01 1.900698128607055100e-10
1.514223194748358736e+01 1.900696975392304291e-10
1.516411378555798706e+01 1.900774822177553075e-10
1.518599562363238498e+01 1.900773668962802008e-10
1.520787746170678290e+01 1.900772515748050942e-10
1.522975929978118081e+01 1.900981362533300126e-10
1.525164113785557873e+01 1.900980209318549059e-10
1.527352297592997843e+01 1.900723056103798071e-10
1.529540481400437635e+01 1.900721902889047004e-10
1.531728665207877427e+01 1.900776749674296211e-10
1.533916849015317219e+01 1.900775596459545144e-10
1.536105032822757011e+01 1.900774443244794078e-10
1.538293216630196802e+01 1.900816290030043018e-10
1.540481400437636772e+01 1.900815136815292210e-10
1.542669584245076564e+01 1.900651983600541201e-10
1.544857768052516356e+01 1.900650830385790134e-10
1.547045951859956148e+01 1.900742677171038986e-10
1.549234135667395940e+01 1.900741523956287920e-10
1.551422319474835909e+01 1.900740370741537111e-10
1.553610503282275701e+01 1.900818217526786154e-10
1.555798687089715493e+01 1.900817064312035087e-10
1.557986870897155285e+01 1.900655911097283940e-10
1.560175054704595077e+01 1.900654757882533132e-10
1.562363238512034869e+01 1.900939604667781985e-10
1.564551422319474838e+01 1.900938451453030919e-10
1.566739606126914630e+01 1.900762298238279902e-10
1.568927789934354422e+01 1.900761145023529093e-10
1.571115973741794214e+01 1.900759991808778027e-10
1.573304157549234006e+01 1.900765838594026865e-10
1.575492341356673975e+01 1.900764685379275798e-10
1.577680525164113767e+01 1.901017532164525049e-10
1.579868708971553559e+01 1.901016378949773983e-10
1.582056892778993351e+01 1.900707225735022962e-10
1.584245076586433143e+01 1.900706072520271895e-10
1.586433260393873113e+01 1.900920919305520924e-10
1.588621444201312904e+01 1.900919766090770116e-10
1.590809628008752696e+01 1.900918612876019049e-10
1.592997811816192488e+01 1.901910459661267867e-10
1.595185995623632280e+01 1.901909306446516800e-10
1.597374179431072072e+01 1.901032153231765922e-10
1.599562363238512042e+01 1.901031000017014855e-10
1.601750547045951834e+01 1.900748846802263911e-10
1.603938730853391803e+01 1.900747693587512845e-10
1.606126914660831417e+01 1.900746540372762036e-10
1.608315098468271387e+01 1.900906387158010852e-10
1.610503282275711001e+01 1.900905233943259785e-10
1.612691466083150971e+01 1.900787080728508903e-10
1.614879649890590585e+01 1.900785927513758095e-10
1.617067833698030555e+01 1.900784774299007029e-10
1.619256017505470524e+01 1.901008621084255824e-10
1.621444201312910138e+01 1.901007467869504757e-10
1.623632385120350108e+01 1.901006314654753949e-10
1.625820568927789722e+01 1.901120161440002835e-10
1.628008752735229692e+01 1.901119008225251768e-10
1.630196936542669661e+01 1.901117855010500702e-10
1.632385120350109275e+01 1.901260701795749785e-10
1.634573304157549245e+01 1.901259548580998976e-10
1.636761487964988859e+01 1.901514395366247831e-10
1.638949671772428829e+01 1.901513242151496764e-10
1.641137855579868798e+01 1.901341088936745730e-10
1.643326039387308413e+01 1.901339935721994922e-10
1.645514223194748382e+01 1.901338782507243855e-10
1.647702407002187996e+01 1.901393629292492803e-10
1.649890590809627966e+01 1.901392476077741737e-10
1.652078774617067936e+01 1.901340322862990956e-10
1.654266958424507550e+01 1.901339169648239890e-10
1.656455142231947519e+01 1.901338016433488823e-10
1.658643326039387134e+01 1.901242863218737777e-10
1.660831509846827103e+01 1.901241710003986969e-10
1.663019693654267073e+01 1.901520556789235719e-10
1.665207877461706687e+01 1.901519403574484652e-10
1.667396061269146657e+01 1.901518250359733586e-10
1.669584245076586271e+01 1.901347097144982612e-10
1.671772428884026240e+01 1.901345943930231803e-10
1.673960612691465855e+01 1.901462790715480870e-10
1.676148796498905824e+01 1.901461637500729803e-10
1.678336980306345794e+01 1.901578484285978611e-10
1.680525164113785408e+01 1.901577331071227803e-10
1.682713347921225377e+01 1.901576177856476737e-10
1.684901531728664992e+01 1.901465024641725760e-10
1.687089715536104961e+01 1.901463871426974693e-10
1.689277899343544931e+01 1.901223718212223696e-10
1.691466083150984545e+01 1.901222564997472629e-10
1.693654266958424515e+01 1.901340411782721756e-10
1.695842450765864129e+01 1.901339258567970690e-10
1.698030634573304098e+01 1.901338105353219881e-10
1.700218818380744068e+01 1.901143952138468813e-10
1.702407002188183682e+01 1.901142798923717747e-10
1.704595185995623652e+01 1.901084645708966605e-10
1.706783369803063266e+01 1.901083492494215796e-10
1.708971553610503236e+01 1.901203339279464785e-10
1.711159737417943205e+01 1.901202186064713719e-10
1.713347921225382819e+01 1.901116032849962698e-10
1.715536105032822789e+01 1.901114879635211632e-10
1.717724288840262403e+01 1.901113726420460823e-10
1.719912472647702373e+01 1.901244573205709700e-10
1.722100656455142342e+01 1.901243419990958633e-10
1.724288840262581957e+01 1.901259266776207557e-10
1.726477024070021926e+01 1.901258113561456749e-10
1.728665207877461540e+01 1.901337960346705653e-10
1.730853391684901510e+01 1.901336807131954587e-10
1.733041575492341124e+01 1.901335653917203520e-10
1.735229759299781094e+01 1.901222500702452682e-10
1.737417943107221063e+01 1.901221347487701615e-10
1.739606126914660678e+01 1.901335194272950501e-10
1.741794310722100647e+01 1.901334041058199434e-10
1.743982494529540261e+01 1.901158887843448736e-10
1.746170678336980231e+01 1.901157734628697669e-10
1.748358862144420200e+01 1.901264581413946650e-10
1.750547045951859815e+01 1.901263428199195583e-10
1.752735229759299784e+01 1.901262274984444517e-10
1.754923413566739399e+01 1.901265121769693691e-10
1.757111597374179368e+01 1.901263968554942624e-10
1.759299781181619338e+01 1.901066815340191375e-10
1.761487964989058952e+01 1.901065662125440309e-10
1.763676148796498921e+01 1.901064508910689501e-10
1.765864332603938536e+01 1.901326355695938519e-10
1.768052516411378505e+01 1.901325202481187452e-10
1.770240700218818475e+01 1.901209049266436433e-10
1.772428884026258089e+01 1.901207896051685624e-10
1.774617067833698059e+01 1.901206742836934558e-10
1.776805251641137673e+01 1.901324589622183426e-10
1.778993435448577642e+01 1.901323436407432360e-10
1.781181619256017612e+01 1.901342283192681464e-10
1.783369803063457226e+01 1.901341129977930398e-10
1.785557986870897196e+01 1.901339976763179331e-10
1.787746170678336810e+01 1.901338823548428264e-10
1.789934354485776780e+01 1.901198670333677349e-10
1.792122538293216394e+01 1.901197517118926541e-10
1.794310722100656363e+01 1.901333363904175461e-10
1.796498905908096333e+01 1.901332210689424394e-10
1.798687089715535947e+01 1.901227057474673262e-10
1.800875273522975917e+01 1.901225904259922454e-10
1.803063457330415531e+01 1.901224751045171387e-10
1.805251641137855501e+01 1.901169597830420426e-10
1.807439824945295470e+01 1.901168444615669359e-10
1.809628008752735084e+01 1.901129291400918587e-10
1.811816192560175054e+01 1.901128138186167520e-10
1.814004376367614668e+01 1.901243984971416268e-10
1.816192560175054638e+01 1.901242831756665201e-10
1.818380743982494607e+01 1.901104678541914407e-10
1.820568927789934222e+01 1.901103525327163340e-10
1.822757111597374191e+01 1.901102372112412274e-10
1.824945295404813805e+01 1.901271218897661373e-10
1.827133479212253775e+01 1.901270065682910565e-10
1.829321663019693744e+01 1.901178912468159501e-10
1.831509846827133359e+01 1.901177759253408435e-10
1.833698030634573328e+01 1.901295606038657303e-10
1.835886214442012943e+01 1.901294452823906236e-10
1.838074398249452912e+01 1.901340299609155418e-10
1.840262582056892882e+01 1.901339146394404351e-10
1.842450765864332496e+01 1.901337993179653284e-10
1.844638949671772465e+01 1.901259839964902229e-10
1.846827133479212080e+01 1.901258686750151421e-10
1.849015317286652049e+01 1.901218533535400330e-10
1.851203501094091664e+01 1.901217380320649263e-10
1.853391684901531633e+01 1.901277227105898254e-10
1.855579868708971603e+01 1.901276073891147446e-10
1.857768052516411217e+01 1.901274920676396380e-10
1.859956236323851186e+01 1.901223767461645142e-10
1.862144420131290801e+01 1.901222614246894076e-10
1.864332603938730770e+01 1.901266461032143395e-10
1.866520787746170740e+01 1.901265307817392328e-10
1.868708971553610354e+01 1.901305154602641148e-10
1.870897155361050324e+01 1.901304001387890081e-10
1.873085339168489938e+01 1.901302848173139015e-10
1.875273522975929907e+01 1.901172694958388185e-10
1.877461706783369877e+01 1.901171541743637119e-10
1.879649890590809491e+01 1.901458388528886093e-10
1.881838074398249461e+01 1.901457235314135026e-10
1.884026258205689075e+01 1.901291082099384353e-10
1.886214442013129045e+01 1.901289928884633287e-10
1.888402625820569014e+01 1.901309775669882193e-10
1.890590809628008628e+01 1.901308622455131127e-10
1.892778993435448598e+01 1.901307469240380318e-10
1.894967177242888212e+01 1.901425316025629187e-10
1.897155361050328182e+01 1.901424162810878120e-10
1.899343544857768151e+01 1.901179009596127080e-10
1.901531728665207766e+01 1.901177856381376272e-10
1.903719912472647735e+01 1.901214703166625169e-10
1.905908096280087349e+01 1.901213549951874102e-10
1.908096280087527319e+01 1.901205396737123131e-10
1.910284463894966933e+01 1.901204243522372323e-10
1.912472647702406903e+01 1.901203090307621256e-10
1.914660831509846872e+01 1.901150937092870217e-10
1.916849015317286486e+01 1.901149783878119150e-10
1.919037199124726456e+01 1.901135630663368075e-10
1.921225382932166070e+01 1.901134477448617267e-10
1.923413566739606040e+01 1.901356324233866201e-10
1.925601750547046009e+01 1.901355171019115134e-10
1.927789934354485624e+01 1.901354017804364067e-10
1.929978118161925593e+01 1.901173864589613068e-10
1.932166301969365207e+01 1.901172711374862001e-10
1.934354485776805177e+01 1.901284558160111025e-10
1.936542669584245147e+01 1.901283404945359958e-10
1.938730853391684761e+01 1.901401251730609085e-10
1.940919037199124730e+01 1.901400098515858018e-10
1.943107221006564345e+01 1.901293945301107085e-10
1.945295404814004314e+01 1.901292792086356018e-10
1.947483588621444284e+01 1.901291638871605210e-10
1.949671772428883898e+01 1.901384485656854122e-10
1.951859956236323868e+01 1.901383332442103056e-10
1.954048140043763482e+01 1.901288179227352010e-10
1.956236323851203451e+01 1.901287026012600943e-10
1.958424507658643421e+01 1.901173872797850105e-10
1.960612691466083035e+01 1.901172719583099038e-10
1.962800875273523005e+01 1.901171566368347971e-10
1.964989059080962619e+01 1.901170413153596904e-10
1.967177242888402589e+01 1.901294259938846135e-10
1.969365426695842203e+01 1.901293106724095068e-10
1.971553610503282172e+01 1.901148953509343912e-10
1.973741794310722142e+01 1.901147800294592845e-10
1.975929978118161756e+01 1.901197647079842009e-10
1.978118161925601726e+01 1.901196493865090942e-10
1.980306345733041340e+01 1.901195340650339876e-10
1.982494529540481309e+01 1.901359187435588932e-10
1.984682713347921279e+01 1.901358034220838124e-10
1.986870897155360893e+01 1.901374881006087108e-10
1.989059080962800863e+01 1.901373727791336041e-10
1.991247264770240477e+01 1.901299574576584969e-10
1.993435448577680447e+01 1.901298421361833902e-10
1.995623632385120416e+01 1.901297268147083094e-10
1.997811816192560030e+01 1.901463114932332012e-10
