0.000000000000000000e+00 1.862211999999999990e-10
2.188183807439824866e-02 1.862005102447902060e-10
4.376367614879649731e-02 1.862005204895804200e-10
6.564551422319474250e-02 1.862327307343706363e-10
8.752735229759299462e-02 1.862327409791608761e-10
1.094091903719912467e-01 1.861949512239510864e-10
1.312910284463894850e-01 1.861949614687413004e-10
1.531728665207877371e-01 1.861949717135315144e-10
1.750547045951859892e-01 1.861962819583217292e-10
1.969365426695842414e-01 1.861962922031119432e-10
2.188183807439824935e-01 1.862142024479021764e-10
2.407002188183807456e-01 1.862142126926924163e-10
2.625820568927789700e-01 1.862084229374826167e-10
2.844638949671772221e-01 1.862084331822728307e-10
3.063457330415754742e-01 1.862084434270630447e-10
3.282275711159737264e-01 1.862119536718532629e-10
3.501094091903719785e-01 1.862119639166434769e-10
3.719912472647702306e-01 1.862233741614336801e-10
3.938730853391684827e-01 1.862233844062239200e-10
4.157549234135667349e-01 1.862233946510141340e-10
4.376367614879649870e-01 1.862170048958043500e-10
4.595185995623632391e-01 1.862170151405945640e-10
4.814004376367614912e-01 1.862089253853847809e-10
5.032822757111596879e-01 1.862089356301749949e-10
5.251641137855579400e-01 1.862328458749652020e-10
5.470459518599561921e-01 1.862328561197554418e-10
5.689277899343544442e-01 1.862328663645456558e-10
5.908096280087526964e-01 1.862050766093358743e-10
6.126914660831509485e-01 1.862050868541260884e-10
6.345733041575492006e-01 1.862126970989163210e-10
6.564551422319474527e-01 1.862127073437065350e-10
6.783369803063457049e-01 1.862090175884967328e-10
7.002188183807439570e-01 1.862090278332869468e-10
7.221006564551422091e-01 1.862090380780771867e-10
7.439824945295404612e-01 1.861997483228674088e-10
7.658643326039387134e-01 1.861997585676576228e-10
7.877461706783369655e-01 1.862123688124478208e-10
8.096280087527352176e-01 1.862123790572380348e-10
8.315098468271334697e-01 1.862268893020282698e-10
8.533916849015317219e-01 1.862268995468184838e-10
8.752735229759299740e-01 1.862269097916087237e-10
8.971553610503282261e-01 1.862269200363989377e-10
9.190371991247264782e-01 1.862366302811891419e-10
9.409190371991247304e-01 1.862366405259793559e-10
9.628008752735229825e-01 1.862356507707695613e-10
9.846827133479212346e-01 1.862356610155597753e-10
1.006564551422319376e+00 1.862062712603500008e-10
1.028446389496717739e+00 1.862062815051402406e-10
1.050328227571115880e+00 1.862062917499304546e-10
1.072210065645514243e+00 1.862139019947206615e-10
1.094091903719912384e+00 1.862139122395108755e-10
1.115973741794310747e+00 1.862065224843010829e-10
1.137855579868708888e+00 1.862065327290912969e-10
1.159737417943107252e+00 1.862159429738815347e-10
1.181619256017505393e+00 1.862159532186717745e-10
1.203501094091903756e+00 1.861979634634619892e-10
1.225382932166301897e+00 1.861979737082522032e-10
1.247264770240700260e+00 1.861979839530424172e-10
1.269146608315098401e+00 1.862234941978326173e-10
1.291028446389496764e+00 1.862235044426228314e-10
1.312910284463894905e+00 1.862111146874130476e-10
1.334792122538293269e+00 1.862111249322032874e-10
1.356673960612691410e+00 1.862237351769935113e-10
1.378555798687089773e+00 1.862237454217837253e-10
1.400437636761487914e+00 1.862237556665739393e-10
1.422319474835886055e+00 1.862317659113641444e-10
1.444201312910284418e+00 1.862317761561543584e-10
1.466083150984682559e+00 1.862130864009445826e-10
1.487964989059080922e+00 1.862130966457348225e-10
1.509846827133479064e+00 1.862114068905250374e-10
1.531728665207877427e+00 1.862114171353152514e-10
1.553610503282275568e+00 1.862134273801054567e-10
1.575492341356673931e+00 1.862134376248956707e-10
1.597374179431072072e+00 1.862134478696858847e-10
1.619256017505470435e+00 1.861988581144760976e-10
1.641137855579868576e+00 1.861988683592663374e-10
1.663019693654266939e+00 1.862064786040565443e-10
1.684901531728665081e+00 1.862064888488467583e-10
1.706783369803063444e+00 1.862277990936369896e-10
1.728665207877461585e+00 1.862278093384272036e-10
1.750547045951859948e+00 1.862278195832174176e-10
1.772428884026258089e+00 1.862054298280076255e-10
1.794310722100656452e+00 1.862054400727978395e-10
1.816192560175054593e+00 1.862307503175880793e-10
1.838074398249452956e+00 1.862307605623782933e-10
1.859956236323851098e+00 1.862210708071684913e-10
1.881838074398249461e+00 1.862210810519587053e-10
1.903719912472647602e+00 1.861984912967489271e-10
1.925601750547045965e+00 1.861985015415391411e-10
1.947483588621444106e+00 1.861985117863293551e-10
1.969365426695842469e+00 1.862236220311196087e-10
1.991247264770240610e+00 1.862236322759098227e-10
2.013129102844638751e+00 1.861935425207000318e-10
2.035010940919037115e+00 1.861935527654902458e-10
2.056892778993435478e+00 1.861970630102804640e-10
2.078774617067833841e+00 1.861970732550706780e-10
2.100656455142231760e+00 1.861963834998608756e-10
2.122538293216630123e+00 1.861963937446511155e-10
2.144420131291028486e+00 1.861964039894413295e-10
2.166301969365426405e+00 1.862074142342315603e-10
2.188183807439824768e+00 1.862074244790217743e-10
2.210065645514223132e+00 1.862074347238119884e-10
2.231947483588621495e+00 1.862074449686022024e-10
2.253829321663019414e+00 1.862153552133924014e-10
2.275711159737417777e+00 1.862153654581826413e-10
2.297592997811816140e+00 1.862153757029728553e-10
2.319474835886214503e+00 1.862204859477630665e-10
2.341356673960612422e+00 1.862204961925532805e-10
2.363238512035010785e+00 1.862166064373434921e-10
2.385120350109409149e+00 1.862166166821337061e-10
2.407002188183807512e+00 1.862255269269239396e-10
2.428884026258205431e+00 1.862255371717141795e-10
2.450765864332603794e+00 1.862028474165043952e-10
2.472647702407002157e+00 1.862028576612946092e-10
2.494529540481400520e+00 1.862028679060848232e-10
2.516411378555798439e+00 1.862061781508750293e-10
2.538293216630196802e+00 1.862061883956652433e-10
2.560175054704595166e+00 1.862118986404554649e-10
2.582056892778993529e+00 1.862119088852457047e-10
2.603938730853391448e+00 1.862020191300359165e-10
2.625820568927789811e+00 1.862020293748261305e-10
2.647702407002188174e+00 1.862020396196163446e-10
2.669584245076586537e+00 1.862020498644065586e-10
2.691466083150984456e+00 1.862456601091967640e-10
2.713347921225382819e+00 1.862456703539869780e-10
2.735229759299781183e+00 1.862269805987772281e-10
2.757111597374179546e+00 1.862269908435674421e-10
2.778993435448577465e+00 1.862415010883576512e-10
2.800875273522975828e+00 1.862415113331478652e-10
2.822757111597374191e+00 1.862415215779380793e-10
2.844638949671772110e+00 1.862377318227282969e-10
2.866520787746170473e+00 1.862377420675185109e-10
2.888402625820568836e+00 1.862335523123087044e-10
2.910284463894967200e+00 1.862335625570989442e-10
2.932166301969365119e+00 1.862203728018891639e-10
2.954048140043763482e+00 1.862203830466793779e-10
2.975929978118161845e+00 1.862039932914695856e-10
2.997811816192560208e+00 1.862040035362597996e-10
3.019693654266958127e+00 1.862040137810500137e-10
3.041575492341356490e+00 1.862431240258402322e-10
3.063457330415754853e+00 1.862431342706304721e-10
3.085339168490153217e+00 1.862175445154206939e-10
3.107221006564551136e+00 1.862175547602109079e-10
3.129102844638949499e+00 1.862221650050011149e-10
3.150984682713347862e+00 1.862221752497913289e-10
3.172866520787746225e+00 1.862221854945815429e-10
3.194748358862144144e+00 1.862410957393717588e-10
3.216630196936542507e+00 1.862411059841619986e-10
3.238512035010940870e+00 1.862151162289522222e-10
3.260393873085339234e+00 1.862151264737424363e-10
3.282275711159737153e+00 1.862251367185326327e-10
3.304157549234135516e+00 1.862251469633228467e-10
3.326039387308533879e+00 1.862126572081130827e-10
3.347921225382932242e+00 1.862126674529032967e-10
3.369803063457330161e+00 1.862126776976935366e-10
3.391684901531728524e+00 1.862131879424837290e-10
3.413566739606126887e+00 1.862131981872739430e-10
3.435448577680525251e+00 1.862186084320641723e-10
3.457330415754923170e+00 1.862186186768543863e-10
3.479212253829321533e+00 1.862321289216445869e-10
3.501094091903719896e+00 1.862321391664348009e-10
3.522975929978117815e+00 1.862321494112250408e-10
3.544857768052516178e+00 1.862093596560152763e-10
3.566739606126914541e+00 1.862093699008054903e-10
3.588621444201312904e+00 1.862312801455956802e-10
3.610503282275710824e+00 1.862312903903858943e-10
3.632385120350109187e+00 1.862550006351761151e-10
3.654266958424507550e+00 1.862550108799663291e-10
3.676148796498905913e+00 1.862259211247565727e-10
3.698030634573303832e+00 1.862259313695467867e-10
3.719912472647702195e+00 1.862259416143370007e-10
3.741794310722100558e+00 1.862036518591272147e-10
3.763676148796498921e+00 1.862036621039174287e-10
3.785557986870896841e+00 1.862028723487076462e-10
3.807439824945295204e+00 1.862028825934978602e-10
3.829321663019693567e+00 1.862176928382880874e-10
3.851203501094091930e+00 1.862177030830783014e-10
3.873085339168489849e+00 1.862177133278685154e-10
3.894967177242888212e+00 1.862049235726587334e-10
3.916849015317286575e+00 1.862049338174489474e-10
3.938730853391684938e+00 1.862164440622391566e-10
3.960612691466082858e+00 1.862164543070293707e-10
3.982494529540481221e+00 1.862150645518196037e-10
4.004376367614879584e+00 1.862150747966098435e-10
4.026258205689277503e+00 1.862150850414000575e-10
4.048140043763676310e+00 1.862157952861902620e-10
4.070021881838074229e+00 1.862158055309804760e-10
4.091903719912472148e+00 1.862315157757706800e-10
4.113785557986870955e+00 1.862315260205608940e-10
4.135667396061268875e+00 1.862111362653511191e-10
4.157549234135667682e+00 1.862111465101413590e-10
4.179431072210065601e+00 1.862111567549315730e-10
4.201312910284463520e+00 1.862044669997217967e-10
4.223194748358862327e+00 1.862044772445120107e-10
4.245076586433260246e+00 1.862044874893022247e-10
4.266958424507658165e+00 1.862255977340924181e-10
4.288840262582056972e+00 1.862256079788826321e-10
4.310722100656454892e+00 1.862256182236728720e-10
4.332603938730852811e+00 1.862033284684630860e-10
4.354485776805251618e+00 1.862033387132533000e-10
4.376367614879649537e+00 1.862295489580435165e-10
4.398249452954048344e+00 1.862295592028337305e-10
4.420131291028446263e+00 1.862295694476239445e-10
4.442013129102844182e+00 1.862203796924141726e-10
4.463894967177242989e+00 1.862203899372044125e-10
4.485776805251640909e+00 1.862270001819946107e-10
4.507658643326038828e+00 1.862270104267848247e-10
4.529540481400437635e+00 1.862393206715750564e-10
4.551422319474835554e+00 1.862393309163652704e-10
4.573304157549234361e+00 1.862388411611554801e-10
4.595185995623632280e+00 1.862388514059456941e-10
4.617067833698030199e+00 1.862388616507359340e-10
4.638949671772429006e+00 1.862129718955261377e-10
4.660831509846826926e+00 1.862129821403163518e-10
4.682713347921224845e+00 1.862359923851065821e-10
4.704595185995623652e+00 1.862360026298967961e-10
4.726477024070021571e+00 1.862258128746869899e-10
4.748358862144420378e+00 1.862258231194772039e-10
4.770240700218818297e+00 1.862258333642674437e-10
4.792122538293216216e+00 1.862156436090576633e-10
4.814004376367615023e+00 1.862156538538478773e-10
4.835886214442012943e+00 1.862404640986380869e-10
4.857768052516410862e+00 1.862404743434283009e-10
4.879649890590809669e+00 1.862404845882185149e-10
4.901531728665207588e+00 1.862117948330087309e-10
4.923413566739605507e+00 1.862118050777989707e-10
4.945295404814004314e+00 1.862431153225891844e-10
4.967177242888402233e+00 1.862431255673793984e-10
4.989059080962801040e+00 1.862377358121696230e-10
5.010940919037198960e+00 1.862377460569598370e-10
5.032822757111596879e+00 1.862377563017500510e-10
5.054704595185995686e+00 1.862291665465402636e-10
5.076586433260393605e+00 1.862291767913305035e-10
5.098468271334791524e+00 1.862293870361207295e-10
5.120350109409190331e+00 1.862293972809109435e-10
5.142231947483588250e+00 1.862260075257011336e-10
5.164113785557987057e+00 1.862260177704913476e-10
5.185995623632384977e+00 1.862260280152815616e-10
5.207877461706782896e+00 1.862188382600717810e-10
5.229759299781181703e+00 1.862188485048619950e-10
5.251641137855579622e+00 1.862182587496522504e-10
5.273522975929977541e+00 1.862182689944424644e-10
5.295404814004376348e+00 1.862298792392326797e-10
5.317286652078774267e+00 1.862298894840228937e-10
5.339168490153173074e+00 1.862298997288131077e-10
5.361050328227570994e+00 1.862096099736033130e-10
5.382932166301968913e+00 1.862096202183935270e-10
5.404814004376367720e+00 1.862396304631837658e-10
5.426695842450765639e+00 1.862396407079739798e-10
5.448577680525163558e+00 1.862322509527641872e-10
5.470459518599562365e+00 1.862322611975544012e-10
5.492341356673960284e+00 1.862325714423446333e-10
5.514223194748359091e+00 1.862325816871348473e-10
5.536105032822757011e+00 1.862325919319250613e-10
5.557986870897154930e+00 1.862401021767152879e-10
5.579868708971553737e+00 1.862401124215055019e-10
5.601750547045951656e+00 1.862382226662957048e-10
5.623632385120349575e+00 1.862382329110859188e-10
5.645514223194748382e+00 1.862228431558761352e-10
5.667396061269146301e+00 1.862228534006663492e-10
5.689277899343544220e+00 1.862228636454565632e-10
5.711159737417943028e+00 1.862349738902468086e-10
5.733041575492340947e+00 1.862349841350370226e-10
5.754923413566739754e+00 1.862267943798272335e-10
5.776805251641137673e+00 1.862268046246174475e-10
5.798687089715535592e+00 1.862082148694076777e-10
5.820568927789934399e+00 1.862082251141978917e-10
5.842450765864332318e+00 1.862082353589881057e-10
5.864332603938730237e+00 1.862177456037783237e-10
5.886214442013129045e+00 1.862177558485685377e-10
5.908096280087526964e+00 1.862177660933587517e-10
5.929978118161925771e+00 1.862242763381489698e-10
5.951859956236323690e+00 1.862242865829391838e-10
5.973741794310721609e+00 1.862269968277294054e-10
5.995623632385120416e+00 1.862270070725196194e-10
6.017505470459518335e+00 1.862270173173098593e-10
6.039387308533916254e+00 1.862485275621000768e-10
6.061269146608315062e+00 1.862485378068902908e-10
6.083150984682712981e+00 1.862106480516804951e-10
6.105032822757111788e+00 1.862106582964707091e-10
6.126914660831509707e+00 1.862109685412609412e-10
6.148796498905907626e+00 1.862109787860511552e-10
6.170678336980306433e+00 1.862109890308413950e-10
6.192560175054704352e+00 1.862194992756316044e-10
6.214442013129102271e+00 1.862195095204218184e-10
6.236323851203501079e+00 1.862099197652120224e-10
6.258205689277898998e+00 1.862099300100022365e-10
6.280087527352297805e+00 1.862189402547924501e-10
6.301969365426695724e+00 1.862189504995826641e-10
6.323851203501093643e+00 1.862189607443728781e-10
6.345733041575492450e+00 1.862318709891631201e-10
6.367614879649890369e+00 1.862318812339533341e-10
6.389496717724288288e+00 1.862202914787435468e-10
6.411378555798687096e+00 1.862203017235337608e-10
6.433260393873085015e+00 1.862203119683239748e-10
6.455142231947482934e+00 1.862149222131141994e-10
6.477024070021881741e+00 1.862149324579044134e-10
6.498905908096279660e+00 1.862406427026946514e-10
6.520787746170678467e+00 1.862406529474848654e-10
6.542669584245076386e+00 1.861975631922750664e-10
6.564551422319474305e+00 1.861975734370652804e-10
6.586433260393873113e+00 1.861975836818554944e-10
6.608315098468271032e+00 1.862192939266457240e-10
6.630196936542668951e+00 1.862193041714359380e-10
6.652078774617067758e+00 1.862267144162261586e-10
6.673960612691465677e+00 1.862267246610163726e-10
6.695842450765864484e+00 1.862013349058066066e-10
6.717724288840262403e+00 1.862013451505968206e-10
6.739606126914660322e+00 1.862400553953870150e-10
6.761487964989059130e+00 1.862400656401772290e-10
6.783369803063457049e+00 1.862400758849674430e-10
6.805251641137854968e+00 1.862269861297576946e-10
6.827133479212253775e+00 1.862269963745479086e-10
6.849015317286651694e+00 1.862327066193381301e-10
6.870897155361050501e+00 1.862327168641283442e-10
6.892778993435448420e+00 1.862326271089185521e-10
6.914660831509846339e+00 1.862326373537087661e-10
6.936542669584245147e+00 1.862326475984989802e-10
6.958424507658643066e+00 1.862331578432892243e-10
6.980306345733040985e+00 1.862331680880794383e-10
7.002188183807439792e+00 1.862114783328696368e-10
7.024070021881837711e+00 1.862114885776598508e-10
7.045951859956235630e+00 1.862296988224500762e-10
7.067833698030634437e+00 1.862297090672402902e-10
7.089715536105032356e+00 1.862180193120304969e-10
7.111597374179431164e+00 1.862180295568207367e-10
7.133479212253829083e+00 1.862180398016109507e-10
7.155361050328227002e+00 1.862044500464011721e-10
7.177242888402625809e+00 1.862044602911913862e-10
7.199124726477023728e+00 1.862338705359815887e-10
7.221006564551421647e+00 1.862338807807718027e-10
7.242888402625820454e+00 1.862146910255620226e-10
7.264770240700218373e+00 1.862147012703522625e-10
7.286652078774617181e+00 1.862147115151424765e-10
7.308533916849015100e+00 1.862224217599326893e-10
7.330415754923413019e+00 1.862224320047229034e-10
7.352297592997811826e+00 1.862361422495131160e-10
7.374179431072209745e+00 1.862361524943033300e-10
7.396061269146607664e+00 1.862431627390935523e-10
7.417943107221006471e+00 1.862431729838837664e-10
7.439824945295404390e+00 1.862431832286740062e-10
7.461706783369803198e+00 1.862194934734642134e-10
7.483588621444201117e+00 1.862195037182544274e-10
7.505470459518599036e+00 1.862433139630446543e-10
7.527352297592997843e+00 1.862433242078348683e-10
7.549234135667395762e+00 1.862433344526250823e-10
7.571115973741793681e+00 1.862242446974152824e-10
7.592997811816192488e+00 1.862242549422055222e-10
7.614879649890590407e+00 1.862151651869957305e-10
7.636761487964989215e+00 1.862151754317859446e-10
7.658643326039387134e+00 1.862151856765761586e-10
7.680525164113785053e+00 1.862151959213663726e-10
7.702407002188183860e+00 1.862035061661566051e-10
7.724288840262581779e+00 1.862035164109468191e-10
7.746170678336979698e+00 1.862001266557370608e-10
7.768052516411378505e+00 1.862001369005272748e-10
7.789934354485776424e+00 1.862201471453174795e-10
7.811816192560174343e+00 1.862201573901076935e-10
7.833698030634573151e+00 1.862201676348979075e-10
7.855579868708971070e+00 1.862116778796881261e-10
7.877461706783369877e+00 1.862116881244783401e-10
7.899343544857767796e+00 1.862120983692685783e-10
7.921225382932165715e+00 1.862121086140587923e-10
7.943107221006564522e+00 1.862343188588490003e-10
7.964989059080962441e+00 1.862343291036392143e-10
7.986870897155360360e+00 1.862114393484294438e-10
8.008752735229759168e+00 1.862114495932196578e-10
8.030634573304157087e+00 1.862114598380098718e-10
8.052516411378555006e+00 1.862159700828000986e-10
8.074398249452952925e+00 1.862159803275903126e-10
8.096280087527352620e+00 1.862107905723805233e-10
8.118161925601750539e+00 1.862108008171707374e-10
8.140043763676148458e+00 1.861993110619609561e-10
8.161925601750546377e+00 1.861993213067511701e-10
8.183807439824944296e+00 1.861993315515413841e-10
8.205689277899343992e+00 1.862051417963316117e-10
8.227571115973741911e+00 1.862051520411218257e-10
8.249452954048139830e+00 1.862294622859120569e-10
8.271334792122537749e+00 1.862294725307022709e-10
8.293216630196935668e+00 1.862094827754924684e-10
8.315098468271335364e+00 1.862094930202826824e-10
8.336980306345733283e+00 1.862219032650729201e-10
8.358862144420131202e+00 1.862219135098631600e-10
8.380743982494529121e+00 1.862219237546533740e-10
8.402625820568927040e+00 1.862246339994435698e-10
8.424507658643324959e+00 1.862246442442337838e-10
8.446389496717724654e+00 1.861998544890240022e-10
8.468271334792122573e+00 1.861998647338142162e-10
8.490153172866520492e+00 1.862274749786044395e-10
8.512035010940918411e+00 1.862274852233946535e-10
8.533916849015316330e+00 1.862274954681848934e-10
8.555798687089716026e+00 1.862000057129751041e-10
8.577680525164113945e+00 1.862000159577653181e-10
8.599562363238511864e+00 1.862085262025555275e-10
8.621444201312909783e+00 1.862085364473457415e-10
8.643326039387307702e+00 1.862085466921359555e-10
8.665207877461705621e+00 1.862160569369261563e-10
8.687089715536105317e+00 1.862160671817163962e-10
8.708971553610503236e+00 1.862130774265066103e-10
8.730853391684901155e+00 1.862130876712968243e-10
8.752735229759299074e+00 1.862132979160870504e-10
8.774617067833696993e+00 1.862133081608772644e-10
8.796498905908096688e+00 1.862133184056674784e-10
8.818380743982494607e+00 1.862257286504576902e-10
8.840262582056892526e+00 1.862257388952479301e-10
8.862144420131290445e+00 1.862261491400381423e-10
8.884026258205688364e+00 1.862261593848283563e-10
8.905908096280088060e+00 1.862151696296185794e-10
8.927789934354485979e+00 1.862151798744087934e-10
8.949671772428883898e+00 1.862151901191990074e-10
8.971553610503281817e+00 1.862289003639892200e-10
8.993435448577679736e+00 1.862289106087794599e-10
9.015317286652077655e+00 1.862068208535696601e-10
9.037199124726477351e+00 1.862068310983598741e-10
9.059080962800875270e+00 1.862138413431500964e-10
9.080962800875273189e+00 1.862138515879403104e-10
9.102844638949671108e+00 1.862103618327305203e-10
9.124726477024069027e+00 1.862103720775207343e-10
9.146608315098468722e+00 1.862103823223109741e-10
9.168490153172866641e+00 1.861981925671012024e-10
9.190371991247264560e+00 1.861982028118914164e-10
9.212253829321662479e+00 1.862043130566816104e-10
9.234135667396060398e+00 1.862043233014718244e-10
9.256017505470458318e+00 1.862043335462620384e-10
9.277899343544858013e+00 1.862223437910522776e-10
9.299781181619255932e+00 1.862223540358425174e-10
9.321663019693653851e+00 1.862223642806327314e-10
9.343544857768051770e+00 1.862471745254229410e-10
9.365426695842449689e+00 1.862471847702131551e-10
9.387308533916849385e+00 1.862441950150033692e-10
9.409190371991247304e+00 1.862442052597935832e-10
9.431072210065645223e+00 1.862186155045837792e-10
9.452954048140043142e+00 1.862186257493740191e-10
9.474835886214441061e+00 1.862186359941642331e-10
9.496717724288840756e+00 1.862271462389544683e-10
9.518599562363238675e+00 1.862271564837446823e-10
9.540481400437636594e+00 1.862180667285348906e-10
9.562363238512034513e+00 1.862180769733251046e-10
9.584245076586432432e+00 1.862149872181153127e-10
9.606126914660830352e+00 1.862149974629055267e-10
9.628008752735230047e+00 1.862150077076957666e-10
9.649890590809627966e+00 1.862143179524859901e-10
9.671772428884025885e+00 1.862143281972762041e-10
9.693654266958423804e+00 1.862333384420664002e-10
9.715536105032821723e+00 1.862333486868566142e-10
9.737417943107221419e+00 1.862146589316468384e-10
9.759299781181619338e+00 1.862146691764370524e-10
9.781181619256017257e+00 1.862345794212273027e-10
9.803063457330415176e+00 1.862345896660175167e-10
9.824945295404813095e+00 1.862345999108077307e-10
9.846827133479211014e+00 1.862304101555979242e-10
9.868708971553610709e+00 1.862304204003881382e-10
9.890590809628008628e+00 1.862246306451783645e-10
9.912472647702406547e+00 1.862246408899685785e-10
9.934354485776804466e+00 1.862415511347588031e-10
9.956236323851202386e+00 1.862415613795490171e-10
9.978118161925602081e+00 1.862415716243392311e-10
1.000000000000000000e+01 1.867681818691294441e-10
1.002188183807439792e+01 1.867681921139196581e-10
1.004376367614879584e+01 1.864464023587098878e-10
1.006564551422319376e+01 1.864464126035001018e-10
1.008752735229759345e+01 1.864517228482903509e-10
1.010940919037199137e+01 1.864517330930805649e-10
1.013129102844638929e+01 1.864755433378707660e-10
1.015317286652078721e+01 1.864755535826609800e-10
1.017505470459518513e+01 1.864755638274511940e-10
1.019693654266958305e+01 1.864479740722413987e-10
1.021881838074398274e+01 1.864479843170316127e-10
1.024070021881838066e+01 1.864469945618218698e-10
1.026258205689277858e+01 1.864470048066120838e-10
1.028446389496717650e+01 1.864128150514022785e-10
1.030634573304157442e+01 1.864128252961924925e-10
1.032822757111597411e+01 1.864128355409827065e-10
1.035010940919037203e+01 1.864419457857729426e-10
1.037199124726476995e+01 1.864419560305631567e-10
1.039387308533916787e+01 1.864135662753533907e-10
1.041575492341356579e+01 1.864135765201436047e-10
1.043763676148796549e+01 1.864135867649338187e-10
1.045951859956236341e+01 1.864294970097240347e-10
1.048140043763676132e+01 1.864295072545142487e-10
1.050328227571115924e+01 1.864409174993044519e-10
1.052516411378555716e+01 1.864409277440946660e-10
1.054704595185995508e+01 1.864248379888849176e-10
1.056892778993435478e+01 1.864248482336751316e-10
1.059080962800875270e+01 1.864248584784653456e-10
1.061269146608315062e+01 1.864329687232555568e-10
1.063457330415754853e+01 1.864329789680457708e-10
1.065645514223194645e+01 1.864369892128359674e-10
1.067833698030634615e+01 1.864369994576261814e-10
1.070021881838074407e+01 1.864250097024164217e-10
1.072210065645514199e+01 1.864250199472066357e-10
1.074398249452953991e+01 1.864250301919968497e-10
1.076586433260393783e+01 1.864283404367870817e-10
1.078774617067833574e+01 1.864283506815772957e-10
1.080962800875273544e+01 1.864319609263674941e-10
1.083150984682713336e+01 1.864319711711577081e-10
1.085339168490153128e+01 1.864059814159479317e-10
1.087527352297592920e+01 1.864059916607381715e-10
1.089715536105032712e+01 1.864060019055283856e-10
1.091903719912472681e+01 1.864246121503186092e-10
1.094091903719912473e+01 1.864246223951088232e-10
1.096280087527352265e+01 1.864279326398990293e-10
1.098468271334792057e+01 1.864279428846892433e-10
1.100656455142231849e+01 1.864101531294794442e-10
1.102844638949671818e+01 1.864101633742696841e-10
1.105032822757111610e+01 1.864101736190598981e-10
1.107221006564551402e+01 1.864101838638501121e-10
1.109409190371991194e+01 1.864419941086403301e-10
1.111597374179430986e+01 1.864420043534305441e-10
1.113785557986870778e+01 1.864429145982207607e-10
1.115973741794310747e+01 1.864429248430109747e-10
1.118161925601750539e+01 1.864167350878012121e-10
1.120350109409190331e+01 1.864167453325914261e-10
1.122538293216630123e+01 1.864167555773816401e-10
1.124726477024069915e+01 1.864403658221718549e-10
1.126914660831509885e+01 1.864403760669620689e-10
1.129102844638949676e+01 1.864220863117522914e-10
1.131291028446389468e+01 1.864220965565425054e-10
1.133479212253829260e+01 1.864164068013327377e-10
1.135667396061269052e+01 1.864164170461229517e-10
1.137855579868708844e+01 1.864164272909131657e-10
1.140043763676148814e+01 1.864383375357033815e-10
1.142231947483588606e+01 1.864383477804935955e-10
1.144420131291028397e+01 1.864085580252838227e-10
1.146608315098468189e+01 1.864085682700740367e-10
1.148796498905907981e+01 1.864266785148642561e-10
1.150984682713347951e+01 1.864266887596544701e-10
1.153172866520787743e+01 1.864298990044446960e-10
1.155361050328227535e+01 1.864299092492349100e-10
1.157549234135667326e+01 1.864299194940251240e-10
1.159737417943107118e+01 1.864315297388153311e-10
1.161925601750547088e+01 1.864315399836055451e-10
1.164113785557986880e+01 1.864266502283957998e-10
1.166301969365426672e+01 1.864266604731860138e-10
1.168490153172866464e+01 1.864266707179762278e-10
1.170678336980306256e+01 1.864284809627664211e-10
1.172866520787746047e+01 1.864284912075566351e-10
1.175054704595186017e+01 1.864200014523468537e-10
1.177242888402625809e+01 1.864200116971370677e-10
1.179431072210065601e+01 1.864200219419273076e-10
1.181619256017505393e+01 1.864244321867175283e-10
1.183807439824945185e+01 1.864244424315077423e-10
1.185995623632385154e+01 1.864107526762979577e-10
1.188183807439824946e+01 1.864107629210881717e-10
1.190371991247264738e+01 1.864094731658783849e-10
1.192560175054704530e+01 1.864094834106685989e-10
1.194748358862144322e+01 1.864094936554588129e-10
1.196936542669584114e+01 1.864212039002490601e-10
1.199124726477024083e+01 1.864212141450392741e-10
1.201312910284463875e+01 1.864394243898294737e-10
1.203501094091903667e+01 1.864394346346196877e-10
1.205689277899343459e+01 1.864385448794098991e-10
1.207877461706783251e+01 1.864385551242001131e-10
1.210065645514223220e+01 1.864385653689903271e-10
1.212253829321663012e+01 1.864233756137805814e-10
1.214442013129102804e+01 1.864233858585707954e-10
1.216630196936542596e+01 1.864326961033610013e-10
1.218818380743982388e+01 1.864327063481512153e-10
1.221006564551422358e+01 1.864327165929414293e-10
1.223194748358862149e+01 1.864153268377316543e-10
1.225382932166301941e+01 1.864153370825218683e-10
1.227571115973741733e+01 1.864148473273121039e-10
1.229759299781181525e+01 1.864148575721023179e-10
1.231947483588621317e+01 1.864294678168925331e-10
1.234135667396061287e+01 1.864294780616827471e-10
1.236323851203501079e+01 1.864294883064729611e-10
1.238512035010940870e+01 1.864079985512631716e-10
1.240700218818380662e+01 1.864080087960533856e-10
1.242888402625820454e+01 1.864254190408436145e-10
1.245076586433260424e+01 1.864254292856338285e-10
1.247264770240700216e+01 1.864268395304240493e-10
1.249452954048140008e+01 1.864268497752142633e-10
1.251641137855579800e+01 1.864268600200044773e-10
1.253829321663019591e+01 1.864226702647946967e-10
1.256017505470459561e+01 1.864226805095849107e-10
1.258205689277899353e+01 1.864302907543751433e-10
1.260393873085339145e+01 1.864303009991653574e-10
1.262582056892778937e+01 1.864303112439555714e-10
1.264770240700218729e+01 1.864248214887457899e-10
1.266958424507658520e+01 1.864248317335360039e-10
1.269146608315098490e+01 1.864248419783262179e-10
1.271334792122538282e+01 1.864066522231164205e-10
1.273522975929978074e+01 1.864066624679066604e-10
1.275711159737417866e+01 1.864066727126968744e-10
1.277899343544857658e+01 1.863930829574870958e-10
1.280087527352297627e+01 1.863930932022773098e-10
1.282275711159737419e+01 1.863977034470675168e-10
1.284463894967177211e+01 1.863977136918577308e-10
1.286652078774617003e+01 1.863994239366479439e-10
1.288840262582056795e+01 1.863994341814381837e-10
1.291028446389496587e+01 1.863994444262283977e-10
1.293216630196936556e+01 1.864062546710186339e-10
1.295404814004376348e+01 1.864062649158088479e-10
1.297592997811816140e+01 1.864002751605990621e-10
1.299781181619255932e+01 1.864002854053892761e-10
1.301969365426695724e+01 1.864069956501794804e-10
1.304157549234135693e+01 1.864070058949696944e-10
1.306345733041575485e+01 1.864070161397599343e-10
1.308533916849015277e+01 1.864195263845501521e-10
1.310722100656455069e+01 1.864195366293403661e-10
1.312910284463894861e+01 1.863917468741305846e-10
1.315098468271334831e+01 1.863917571189207986e-10
1.317286652078774623e+01 1.864206673637109969e-10
1.319474835886214414e+01 1.864206776085012109e-10
1.321663019693654206e+01 1.864206878532914508e-10
1.323851203501093998e+01 1.864043980980816645e-10
1.326039387308533790e+01 1.864044083428718786e-10
1.328227571115973760e+01 1.863844185876621019e-10
1.330415754923413552e+01 1.863844288324523159e-10
1.332603938730853343e+01 1.864080390772425308e-10
1.334792122538293135e+01 1.864080493220327448e-10
1.336980306345732927e+01 1.863961595668229911e-10
1.339168490153172897e+01 1.863961698116132051e-10
1.341356673960612689e+01 1.863961800564034191e-10
1.343544857768052481e+01 1.864108903011936145e-10
1.345733041575492273e+01 1.864109005459838285e-10
1.347921225382932064e+01 1.864119107907740511e-10
1.350109409190371856e+01 1.864119210355642651e-10
1.352297592997811826e+01 1.864119312803545050e-10
1.354485776805251618e+01 1.864143415251447085e-10
1.356673960612691410e+01 1.864143517699349225e-10
1.358862144420131202e+01 1.864104620147251600e-10
1.361050328227570994e+01 1.864104722595153740e-10
1.363238512035010963e+01 1.864247825043055711e-10
1.365426695842450755e+01 1.864247927490957851e-10
1.367614879649890547e+01 1.864248029938860249e-10
1.369803063457330339e+01 1.863949132386762461e-10
1.371991247264770131e+01 1.863949234834664601e-10
1.374179431072210100e+01 1.864046337282566643e-10
1.376367614879649892e+01 1.864046439730468783e-10
1.378555798687089684e+01 1.863994542178370891e-10
1.380743982494529476e+01 1.863994644626273031e-10
1.382932166301969268e+01 1.863994747074175429e-10
1.385120350109409060e+01 1.863909849522077616e-10
1.387308533916849029e+01 1.863909951969979756e-10
1.389496717724288821e+01 1.863961054417881868e-10
1.391684901531728613e+01 1.863961156865784008e-10
1.393873085339168405e+01 1.864141259313686141e-10
1.396061269146608197e+01 1.864141361761588281e-10
1.398249452954048166e+01 1.864141464209490680e-10
1.400437636761487958e+01 1.864220566657392929e-10
1.402625820568927750e+01 1.864220669105295069e-10
1.404814004376367542e+01 1.864060771553197129e-10
1.407002188183807334e+01 1.864060874001099269e-10
1.409190371991247126e+01 1.864189976449001430e-10
1.411378555798687096e+01 1.864190078896903570e-10
1.413566739606126887e+01 1.864190181344805710e-10
1.415754923413566679e+01 1.863971283792708091e-10
1.417943107221006471e+01 1.863971386240610232e-10
1.420131291028446263e+01 1.864135488688512434e-10
1.422319474835886233e+01 1.864135591136414574e-10
1.424507658643326025e+01 1.864135693584316714e-10
1.426695842450765817e+01 1.864005796032218773e-10
1.428884026258205608e+01 1.864005898480120913e-10
1.431072210065645400e+01 1.864009000928023493e-10
1.433260393873085370e+01 1.864009103375925633e-10
1.435448577680525162e+01 1.864106205823827675e-10
1.437636761487964954e+01 1.864106308271729815e-10
1.439824945295404746e+01 1.864106410719631955e-10
1.442013129102844537e+01 1.863943513167534092e-10
1.444201312910284329e+01 1.863943615615436232e-10
1.446389496717724299e+01 1.864168718063338752e-10
1.448577680525164091e+01 1.864168820511240892e-10
1.450765864332603883e+01 1.864168922959143032e-10
1.452954048140043675e+01 1.864169025407045172e-10
1.455142231947483467e+01 1.864263127854947291e-10
1.457330415754923436e+01 1.864263230302849431e-10
1.459518599562363228e+01 1.864227332750751469e-10
1.461706783369803020e+01 1.864227435198653868e-10
1.463894967177242812e+01 1.864227537646556008e-10
1.466083150984682604e+01 1.864268640094458035e-10
1.468271334792122573e+01 1.864268742542360175e-10
1.470459518599562365e+01 1.864207844990262515e-10
1.472647702407002157e+01 1.864207947438164655e-10
1.474835886214441949e+01 1.864042049886066612e-10
1.477024070021881741e+01 1.864042152333969011e-10
1.479212253829321533e+01 1.864042254781871151e-10
1.481400437636761502e+01 1.863987357229773336e-10
1.483588621444201294e+01 1.863987459677675476e-10
1.485776805251641086e+01 1.864209562125577556e-10
1.487964989059080878e+01 1.864209664573479696e-10
1.490153172866520670e+01 1.864209767021381836e-10
1.492341356673960640e+01 1.864017869469284294e-10
1.494529540481400431e+01 1.864017971917186434e-10
1.496717724288840223e+01 1.864139074365088630e-10
1.498905908096280015e+01 1.864139176812990770e-10
1.501094091903719807e+01 1.864083279260892895e-10
1.503282275711159599e+01 1.864083381708795035e-10
1.505470459518599569e+01 1.864083484156697175e-10
1.507658643326039360e+01 1.864119586604599676e-10
1.509846827133479152e+01 1.864119689052501816e-10
1.512035010940918944e+01 1.864258791500403804e-10
1.514223194748358736e+01 1.864258893948305944e-10
1.516411378555798706e+01 1.864258996396208084e-10
1.518599562363238498e+01 1.864023098844110216e-10
1.520787746170678290e+01 1.864023201292012356e-10
1.522975929978118081e+01 1.864072303739914865e-10
1.525164113785557873e+01 1.864072406187817005e-10
1.527352297592997843e+01 1.864047508635719189e-10
1.529540481400437635e+01 1.864047611083621329e-10
1.531728665207877427e+01 1.864047713531523469e-10
1.533916849015317219e+01 1.864032815979425481e-10
1.536105032822757011e+01 1.864032918427327621e-10
1.538293216630196802e+01 1.864076020875229768e-10
1.540481400437636772e+01 1.864076123323132166e-10
1.542669584245076564e+01 1.864076225771034306e-10
1.544857768052516356e+01 1.864129328218936539e-10
1.547045951859956148e+01 1.864129430666838679e-10
1.549234135667395940e+01 1.864006533114740643e-10
1.551422319474835909e+01 1.864006635562642783e-10
1.553610503282275701e+01 1.864006738010544923e-10
1.555798687089715493e+01 1.864277840458447372e-10
1.557986870897155285e+01 1.864277942906349512e-10
1.560175054704595077e+01 1.864200045354251603e-10
1.562363238512034869e+01 1.864200147802153743e-10
1.564551422319474838e+01 1.864155250250056014e-10
1.566739606126914630e+01 1.864155352697958154e-10
1.568927789934354422e+01 1.864155455145860295e-10
1.571115973741794214e+01 1.864263557593762741e-10
1.573304157549234006e+01 1.864263660041664881e-10
1.575492341356673975e+01 1.863902762489566974e-10
1.577680525164113767e+01 1.863902864937469114e-10
1.579868708971553559e+01 1.864025967385371172e-10
1.582056892778993351e+01 1.864026069833273312e-10
1.584245076586433143e+01 1.864026172281175452e-10
1.586433260393873113e+01 1.863919274729077864e-10
1.588621444201312904e+01 1.863919377176980004e-10
1.590809628008752696e+01 1.864002479624882235e-10
1.592997811816192488e+01 1.864002582072784376e-10
1.595185995623632280e+01 1.863966684520686414e-10
1.597374179431072072e+01 1.863966786968588554e-10
1.599562363238512042e+01 1.863966889416490694e-10
1.601750547045951834e+01 1.864125991864393112e-10
1.603938730853391803e+01 1.864126094312295252e-10
1.606126914660831417e+01 1.864067196760197455e-10
1.608315098468271387e+01 1.864067299208099595e-10
1.610503282275711001e+01 1.864046401656001762e-10
1.612691466083150971e+01 1.864046504103903902e-10
1.614879649890590585e+01 1.864046606551806042e-10
1.617067833698030555e+01 1.864263708999708337e-10
1.619256017505470524e+01 1.864263811447610478e-10
1.621444201312910138e+01 1.864263913895512618e-10
1.623632385120350108e+01 1.864133016343414875e-10
1.625820568927789722e+01 1.864133118791317015e-10
1.628008752735229692e+01 1.864214221239219126e-10
1.630196936542669661e+01 1.864214323687121266e-10
1.632385120350109275e+01 1.864114426135023582e-10
1.634573304157549245e+01 1.864114528582925722e-10
1.636761487964988859e+01 1.864114631030827862e-10
1.638949671772428829e+01 1.864048733478730160e-10
1.641137855579868798e+01 1.864048835926632300e-10
1.643326039387308413e+01 1.864217938374534287e-10
1.645514223194748382e+01 1.864218040822436427e-10
1.647702407002187996e+01 1.864142143270338639e-10
1.649890590809627966e+01 1.864142245718241038e-10
1.652078774617067936e+01 1.864142348166143178e-10
1.654266958424507550e+01 1.864405450614045403e-10
1.656455142231947519e+01 1.864405553061947543e-10
1.658643326039387134e+01 1.864309655509849583e-10
1.660831509846827103e+01 1.864309757957751723e-10
1.663019693654267073e+01 1.864434860405653902e-10
1.665207877461706687e+01 1.864434962853556300e-10
1.667396061269146657e+01 1.864192065301458527e-10
1.669584245076586271e+01 1.864192167749360667e-10
1.671772428884026240e+01 1.864192270197262807e-10
1.673960612691465855e+01 1.864348372645164786e-10
1.676148796498905824e+01 1.864348475093066927e-10
1.678336980306345794e+01 1.864160577540969108e-10
1.680525164113785408e+01 1.864160679988871507e-10
1.682713347921225377e+01 1.864160782436773647e-10
1.684901531728664992e+01 1.864050884884675877e-10
1.687089715536104961e+01 1.864050987332578017e-10
1.689277899343544931e+01 1.864303089780480096e-10
1.691466083150984545e+01 1.864303192228382236e-10
1.693654266958424515e+01 1.863989294676284319e-10
1.695842450765864129e+01 1.863989397124186718e-10
1.698030634573304098e+01 1.863989499572088858e-10
1.700218818380744068e+01 1.864330602019991132e-10
1.702407002188183682e+01 1.864330704467893272e-10
1.704595185995623652e+01 1.864282806915795362e-10
1.706783369803063266e+01 1.864282909363697502e-10
1.708971553610503236e+01 1.864240011811599635e-10
1.711159737417943205e+01 1.864240114259502034e-10
1.713347921225382819e+01 1.864240216707404174e-10
1.715536105032822789e+01 1.864301319155306372e-10
1.717724288840262403e+01 1.864301421603208512e-10
1.719912472647702373e+01 1.864252524051110542e-10
1.722100656455142342e+01 1.864252626499012682e-10
1.724288840262581957e+01 1.864156728946914722e-10
1.726477024070021926e+01 1.864156831394817121e-10
1.728665207877461540e+01 1.864156933842719261e-10
1.730853391684901510e+01 1.864207036290621571e-10
1.733041575492341124e+01 1.864207138738523712e-10
1.735229759299781094e+01 1.864152241186425897e-10
1.737417943107221063e+01 1.864152343634328037e-10
1.739606126914660678e+01 1.864064446082230042e-10
1.741794310722100647e+01 1.864064548530132441e-10
1.743982494529540261e+01 1.864064650978034581e-10
1.746170678336980231e+01 1.864414753425936622e-10
1.748358862144420200e+01 1.864414855873838762e-10
1.750547045951859815e+01 1.864133958321741025e-10
1.752735229759299784e+01 1.864134060769643165e-10
1.754923413566739399e+01 1.864372163217545175e-10
1.757111597374179368e+01 1.864372265665447315e-10
1.759299781181619338e+01 1.864372368113349714e-10
1.761487964989058952e+01 1.864319470561252020e-10
1.763676148796498921e+01 1.864319573009154160e-10
1.765864332603938536e+01 1.864162675457056142e-10
1.768052516411378505e+01 1.864162777904958282e-10
1.770240700218818475e+01 1.864264880352860625e-10
1.772428884026258089e+01 1.864264982800762765e-10
1.774617067833698059e+01 1.864265085248665164e-10
1.776805251641137673e+01 1.864265187696567304e-10
1.778993435448577642e+01 1.863975290144469283e-10
1.781181619256017612e+01 1.863975392592371423e-10
1.783369803063457226e+01 1.863938495040273659e-10
1.785557986870897196e+01 1.863938597488175799e-10
1.787746170678336810e+01 1.864050699936077969e-10
1.789934354485776780e+01 1.864050802383980368e-10
1.792122538293216394e+01 1.864050904831882508e-10
1.794310722100656363e+01 1.863962007279784712e-10
1.796498905908096333e+01 1.863962109727686852e-10
1.798687089715535947e+01 1.864044212175588765e-10
1.800875273522975917e+01 1.864044314623490905e-10
1.803063457330415531e+01 1.864131417071393119e-10
1.805251641137855501e+01 1.864131519519295518e-10
1.807439824945295470e+01 1.864131621967197658e-10
1.809628008752735084e+01 1.864067724415099818e-10
1.811816192560175054e+01 1.864067826863001958e-10
1.814004376367614668e+01 1.864043929310904202e-10
1.816192560175054638e+01 1.864044031758806342e-10
1.818380743982494607e+01 1.864205134206708364e-10
1.820568927789934222e+01 1.864205236654610763e-10
1.822757111597374191e+01 1.864205339102512903e-10
1.824945295404813805e+01 1.863858441550415065e-10
1.827133479212253775e+01 1.863858543998317205e-10
1.829321663019693744e+01 1.864102646446219318e-10
1.831509846827133359e+01 1.864102748894121458e-10
1.833698030634573328e+01 1.863916851342023761e-10
1.835886214442012943e+01 1.863916953789926159e-10
1.838074398249452912e+01 1.863917056237828299e-10
1.840262582056892882e+01 1.863885158685730320e-10
1.842450765864332496e+01 1.863885261133632460e-10
1.844638949671772465e+01 1.864165363581534676e-10
1.846827133479212080e+01 1.864165466029436816e-10
1.849015317286652049e+01 1.864165568477338956e-10
1.851203501094091664e+01 1.864060670925241229e-10
1.853391684901531633e+01 1.864060773373143369e-10
1.855579868708971603e+01 1.864210875821045504e-10
1.857768052516411217e+01 1.864210978268947644e-10
1.859956236323851186e+01 1.864227080716849714e-10
1.862144420131290801e+01 1.864227183164751854e-10
1.864332603938730770e+01 1.864196285612654194e-10
1.866520787746170740e+01 1.864196388060556334e-10
1.868708971553610354e+01 1.864196490508458732e-10
1.870897155361050324e+01 1.864013592956360699e-10
1.873085339168489938e+01 1.864013695404262839e-10
1.875273522975929907e+01 1.864280797852165046e-10
1.877461706783369877e+01 1.864280900300067186e-10
1.879649890590809491e+01 1.864003002747969371e-10
1.881838074398249461e+01 1.864003105195871511e-10
1.884026258205689075e+01 1.864003207643773910e-10
1.886214442013129045e+01 1.863959310091675983e-10
1.888402625820569014e+01 1.863959412539578123e-10
1.890590809628008628e+01 1.864055514987480363e-10
1.892778993435448598e+01 1.864055617435382503e-10
1.894967177242888212e+01 1.864055719883284643e-10
1.897155361050328182e+01 1.863948822331186796e-10
1.899343544857768151e+01 1.863948924779089194e-10
1.901531728665207766e+01 1.864020027226991220e-10
1.903719912472647735e+01 1.864020129674893360e-10
1.905908096280087349e+01 1.864147232122795659e-10
1.908096280087527319e+01 1.864147334570697799e-10
1.910284463894966933e+01 1.864147437018599939e-10
1.912472647702406903e+01 1.864071539466501892e-10
1.914660831509846872e+01 1.864071641914404291e-10
1.916849015317286486e+01 1.864113744362306636e-10
1.919037199124726456e+01 1.864113846810208776e-10
1.921225382932166070e+01 1.864282949258110763e-10
1.923413566739606040e+01 1.864283051706012903e-10
1.925601750547046009e+01 1.864283154153915044e-10
1.927789934354485624e+01 1.863891256601817336e-10
1.929978118161925593e+01 1.863891359049719735e-10
1.932166301969365207e+01 1.864168461497621770e-10
1.934354485776805177e+01 1.864168563945523910e-10
1.936542669584245147e+01 1.864168666393426050e-10
1.938730853391684761e+01 1.864168768841328190e-10
1.940919037199124730e+01 1.864061871289230343e-10
1.943107221006564345e+01 1.864061973737132483e-10
1.945295404814004314e+01 1.864016076185034952e-10
1.947483588621444284e+01 1.864016178632937092e-10
1.949671772428883898e+01 1.864182281080839157e-10
1.951859956236323868e+01 1.864182383528741297e-10
1.954048140043763482e+01 1.864182485976643437e-10
1.956236323851203451e+01 1.864070588424545547e-10
1.958424507658643421e+01 1.864070690872447687e-10
1.960612691466083035e+01 1.864300793320349991e-10
1.962800875273523005e+01 1.864300895768252131e-10
1.964989059080962619e+01 1.864260998216154445e-10
1.967177242888402589e+01 1.864261100664056585e-10
1.969365426695842203e+01 1.864170203111958668e-10
1.971553610503282172e+01 1.864170305559860808e-10
1.973741794310722142e+01 1.864170408007762948e-10
1.975929978118161756e+01 1.864273510455665093e-10
1.978118161925601726e+01 1.864273612903567492e-10
1.980306345733041340e+01 1.864193715351469721e-10
1.982494529540481309e+01 1.864193817799371861e-10
1.984682713347921279e+01 1.863955920247273872e-10
1.986870897155360893e+01 1.863956022695176012e-10
1.989059080962800863e+01 1.863956125143078152e-10
1.991247264770240477e+01 1.864174227590980250e-10
1.993435448577680447e+01 1.864174330038882648e-10
1.995623632385120416e+01 1.864210432486784890e-10
1.997811816192560030e+01 1.864210534934687031e-10
