0.000000000000000000e+00 1.926187000000000020e-10
2.222222222222222307e-02 1.926187384753761595e-10
4.444444444444444614e-02 1.926187769507523171e-10
6.666666666666666574e-02 1.926104154261284594e-10
8.888888888888889228e-02 1.926104539015046170e-10
1.111111111111111188e-01 1.926192923768807621e-10
1.333333333333333315e-01 1.926193308522569197e-10
1.555555555555555580e-01 1.926179693276330446e-10
1.777777777777777846e-01 1.926180078030092021e-10
2.000000000000000111e-01 1.926180462783853597e-10
2.222222222222222376e-01 1.926154847537615156e-10
2.444444444444444642e-01 1.926155232291376473e-10
2.666666666666666630e-01 1.926213617045138184e-10
2.888888888888889173e-01 1.926214001798899760e-10
3.111111111111111160e-01 1.926217386552661258e-10
3.333333333333333703e-01 1.926217771306422575e-10
3.555555555555555691e-01 1.926116156060184206e-10
3.777777777777777679e-01 1.926116540813945781e-10
4.000000000000000222e-01 1.926116925567707357e-10
4.222222222222222210e-01 1.926201310321468567e-10
4.444444444444444753e-01 1.926201695075230143e-10
4.666666666666666741e-01 1.926168079828991737e-10
4.888888888888889284e-01 1.926168464582753312e-10
5.111111111111111827e-01 1.926067849336514745e-10
5.333333333333333259e-01 1.926068234090276321e-10
5.555555555555555802e-01 1.926068618844037896e-10
5.777777777777778345e-01 1.926250003597799525e-10
5.999999999999999778e-01 1.926250388351560842e-10
6.222222222222222321e-01 1.926004773105322324e-10
6.444444444444444864e-01 1.926005157859083899e-10
6.666666666666667407e-01 1.926263542612845517e-10
6.888888888888888840e-01 1.926263927366606834e-10
7.111111111111111382e-01 1.926264312120368409e-10
7.333333333333333925e-01 1.926264696874129985e-10
7.555555555555555358e-01 1.926128081627891574e-10
7.777777777777777901e-01 1.926128466381652891e-10
8.000000000000000444e-01 1.926156851135414345e-10
8.222222222222222987e-01 1.926157235889175920e-10
8.444444444444444420e-01 1.926219620642937614e-10
8.666666666666666963e-01 1.926220005396699190e-10
8.888888888888889506e-01 1.926220390150460507e-10
9.111111111111110938e-01 1.926124774904221982e-10
9.333333333333333481e-01 1.926125159657983558e-10
9.555555555555556024e-01 1.926129544411745116e-10
9.777777777777778567e-01 1.926129929165506433e-10
1.000000000000000000e+00 1.926106313919268113e-10
1.022222222222222365e+00 1.926106698673029689e-10
1.044444444444444509e+00 1.926013083426791285e-10
1.066666666666666652e+00 1.926013468180552602e-10
1.088888888888889017e+00 1.926013852934314177e-10
1.111111111111111160e+00 1.926080237688075595e-10
1.133333333333333304e+00 1.926080622441837171e-10
1.155555555555555669e+00 1.926100007195598599e-10
1.177777777777777812e+00 1.926100391949360175e-10
1.199999999999999956e+00 1.926005776703121711e-10
1.222222222222222321e+00 1.926006161456883286e-10
1.244444444444444464e+00 1.926176546210644511e-10
1.266666666666666607e+00 1.926176930964406086e-10
1.288888888888888973e+00 1.926177315718167662e-10
1.311111111111111116e+00 1.926071700471929310e-10
1.333333333333333481e+00 1.926072085225690627e-10
1.355555555555555625e+00 1.926131469979452140e-10
1.377777777777777768e+00 1.926131854733213716e-10
1.400000000000000133e+00 1.926265239486975295e-10
1.422222222222222276e+00 1.926265624240736612e-10
1.444444444444444420e+00 1.926266008994498187e-10
1.466666666666666785e+00 1.926053393748259848e-10
1.488888888888888928e+00 1.926053778502021424e-10
1.511111111111111072e+00 1.926237163255782657e-10
1.533333333333333437e+00 1.926237548009544232e-10
1.555555555555555580e+00 1.926067932763305900e-10
1.577777777777777946e+00 1.926068317517067476e-10
1.600000000000000089e+00 1.926160702270829168e-10
1.622222222222222232e+00 1.926161087024590485e-10
1.644444444444444597e+00 1.926161471778352061e-10
1.666666666666666741e+00 1.926180856532113489e-10
1.688888888888888884e+00 1.926181241285875065e-10
1.711111111111111249e+00 1.926169626039636434e-10
1.733333333333333393e+00 1.926170010793398009e-10
1.755555555555555536e+00 1.926015395547159548e-10
1.777777777777777901e+00 1.926015780300921123e-10
1.800000000000000044e+00 1.926016165054682440e-10
1.822222222222222188e+00 1.926301549808444134e-10
1.844444444444444553e+00 1.926301934562205710e-10
1.866666666666666696e+00 1.926135319315967300e-10
1.888888888888889062e+00 1.926135704069728617e-10
1.911111111111111205e+00 1.926241088823490060e-10
1.933333333333333348e+00 1.926241473577251635e-10
1.955555555555555713e+00 1.926240858331013150e-10
1.977777777777777857e+00 1.926241243084774467e-10
2.000000000000000000e+00 1.926241627838536043e-10
2.022222222222222143e+00 1.926226012592297688e-10
2.044444444444444731e+00 1.926226397346059264e-10
2.066666666666666874e+00 1.926184782099820634e-10
2.088888888888889017e+00 1.926185166853582209e-10
2.111111111111111160e+00 1.926198551607343793e-10
2.133333333333333304e+00 1.926198936361105369e-10
2.155555555555555447e+00 1.926073321114866587e-10
2.177777777777778034e+00 1.926073705868628162e-10
2.200000000000000178e+00 1.926074090622389738e-10
2.222222222222222321e+00 1.926117475376151321e-10
2.244444444444444464e+00 1.926117860129912638e-10
2.266666666666666607e+00 1.926206244883674348e-10
2.288888888888889195e+00 1.926206629637435923e-10
2.311111111111111338e+00 1.926207014391197499e-10
2.333333333333333481e+00 1.926131399144958629e-10
2.355555555555555625e+00 1.926131783898720205e-10
2.377777777777777768e+00 1.926132168652481780e-10
2.399999999999999911e+00 1.926115553406243365e-10
2.422222222222222499e+00 1.926115938160004940e-10
2.444444444444444642e+00 1.926119322913766438e-10
2.466666666666666785e+00 1.926119707667528014e-10
2.488888888888888928e+00 1.926120092421289589e-10
2.511111111111111072e+00 1.926224477175050971e-10
2.533333333333333215e+00 1.926224861928812288e-10
2.555555555555555802e+00 1.926155246682574039e-10
2.577777777777777946e+00 1.926155631436335614e-10
2.600000000000000089e+00 1.926098016190097054e-10
2.622222222222222232e+00 1.926098400943858371e-10
2.644444444444444375e+00 1.926198785697620029e-10
2.666666666666666963e+00 1.926199170451381605e-10
2.688888888888889106e+00 1.926199555205143180e-10
2.711111111111111249e+00 1.926124939958904371e-10
2.733333333333333393e+00 1.926125324712665946e-10
2.755555555555555536e+00 1.926127709466427642e-10
2.777777777777777679e+00 1.926128094220189218e-10
2.800000000000000266e+00 1.926135478973950440e-10
2.822222222222222410e+00 1.926135863727712015e-10
2.844444444444444553e+00 1.926006248481473768e-10
2.866666666666666696e+00 1.926006633235235344e-10
2.888888888888888840e+00 1.926007017988996661e-10
2.911111111111111427e+00 1.926094402742758052e-10
2.933333333333333570e+00 1.926094787496519628e-10
2.955555555555555713e+00 1.926198172250281208e-10
2.977777777777777857e+00 1.926198557004042525e-10
3.000000000000000000e+00 1.926100941757804138e-10
3.022222222222222143e+00 1.926101326511565714e-10
3.044444444444444731e+00 1.926101711265327290e-10
3.066666666666666874e+00 1.926226096019088585e-10
3.088888888888889017e+00 1.926226480772850160e-10
3.111111111111111160e+00 1.926215865526611848e-10
3.133333333333333304e+00 1.926216250280373424e-10
3.155555555555555891e+00 1.926095635034134685e-10
3.177777777777778034e+00 1.926096019787896260e-10
3.200000000000000178e+00 1.926326404541657741e-10
3.222222222222222321e+00 1.926326789295419317e-10
3.244444444444444464e+00 1.926327174049180892e-10
3.266666666666666607e+00 1.926084558802942296e-10
3.288888888888889195e+00 1.926084943556703871e-10
3.311111111111111338e+00 1.926166328310465418e-10
3.333333333333333481e+00 1.926166713064226994e-10
3.355555555555555625e+00 1.926193097817988327e-10
3.377777777777777768e+00 1.926193482571749902e-10
3.399999999999999911e+00 1.926193867325511478e-10
3.422222222222222499e+00 1.926142252079273021e-10
3.444444444444444642e+00 1.926142636833034338e-10
3.466666666666666785e+00 1.926163021586796085e-10
3.488888888888888928e+00 1.926163406340557661e-10
3.511111111111111072e+00 1.926232791094319001e-10
3.533333333333333659e+00 1.926233175848080318e-10
3.555555555555555802e+00 1.926105560601841933e-10
3.577777777777777946e+00 1.926105945355603508e-10
3.600000000000000089e+00 1.926106330109365084e-10
3.622222222222222232e+00 1.926318714863126513e-10
3.644444444444444375e+00 1.926319099616888089e-10
3.666666666666666963e+00 1.926108484370649612e-10
3.688888888888889106e+00 1.926108869124411188e-10
3.711111111111111249e+00 1.926315253878172514e-10
3.733333333333333393e+00 1.926315638631934090e-10
3.755555555555555536e+00 1.926316023385695665e-10
3.777777777777778123e+00 1.926304408139457293e-10
3.800000000000000266e+00 1.926304792893218610e-10
3.822222222222222410e+00 1.926281177646980031e-10
3.844444444444444553e+00 1.926281562400741607e-10
3.866666666666666696e+00 1.926203947154503392e-10
3.888888888888888840e+00 1.926204331908264709e-10
3.911111111111111427e+00 1.926191716662026276e-10
3.933333333333333570e+00 1.926192101415787852e-10
3.955555555555555713e+00 1.926192486169549427e-10
3.977777777777777857e+00 1.926119870923310739e-10
4.000000000000000000e+00 1.926120255677072314e-10
4.022222222222222143e+00 1.926156640430833733e-10
4.044444444444444287e+00 1.926157025184595309e-10
4.066666666666666430e+00 1.926226409938356907e-10
4.088888888888889461e+00 1.926226794692118224e-10
4.111111111111111605e+00 1.926227179445879800e-10
4.133333333333333748e+00 1.926227564199641376e-10
4.155555555555555891e+00 1.926172948953402996e-10
4.177777777777778034e+00 1.926173333707164313e-10
4.200000000000000178e+00 1.926215718460925835e-10
4.222222222222222321e+00 1.926216103214687411e-10
4.244444444444444464e+00 1.926209487968449082e-10
4.266666666666666607e+00 1.926209872722210399e-10
4.288888888888888751e+00 1.926213257475971896e-10
4.311111111111110894e+00 1.926213642229733472e-10
4.333333333333333925e+00 1.926214026983495048e-10
4.355555555555556069e+00 1.926310411737256464e-10
4.377777777777778212e+00 1.926310796491018040e-10
4.400000000000000355e+00 1.926095181244779520e-10
4.422222222222222499e+00 1.926095565998541096e-10
4.444444444444444642e+00 1.926293950752302457e-10
4.466666666666666785e+00 1.926294335506064032e-10
4.488888888888888928e+00 1.926294720259825608e-10
4.511111111111111072e+00 1.926122105013587095e-10
4.533333333333333215e+00 1.926122489767348412e-10
4.555555555555555358e+00 1.926126874521109970e-10
4.577777777777778390e+00 1.926127259274871546e-10
4.600000000000000533e+00 1.926118644028633096e-10
4.622222222222222676e+00 1.926119028782394413e-10
4.644444444444444819e+00 1.926154413536156030e-10
4.666666666666666963e+00 1.926154798289917606e-10
4.688888888888889106e+00 1.926155183043679181e-10
4.711111111111111249e+00 1.926158567797440679e-10
4.733333333333333393e+00 1.926158952551202255e-10
4.755555555555555536e+00 1.926285337304963670e-10
4.777777777777777679e+00 1.926285722058725246e-10
4.799999999999999822e+00 1.926184106812486877e-10
4.822222222222221966e+00 1.926184491566248194e-10
4.844444444444444997e+00 1.926184876320009769e-10
4.866666666666667140e+00 1.926254261073771368e-10
4.888888888888889284e+00 1.926254645827532944e-10
4.911111111111111427e+00 1.926303030581294311e-10
4.933333333333333570e+00 1.926303415335055886e-10
4.955555555555555713e+00 1.926156800088817390e-10
4.977777777777777857e+00 1.926157184842578965e-10
5.000000000000000000e+00 1.926266569596340390e-10
5.022222222222222143e+00 1.926266954350101966e-10
5.044444444444444287e+00 1.926267339103863541e-10
5.066666666666666430e+00 1.926312723857624986e-10
5.088888888888889461e+00 1.926313108611386303e-10
5.111111111111111605e+00 1.926179493365147814e-10
5.133333333333333748e+00 1.926179878118909390e-10
5.155555555555555891e+00 1.926177262872671043e-10
5.177777777777778034e+00 1.926177647626432360e-10
5.200000000000000178e+00 1.926178032380193936e-10
5.222222222222222321e+00 1.926237417133955449e-10
5.244444444444444464e+00 1.926237801887717024e-10
5.266666666666666607e+00 1.926112186641478501e-10
5.288888888888888751e+00 1.926112571395240077e-10
5.311111111111110894e+00 1.926284956149001680e-10
5.333333333333333925e+00 1.926285340902763256e-10
5.355555555555556069e+00 1.926171725656524422e-10
5.377777777777778212e+00 1.926172110410285997e-10
5.400000000000000355e+00 1.926172495164047573e-10
5.422222222222222499e+00 1.926272879917809231e-10
5.444444444444444642e+00 1.926273264671570548e-10
5.466666666666666785e+00 1.926302649425332062e-10
5.488888888888888928e+00 1.926303034179093637e-10
5.511111111111111072e+00 1.926290418932855205e-10
5.533333333333333215e+00 1.926290803686616522e-10
5.555555555555555358e+00 1.926328188440378001e-10
5.577777777777778390e+00 1.926328573194139577e-10
5.600000000000000533e+00 1.926328957947901152e-10
5.622222222222222676e+00 1.926192342701662742e-10
5.644444444444444819e+00 1.926192727455424059e-10
5.666666666666666963e+00 1.926225112209185754e-10
5.688888888888889106e+00 1.926225496962947329e-10
5.711111111111111249e+00 1.926229881716708887e-10
5.733333333333333393e+00 1.926230266470470204e-10
5.755555555555555536e+00 1.926239651224231805e-10
5.777777777777777679e+00 1.926240035977993381e-10
5.799999999999999822e+00 1.926240420731754956e-10
5.822222222222222854e+00 1.926140805485516191e-10
5.844444444444444997e+00 1.926141190239277767e-10
5.866666666666667140e+00 1.926352574993039394e-10
5.888888888888889284e+00 1.926352959746800970e-10
5.911111111111111427e+00 1.926353344500562287e-10
5.933333333333333570e+00 1.926353729254323862e-10
5.955555555555555713e+00 1.926181114008085350e-10
5.977777777777777857e+00 1.926181498761846925e-10
6.000000000000000000e+00 1.926292883515608212e-10
6.022222222222222143e+00 1.926293268269369788e-10
6.044444444444444287e+00 1.926268653023131407e-10
6.066666666666667318e+00 1.926269037776892983e-10
6.088888888888889461e+00 1.926209422530654302e-10
6.111111111111111605e+00 1.926209807284415878e-10
6.133333333333333748e+00 1.926210192038177453e-10
6.155555555555555891e+00 1.926406576791939211e-10
6.177777777777778034e+00 1.926406961545700528e-10
6.200000000000000178e+00 1.926159346299461889e-10
6.222222222222222321e+00 1.926159731053223464e-10
6.244444444444444464e+00 1.926292115806985242e-10
6.266666666666666607e+00 1.926292500560746559e-10
6.288888888888888751e+00 1.926292885314508134e-10
6.311111111111111782e+00 1.926221270068269506e-10
6.333333333333333925e+00 1.926221654822031081e-10
6.355555555555556069e+00 1.926120039575792454e-10
6.377777777777778212e+00 1.926120424329554029e-10
6.400000000000000355e+00 1.926204809083315757e-10
6.422222222222222499e+00 1.926205193837077332e-10
6.444444444444444642e+00 1.926205578590838908e-10
6.466666666666666785e+00 1.926250963344600094e-10
6.488888888888888928e+00 1.926251348098361669e-10
6.511111111111111072e+00 1.926130732852123189e-10
6.533333333333333215e+00 1.926131117605884765e-10
6.555555555555556246e+00 1.926289502359646041e-10
6.577777777777778390e+00 1.926289887113407617e-10
6.600000000000000533e+00 1.926189271867169308e-10
6.622222222222222676e+00 1.926189656620930884e-10
6.644444444444444819e+00 1.926262041374692146e-10
6.666666666666666963e+00 1.926262426128453722e-10
6.688888888888889106e+00 1.926262810882215297e-10
6.711111111111111249e+00 1.926411195635977005e-10
6.733333333333333393e+00 1.926411580389738322e-10
6.755555555555555536e+00 1.926216965143499776e-10
6.777777777777777679e+00 1.926217349897261351e-10
6.799999999999999822e+00 1.926266734651023037e-10
6.822222222222222854e+00 1.926267119404784354e-10
6.844444444444444997e+00 1.926267504158545929e-10
6.866666666666667140e+00 1.926269888912307367e-10
6.888888888888889284e+00 1.926270273666068943e-10
6.911111111111111427e+00 1.926184658419830246e-10
6.933333333333333570e+00 1.926185043173591821e-10
6.955555555555555713e+00 1.926263427927353445e-10
6.977777777777777857e+00 1.926263812681115021e-10
7.000000000000000000e+00 1.926279197434876467e-10
7.022222222222222143e+00 1.926279582188638042e-10
7.044444444444444287e+00 1.926279966942399618e-10
7.066666666666667318e+00 1.926227351696161100e-10
7.088888888888889461e+00 1.926227736449922417e-10
7.111111111111111605e+00 1.926357121203684014e-10
7.133333333333333748e+00 1.926357505957445589e-10
7.155555555555555891e+00 1.926182890711207215e-10
7.177777777777778034e+00 1.926183275464968790e-10
7.200000000000000178e+00 1.926183660218730107e-10
7.222222222222222321e+00 1.926318044972491747e-10
7.244444444444444464e+00 1.926318429726253322e-10
7.266666666666666607e+00 1.926391814480014904e-10
7.288888888888888751e+00 1.926392199233776221e-10
7.311111111111111782e+00 1.926248583987537646e-10
7.333333333333333925e+00 1.926248968741299222e-10
7.355555555555556069e+00 1.926220353495060859e-10
7.377777777777778212e+00 1.926220738248822176e-10
7.400000000000000355e+00 1.926221123002583751e-10
7.422222222222222499e+00 1.926329507756345375e-10
7.444444444444444642e+00 1.926329892510106950e-10
7.466666666666666785e+00 1.926221277263868159e-10
7.488888888888888928e+00 1.926221662017629735e-10
7.511111111111111072e+00 1.926215046771391405e-10
7.533333333333333215e+00 1.926215431525152981e-10
7.555555555555556246e+00 1.926215816278914298e-10
7.577777777777778390e+00 1.926310201032675853e-10
7.600000000000000533e+00 1.926310585786437428e-10
7.622222222222222676e+00 1.926153970540198846e-10
7.644444444444444819e+00 1.926154355293960163e-10
7.666666666666666963e+00 1.926324740047721904e-10
7.688888888888889106e+00 1.926325124801483480e-10
7.711111111111111249e+00 1.926325509555245055e-10
7.733333333333333393e+00 1.926325894309006372e-10
7.755555555555555536e+00 1.926250279062767761e-10
7.777777777777777679e+00 1.926250663816529337e-10
7.800000000000000711e+00 1.926353048570291115e-10
7.822222222222222854e+00 1.926353433324052432e-10
7.844444444444444997e+00 1.926342818077813862e-10
7.866666666666667140e+00 1.926343202831575437e-10
7.888888888888889284e+00 1.926343587585337013e-10
7.911111111111111427e+00 1.926131972339098476e-10
7.933333333333333570e+00 1.926132357092860051e-10
7.955555555555555713e+00 1.926331741846621473e-10
7.977777777777777857e+00 1.926332126600383048e-10
8.000000000000000000e+00 1.926217511354144671e-10
8.022222222222222143e+00 1.926217896107905988e-10
8.044444444444444287e+00 1.926247280861667502e-10
8.066666666666666430e+00 1.926247665615429078e-10
8.088888888888888573e+00 1.926248050369190653e-10
8.111111111111110716e+00 1.926227435122951997e-10
8.133333333333332860e+00 1.926227819876713573e-10
8.155555555555555003e+00 1.926208204630475235e-10
8.177777777777778923e+00 1.926208589384236811e-10
8.200000000000001066e+00 1.926240974137997989e-10
8.222222222222223209e+00 1.926241358891759564e-10
8.244444444444445352e+00 1.926241743645521140e-10
8.266666666666667496e+00 1.926260128399282766e-10
8.288888888888889639e+00 1.926260513153044083e-10
8.311111111111111782e+00 1.926218897906805712e-10
8.333333333333333925e+00 1.926219282660567287e-10
8.355555555555556069e+00 1.926354667414328987e-10
8.377777777777778212e+00 1.926355052168090304e-10
8.400000000000000355e+00 1.926335436921851708e-10
8.422222222222222499e+00 1.926335821675613284e-10
8.444444444444444642e+00 1.926308206429374981e-10
8.466666666666666785e+00 1.926308591183136298e-10
8.488888888888888928e+00 1.926308975936897873e-10
8.511111111111111072e+00 1.926385360690659377e-10
8.533333333333333215e+00 1.926385745444420953e-10
8.555555555555555358e+00 1.926294130198182152e-10
8.577777777777777501e+00 1.926294514951943728e-10
8.599999999999999645e+00 1.926253899705705417e-10
8.622222222222221788e+00 1.926254284459466993e-10
8.644444444444443931e+00 1.926254669213228310e-10
8.666666666666667851e+00 1.926208053966989896e-10
8.688888888888889994e+00 1.926208438720751471e-10
8.711111111111112137e+00 1.926317823474513155e-10
8.733333333333334281e+00 1.926318208228274472e-10
8.755555555555556424e+00 1.926202592982036034e-10
8.777777777777778567e+00 1.926202977735797610e-10
8.800000000000000711e+00 1.926350362489558999e-10
8.822222222222222854e+00 1.926350747243320574e-10
8.844444444444444997e+00 1.926351131997081891e-10
8.866666666666667140e+00 1.926269516750843435e-10
8.888888888888889284e+00 1.926269901504605011e-10
8.911111111111111427e+00 1.926395286258366625e-10
8.933333333333333570e+00 1.926395671012127942e-10
8.955555555555555713e+00 1.926266055765889695e-10
8.977777777777777857e+00 1.926266440519651270e-10
9.000000000000000000e+00 1.926266825273412846e-10
9.022222222222222143e+00 1.926427210027173984e-10
9.044444444444444287e+00 1.926427594780935560e-10
9.066666666666666430e+00 1.926396979534697335e-10
9.088888888888888573e+00 1.926397364288458910e-10
9.111111111111110716e+00 1.926394749042220046e-10
9.133333333333332860e+00 1.926395133795981622e-10
9.155555555555556779e+00 1.926216518549743265e-10
9.177777777777778923e+00 1.926216903303504840e-10
9.200000000000001066e+00 1.926217288057266157e-10
9.222222222222223209e+00 1.926384672811027718e-10
9.244444444444445352e+00 1.926385057564789293e-10
9.266666666666667496e+00 1.926278442318550881e-10
9.288888888888889639e+00 1.926278827072312198e-10
9.311111111111111782e+00 1.926192211826073700e-10
9.333333333333333925e+00 1.926192596579835275e-10
9.355555555555556069e+00 1.926192981333596851e-10
9.377777777777778212e+00 1.926380366087358324e-10
9.400000000000000355e+00 1.926380750841119900e-10
9.422222222222222499e+00 1.926221135594881395e-10
9.444444444444444642e+00 1.926221520348642971e-10
9.466666666666666785e+00 1.926397905102404298e-10
9.488888888888888928e+00 1.926398289856165874e-10
9.511111111111111072e+00 1.926398674609927450e-10
9.533333333333333215e+00 1.926261059363688979e-10
9.555555555555555358e+00 1.926261444117450554e-10
9.577777777777777501e+00 1.926261828871211871e-10
9.599999999999999645e+00 1.926366213624973512e-10
9.622222222222221788e+00 1.926366598378735087e-10
9.644444444444443931e+00 1.926445983132496513e-10
9.666666666666667851e+00 1.926446367886257830e-10
9.688888888888889994e+00 1.926446752640019406e-10
9.711111111111112137e+00 1.926332137393781029e-10
9.733333333333334281e+00 1.926332522147542604e-10
9.755555555555556424e+00 1.926336906901303904e-10
9.777777777777778567e+00 1.926337291655065479e-10
9.800000000000000711e+00 1.926307676408827056e-10
9.822222222222222854e+00 1.926308061162588632e-10
9.844444444444444997e+00 1.926308445916349949e-10
9.866666666666667140e+00 1.926241830670111621e-10
9.888888888888889284e+00 1.926242215423873197e-10
9.911111111111111427e+00 1.926282600177634857e-10
9.933333333333333570e+00 1.926282984931396174e-10
9.955555555555555713e+00 1.926184369685157728e-10
9.977777777777777857e+00 1.926184754438919303e-10
1.000000000000000000e+01 1.951695139192680773e-10
1.002222222222222214e+01 1.951695523946442090e-10
1.004444444444444429e+01 1.931026908700203734e-10
1.006666666666666643e+01 1.931027293453965310e-10
1.008888888888888857e+01 1.931027678207726885e-10
1.011111111111111072e+01 1.930492062961488205e-10
1.013333333333333286e+01 1.930492447715249781e-10
1.015555555555555678e+01 1.930455832469011194e-10
1.017777777777777892e+01 1.930456217222772770e-10
1.020000000000000107e+01 1.930478601976534120e-10
1.022222222222222321e+01 1.930478986730295696e-10
1.024444444444444535e+01 1.930479371484057271e-10
1.026666666666666750e+01 1.930375756237819040e-10
1.028888888888888964e+01 1.930376140991580357e-10
1.031111111111111178e+01 1.930382525745341778e-10
1.033333333333333393e+01 1.930382910499103353e-10
1.035555555555555607e+01 1.930286295252865027e-10
1.037777777777777821e+01 1.930286680006626603e-10
1.040000000000000036e+01 1.930150064760387933e-10
1.042222222222222250e+01 1.930150449514149509e-10
1.044444444444444464e+01 1.930150834267911084e-10
1.046666666666666679e+01 1.930218219021672563e-10
1.048888888888888893e+01 1.930218603775433880e-10
1.051111111111111107e+01 1.930205988529195447e-10
1.053333333333333321e+01 1.930206373282957023e-10
1.055555555555555536e+01 1.930094758036718568e-10
1.057777777777777750e+01 1.930095142790479885e-10
1.059999999999999964e+01 1.930095527544241460e-10
1.062222222222222179e+01 1.930210912298002989e-10
1.064444444444444571e+01 1.930211297051764564e-10
1.066666666666666785e+01 1.929989681805525941e-10
1.068888888888888999e+01 1.929990066559287517e-10
1.071111111111111214e+01 1.930182451313049033e-10
1.073333333333333428e+01 1.930182836066810609e-10
1.075555555555555642e+01 1.930180220820572003e-10
1.077777777777777857e+01 1.930180605574333579e-10
1.080000000000000071e+01 1.930180990328095155e-10
1.082222222222222285e+01 1.930036375081856779e-10
1.084444444444444500e+01 1.930036759835618096e-10
1.086666666666666714e+01 1.930082144589379799e-10
1.088888888888888928e+01 1.930082529343141374e-10
1.091111111111111143e+01 1.930088914096902794e-10
1.093333333333333357e+01 1.930089298850664111e-10
1.095555555555555571e+01 1.930089683604425687e-10
1.097777777777777786e+01 1.929900068358187184e-10
1.100000000000000000e+01 1.929900453111948759e-10
1.102222222222222214e+01 1.930054837865710053e-10
1.104444444444444429e+01 1.930055222619471629e-10
1.106666666666666643e+01 1.929989607373233362e-10
1.108888888888888857e+01 1.929989992126994937e-10
1.111111111111111072e+01 1.929911376880756145e-10
1.113333333333333464e+01 1.929911761634517721e-10
1.115555555555555678e+01 1.929912146388279296e-10
1.117777777777777892e+01 1.929980531142040835e-10
1.120000000000000107e+01 1.929980915895802410e-10
1.122222222222222321e+01 1.929890300649563929e-10
1.124444444444444535e+01 1.929890685403325504e-10
1.126666666666666750e+01 1.930099070157086951e-10
1.128888888888888964e+01 1.930099454910848527e-10
1.131111111111111178e+01 1.930099839664609844e-10
1.133333333333333393e+01 1.929952224418371546e-10
1.135555555555555607e+01 1.929952609172133121e-10
1.137777777777777821e+01 1.929952993925894697e-10
1.140000000000000036e+01 1.929896378679655938e-10
1.142222222222222250e+01 1.929896763433417514e-10
1.144444444444444464e+01 1.929977148187179000e-10
1.146666666666666679e+01 1.929977532940940576e-10
1.148888888888888893e+01 1.929977917694701893e-10
1.151111111111111107e+01 1.929912302448463626e-10
1.153333333333333321e+01 1.929912687202225201e-10
1.155555555555555536e+01 1.929875071955986813e-10
1.157777777777777750e+01 1.929875456709748130e-10
1.159999999999999964e+01 1.929906841463509506e-10
1.162222222222222179e+01 1.929907226217271082e-10
1.164444444444444571e+01 1.929851610971032642e-10
1.166666666666666785e+01 1.929851995724793959e-10
1.168888888888888999e+01 1.929852380478555535e-10
1.171111111111111214e+01 1.929866765232317179e-10
1.173333333333333428e+01 1.929867149986078754e-10
1.175555555555555642e+01 1.929924534739840146e-10
1.177777777777777857e+01 1.929924919493601722e-10
1.180000000000000071e+01 1.929765304247363217e-10
1.182222222222222285e+01 1.929765689001124793e-10
1.184444444444444500e+01 1.929977073754886162e-10
1.186666666666666714e+01 1.929977458508647738e-10
1.188888888888888928e+01 1.929977843262409313e-10
1.191111111111111143e+01 1.929865228016170798e-10
1.193333333333333357e+01 1.929865612769932115e-10
1.195555555555555571e+01 1.929911997523693879e-10
1.197777777777777786e+01 1.929912382277455454e-10
1.200000000000000000e+01 1.929987767031216898e-10
1.202222222222222214e+01 1.929988151784978473e-10
1.204444444444444429e+01 1.929988536538739790e-10
1.206666666666666643e+01 1.929908921292501455e-10
1.208888888888888857e+01 1.929909306046263030e-10
1.211111111111111072e+01 1.929868690800024461e-10
1.213333333333333464e+01 1.929869075553785778e-10
1.215555555555555678e+01 1.929873460307547336e-10
1.217777777777777892e+01 1.929873845061308912e-10
1.220000000000000107e+01 1.929794229815070576e-10
1.222222222222222321e+01 1.929794614568831893e-10
1.224444444444444535e+01 1.929873999322593578e-10
1.226666666666666750e+01 1.929874384076355154e-10
1.228888888888888964e+01 1.929874768830116729e-10
1.231111111111111178e+01 1.929857153583877995e-10
1.233333333333333393e+01 1.929857538337639571e-10
1.235555555555555607e+01 1.929737923091401151e-10
1.237777777777777821e+01 1.929738307845162726e-10
1.240000000000000036e+01 1.929907692598923890e-10
1.242222222222222250e+01 1.929908077352685466e-10
1.244444444444444464e+01 1.929908462106447041e-10
1.246666666666666679e+01 1.929864846860208808e-10
1.248888888888888893e+01 1.929865231613970125e-10
1.251111111111111107e+01 1.929853616367731494e-10
1.253333333333333321e+01 1.929854001121493070e-10
1.255555555555555536e+01 1.929933385875254754e-10
1.257777777777777750e+01 1.929933770629016071e-10
1.259999999999999964e+01 1.929934155382777647e-10
1.262222222222222356e+01 1.929928540136539119e-10
1.264444444444444571e+01 1.929928924890300695e-10
1.266666666666666785e+01 1.929806309644062094e-10
1.268888888888888999e+01 1.929806694397823670e-10
1.271111111111111214e+01 1.930059079151585184e-10
1.273333333333333428e+01 1.930059463905346759e-10
1.275555555555555642e+01 1.929782848659108440e-10
1.277777777777777857e+01 1.929783233412869757e-10
1.280000000000000071e+01 1.929783618166631333e-10
1.282222222222222285e+01 1.929931002920392980e-10
1.284444444444444500e+01 1.929931387674154556e-10
1.286666666666666714e+01 1.929829772427915670e-10
1.288888888888888928e+01 1.929830157181677245e-10
1.291111111111111143e+01 1.929762541935438858e-10
1.293333333333333357e+01 1.929762926689200433e-10
1.295555555555555571e+01 1.929879311442961763e-10
1.297777777777777786e+01 1.929879696196723339e-10
1.300000000000000000e+01 1.929880080950484914e-10
1.302222222222222214e+01 1.929781465704246468e-10
1.304444444444444429e+01 1.929781850458007785e-10
1.306666666666666643e+01 1.929809235211769437e-10
1.308888888888888857e+01 1.929809619965531012e-10
1.311111111111111249e+01 1.929810004719292588e-10
1.313333333333333464e+01 1.929863389473053998e-10
1.315555555555555678e+01 1.929863774226815573e-10
1.317777777777777892e+01 1.929864158980577149e-10
1.320000000000000107e+01 1.929822543734338519e-10
1.322222222222222321e+01 1.929822928488099836e-10
1.324444444444444535e+01 1.929928313241861537e-10
1.326666666666666750e+01 1.929928697995623112e-10
1.328888888888888964e+01 1.929929082749384688e-10
1.331111111111111178e+01 1.929848467503146034e-10
1.333333333333333393e+01 1.929848852256907609e-10
1.335555555555555607e+01 1.929791237010669049e-10
1.337777777777777821e+01 1.929791621764430625e-10
1.340000000000000036e+01 1.929772006518192029e-10
1.342222222222222250e+01 1.929772391271953604e-10
1.344444444444444464e+01 1.929817776025715307e-10
1.346666666666666679e+01 1.929818160779476883e-10
1.348888888888888893e+01 1.929677545533237973e-10
1.351111111111111107e+01 1.929677930286999548e-10
1.353333333333333321e+01 1.929678315040761124e-10
1.355555555555555536e+01 1.929880699794522726e-10
1.357777777777777750e+01 1.929881084548284301e-10
1.359999999999999964e+01 1.929737469302045727e-10
1.362222222222222356e+01 1.929737854055807303e-10
1.364444444444444571e+01 1.929898238809568959e-10
1.366666666666666785e+01 1.929898623563330534e-10
1.368888888888888999e+01 1.929899008317091851e-10
1.371111111111111214e+01 1.929809393070853430e-10
1.373333333333333428e+01 1.929809777824615006e-10
1.375555555555555642e+01 1.929848162578376545e-10
1.377777777777777857e+01 1.929848547332137862e-10
1.380000000000000071e+01 1.929864932085899368e-10
1.382222222222222285e+01 1.929865316839660944e-10
1.384444444444444500e+01 1.929901701593422621e-10
1.386666666666666714e+01 1.929902086347183938e-10
1.388888888888888928e+01 1.929902471100945514e-10
1.391111111111111143e+01 1.929738855854707027e-10
1.393333333333333357e+01 1.929739240608468602e-10
1.395555555555555571e+01 1.929901625362229861e-10
1.397777777777777786e+01 1.929902010115991437e-10
1.400000000000000000e+01 1.929711394869753132e-10
1.402222222222222214e+01 1.929711779623514707e-10
1.404444444444444429e+01 1.929861164377275958e-10
1.406666666666666643e+01 1.929861549131037534e-10
1.408888888888888857e+01 1.929861933884799109e-10
1.411111111111111249e+01 1.929889318638560761e-10
1.413333333333333464e+01 1.929889703392322078e-10
1.415555555555555678e+01 1.929706088146083420e-10
1.417777777777777892e+01 1.929706472899844995e-10
1.420000000000000107e+01 1.929885857653606762e-10
1.422222222222222321e+01 1.929886242407368079e-10
1.424444444444444535e+01 1.929886627161129655e-10
1.426666666666666750e+01 1.929886011914891170e-10
1.428888888888888964e+01 1.929886396668652745e-10
1.431111111111111178e+01 1.929860781422414046e-10
1.433333333333333393e+01 1.929861166176175622e-10
1.435555555555555607e+01 1.929897550929937299e-10
1.437777777777777821e+01 1.929897935683698875e-10
1.440000000000000036e+01 1.929898320437460450e-10
1.442222222222222250e+01 1.929855705191221760e-10
1.444444444444444464e+01 1.929856089944983336e-10
1.446666666666666679e+01 1.929833474698744817e-10
1.448888888888888893e+01 1.929833859452506393e-10
1.451111111111111107e+01 1.929917244206267802e-10
1.453333333333333321e+01 1.929917628960029377e-10
1.455555555555555536e+01 1.929729013713790934e-10
1.457777777777777750e+01 1.929729398467552509e-10
1.460000000000000142e+01 1.929729783221313826e-10
1.462222222222222356e+01 1.929838167975075450e-10
1.464444444444444571e+01 1.929838552728837025e-10
1.466666666666666785e+01 1.929687937482598546e-10
1.468888888888888999e+01 1.929688322236359863e-10
1.471111111111111214e+01 1.929667706990121465e-10
1.473333333333333428e+01 1.929668091743883041e-10
1.475555555555555642e+01 1.929847476497644549e-10
1.477777777777777857e+01 1.929847861251405866e-10
1.480000000000000071e+01 1.929848246005167442e-10
1.482222222222222285e+01 1.929754630758929038e-10
1.484444444444444500e+01 1.929755015512690614e-10
1.486666666666666714e+01 1.929850400266451970e-10
1.488888888888888928e+01 1.929850785020213546e-10
1.491111111111111143e+01 1.929851169773975121e-10
1.493333333333333357e+01 1.929866554527736567e-10
1.495555555555555571e+01 1.929866939281497884e-10
1.497777777777777786e+01 1.929867324035259459e-10
1.500000000000000000e+01 1.929856708789021147e-10
1.502222222222222214e+01 1.929857093542782723e-10
1.504444444444444429e+01 1.929897478296543866e-10
1.506666666666666643e+01 1.929897863050305442e-10
1.508888888888889035e+01 1.929832247804067175e-10
1.511111111111111249e+01 1.929832632557828750e-10
1.513333333333333464e+01 1.929833017311590326e-10
1.515555555555555678e+01 1.929813402065351471e-10
1.517777777777777892e+01 1.929813786819113047e-10
1.520000000000000107e+01 1.929908171572874860e-10
1.522222222222222321e+01 1.929908556326636435e-10
1.524444444444444535e+01 1.929768941080397585e-10
1.526666666666666750e+01 1.929769325834159161e-10
1.528888888888888964e+01 1.929769710587920737e-10
1.531111111111111178e+01 1.929718095341682280e-10
1.533333333333333393e+01 1.929718480095443597e-10
1.535555555555555607e+01 1.929878864849205252e-10
1.537777777777777821e+01 1.929879249602966828e-10
1.540000000000000036e+01 1.929713634356728478e-10
1.542222222222222250e+01 1.929714019110489795e-10
1.544444444444444464e+01 1.929714403864251371e-10
1.546666666666666679e+01 1.929831788618012761e-10
1.548888888888888893e+01 1.929832173371774337e-10
1.551111111111111107e+01 1.929732558125535830e-10
1.553333333333333321e+01 1.929732942879297405e-10
1.555555555555555536e+01 1.929670327633058802e-10
1.557777777777777750e+01 1.929670712386820378e-10
1.560000000000000142e+01 1.929730097140581891e-10
1.562222222222222356e+01 1.929730481894343466e-10
1.564444444444444571e+01 1.929730866648105042e-10
1.566666666666666785e+01 1.929714251401866627e-10
1.568888888888888999e+01 1.929714636155627944e-10
1.571111111111111214e+01 1.929650020909389479e-10
1.573333333333333428e+01 1.929650405663151054e-10
1.575555555555555642e+01 1.929709790416912567e-10
1.577777777777777857e+01 1.929710175170673884e-10
1.580000000000000071e+01 1.929638559924435514e-10
1.582222222222222285e+01 1.929638944678197090e-10
1.584444444444444500e+01 1.929639329431958665e-10
1.586666666666666714e+01 1.929689714185719894e-10
1.588888888888888928e+01 1.929690098939481470e-10
1.591111111111111143e+01 1.929748483693243181e-10
1.593333333333333357e+01 1.929748868447004756e-10
1.595555555555555571e+01 1.929564253200766296e-10
1.597777777777777786e+01 1.929564637954527613e-10
1.600000000000000000e+01 1.929776022708289241e-10
1.602222222222222214e+01 1.929776407462050816e-10
1.604444444444444429e+01 1.929776792215812392e-10
1.606666666666666643e+01 1.929710176969573548e-10
1.608888888888888857e+01 1.929710561723335123e-10
1.611111111111111072e+01 1.929752946477096645e-10
1.613333333333333286e+01 1.929753331230858221e-10
1.615555555555555500e+01 1.929769715984619727e-10
1.617777777777777715e+01 1.929770100738381302e-10
1.619999999999999929e+01 1.929770485492142878e-10
1.622222222222222143e+01 1.929837870245904356e-10
1.624444444444444358e+01 1.929838254999665673e-10
1.626666666666666572e+01 1.929649639753427230e-10
1.628888888888888786e+01 1.929650024507188805e-10
1.631111111111111001e+01 1.929830409260950374e-10
1.633333333333333570e+01 1.929830794014711691e-10
1.635555555555555785e+01 1.929626178768473318e-10
1.637777777777777999e+01 1.929626563522234893e-10
1.640000000000000213e+01 1.929626948275996469e-10
1.642222222222222427e+01 1.929655333029757664e-10
1.644444444444444642e+01 1.929655717783519239e-10
1.646666666666666856e+01 1.929589102537280912e-10
1.648888888888889070e+01 1.929589487291042488e-10
1.651111111111111285e+01 1.929589872044803805e-10
1.653333333333333499e+01 1.929590256798565380e-10
1.655555555555555713e+01 1.929549641552327069e-10
1.657777777777777928e+01 1.929550026306088645e-10
1.660000000000000142e+01 1.929865411059849821e-10
1.662222222222222356e+01 1.929865795813611396e-10
1.664444444444444571e+01 1.929641180567373110e-10
1.666666666666666785e+01 1.929641565321134685e-10
1.668888888888888999e+01 1.929641950074896002e-10
1.671111111111111214e+01 1.929800334828657537e-10
1.673333333333333428e+01 1.929800719582419113e-10
1.675555555555555642e+01 1.929866104336180729e-10
1.677777777777777857e+01 1.929866489089942304e-10
1.680000000000000071e+01 1.929767873843703599e-10
1.682222222222222285e+01 1.929768258597465175e-10
1.684444444444444500e+01 1.929818643351226662e-10
1.686666666666666714e+01 1.929819028104988238e-10
1.688888888888888928e+01 1.929819412858749555e-10
1.691111111111111143e+01 1.929766797612511038e-10
1.693333333333333357e+01 1.929767182366272613e-10
1.695555555555555571e+01 1.929711567120034174e-10
1.697777777777777786e+01 1.929711951873795491e-10
1.700000000000000000e+01 1.929740336627557203e-10
1.702222222222222214e+01 1.929740721381318778e-10
1.704444444444444429e+01 1.929654106135080280e-10
1.706666666666666643e+01 1.929654490888841597e-10
1.708888888888888857e+01 1.929654875642603172e-10
1.711111111111111072e+01 1.929698260396364755e-10
1.713333333333333286e+01 1.929698645150126330e-10
1.715555555555555500e+01 1.929750029903887620e-10
1.717777777777777715e+01 1.929750414657649195e-10
1.719999999999999929e+01 1.929689799411410971e-10
1.722222222222222143e+01 1.929690184165172547e-10
1.724444444444444358e+01 1.929690568918933864e-10
1.726666666666666572e+01 1.929893953672695268e-10
1.728888888888888786e+01 1.929894338426456843e-10
1.731111111111111001e+01 1.929786723180218371e-10
1.733333333333333570e+01 1.929787107933979688e-10
1.735555555555555785e+01 1.929834492687741253e-10
1.737777777777777999e+01 1.929834877441502829e-10
1.740000000000000213e+01 1.929799262195264561e-10
1.742222222222222427e+01 1.929799646949025878e-10
1.744444444444444642e+01 1.929800031702787453e-10
1.746666666666666856e+01 1.929885416456548983e-10
1.748888888888889070e+01 1.929885801210310558e-10
1.751111111111111285e+01 1.929664185964071935e-10
1.753333333333333499e+01 1.929664570717833511e-10
1.755555555555555713e+01 1.929768955471595151e-10
1.757777777777777928e+01 1.929769340225356727e-10
1.760000000000000142e+01 1.929769724979118302e-10
1.762222222222222356e+01 1.929709109732879561e-10
1.764444444444444571e+01 1.929709494486641137e-10
1.766666666666666785e+01 1.929708879240402652e-10
1.768888888888888999e+01 1.929709263994164228e-10
1.771111111111111214e+01 1.929698648747925657e-10
1.773333333333333428e+01 1.929699033501687233e-10
1.775555555555555642e+01 1.929638418255448750e-10
1.777777777777777857e+01 1.929638803009210326e-10
1.780000000000000071e+01 1.929639187762971643e-10
1.782222222222222285e+01 1.929689572516733130e-10
1.784444444444444500e+01 1.929689957270494706e-10
1.786666666666666714e+01 1.929764342024256347e-10
1.788888888888888928e+01 1.929764726778017664e-10
1.791111111111111143e+01 1.929634111531779098e-10
1.793333333333333357e+01 1.929634496285540674e-10
1.795555555555555571e+01 1.929794881039302330e-10
1.797777777777777786e+01 1.929795265793063647e-10
1.800000000000000000e+01 1.929795650546825222e-10
1.802222222222222214e+01 1.929858035300586916e-10
1.804444444444444429e+01 1.929858420054348491e-10
1.806666666666666643e+01 1.929685804808109720e-10
1.808888888888888857e+01 1.929686189561871296e-10
1.811111111111111072e+01 1.929686574315632871e-10
1.813333333333333286e+01 1.929864959069394319e-10
1.815555555555555500e+01 1.929865343823155636e-10
1.817777777777777715e+01 1.929865728576917212e-10
1.819999999999999929e+01 1.929729113330678801e-10
1.822222222222222143e+01 1.929729498084440377e-10
1.824444444444444358e+01 1.929723882838201849e-10
1.826666666666666572e+01 1.929724267591963425e-10
1.828888888888888786e+01 1.929760652345724844e-10
1.831111111111111356e+01 1.929761037099486419e-10
1.833333333333333570e+01 1.929761421853247995e-10
1.835555555555555785e+01 1.929646806607009359e-10
1.837777777777777999e+01 1.929647191360770935e-10
1.840000000000000213e+01 1.929836576114532529e-10
1.842222222222222427e+01 1.929836960868294105e-10
1.844444444444444642e+01 1.929764345622055416e-10
1.846666666666666856e+01 1.929764730375816991e-10
1.848888888888889070e+01 1.929765115129578567e-10
1.851111111111111285e+01 1.929877499883340172e-10
1.853333333333333499e+01 1.929877884637101490e-10
1.855555555555555713e+01 1.929825269390862972e-10
1.857777777777777928e+01 1.929825654144624548e-10
1.860000000000000142e+01 1.929835038898386149e-10
1.862222222222222356e+01 1.929835423652147466e-10
1.864444444444444571e+01 1.929852808405909032e-10
1.866666666666666785e+01 1.929853193159670608e-10
1.868888888888888999e+01 1.929853577913432183e-10
1.871111111111111214e+01 1.929845962667193535e-10
1.873333333333333428e+01 1.929846347420955110e-10
1.875555555555555642e+01 1.929738732174716638e-10
1.877777777777777857e+01 1.929739116928478214e-10
1.880000000000000071e+01 1.929765501682239547e-10
1.882222222222222285e+01 1.929765886436001123e-10
1.884444444444444500e+01 1.929766271189762698e-10
1.886666666666666714e+01 1.929801655943524315e-10
1.888888888888888928e+01 1.929802040697285633e-10
1.891111111111111143e+01 1.929694425451047160e-10
1.893333333333333357e+01 1.929694810204808736e-10
1.895555555555555571e+01 1.929795194958570394e-10
1.897777777777777786e+01 1.929795579712331711e-10
1.900000000000000000e+01 1.929663964466093343e-10
1.902222222222222214e+01 1.929664349219854919e-10
1.904444444444444429e+01 1.929664733973616494e-10
1.906666666666666643e+01 1.929835118727377719e-10
1.908888888888888857e+01 1.929835503481139294e-10
1.911111111111111072e+01 1.929828888234900965e-10
1.913333333333333286e+01 1.929829272988662540e-10
1.915555555555555500e+01 1.929818657742423970e-10
1.917777777777777715e+01 1.929819042496185287e-10
1.919999999999999929e+01 1.929819427249946862e-10
1.922222222222222143e+01 1.929719812003708614e-10
1.924444444444444358e+01 1.929720196757470189e-10
1.926666666666666572e+01 1.929954581511231394e-10
1.928888888888888786e+01 1.929954966264992970e-10
1.931111111111111356e+01 1.929716351018754615e-10
1.933333333333333570e+01 1.929716735772516190e-10
1.935555555555555785e+01 1.929792120526277375e-10
1.937777777777777999e+01 1.929792505280038951e-10
1.940000000000000213e+01 1.929726890033800684e-10
1.942222222222222427e+01 1.929727274787562259e-10
1.944444444444444642e+01 1.929727659541323576e-10
1.946666666666666856e+01 1.929778044295085064e-10
1.948888888888889070e+01 1.929778429048846639e-10
1.951111111111111285e+01 1.929773813802608172e-10
1.953333333333333499e+01 1.929774198556369489e-10
1.955555555555555713e+01 1.929696583310131016e-10
1.957777777777777928e+01 1.929696968063892591e-10
1.960000000000000142e+01 1.929697352817654167e-10
1.962222222222222356e+01 1.929739737571415689e-10
1.964444444444444571e+01 1.929740122325177264e-10
1.966666666666666785e+01 1.929774507078938821e-10
1.968888888888888999e+01 1.929774891832700397e-10
1.971111111111111214e+01 1.929775276586461714e-10
1.973333333333333428e+01 1.929855661340223200e-10
1.975555555555555642e+01 1.929856046093984776e-10
1.977777777777777857e+01 1.929856430847746351e-10
1.980000000000000071e+01 1.929906815601507580e-10
1.982222222222222285e+01 1.929907200355269156e-10
1.984444444444444500e+01 1.929931585109030886e-10
1.986666666666666714e+01 1.929931969862792461e-10
1.988888888888888928e+01 1.929801354616553637e-10
1.991111111111111143e+01 1.929801739370315212e-10
1.993333333333333357e+01 1.929809124124076951e-10
1.995555555555555571e+01 1.929809508877838527e-10
1.997777777777777786e+01 1.929809893631600102e-10
