0.000000000000000000e+00 1.826204999999999899e-10
2.202643171806167519e-02 1.825986314787798283e-10
4.405286343612335037e-02 1.825986629575596685e-10
6.607929515418502209e-02 1.826038944363395119e-10
8.810572687224670074e-02 1.826039259151193779e-10
1.101321585903083794e-01 1.826039573938992181e-10
1.321585903083700442e-01 1.826039888726790583e-10
1.541850220264317228e-01 1.826084203514589052e-10
1.762114537444934015e-01 1.826084518302387454e-10
1.982378854625550801e-01 1.825973833090185885e-10
2.202643171806167588e-01 1.825974147877984546e-10
2.422907488986784375e-01 1.826183462665782879e-10
2.643171806167400884e-01 1.826183777453581281e-10
2.863436123348017670e-01 1.826184092241379683e-10
3.083700440528634457e-01 1.825986407029178040e-10
3.303964757709251243e-01 1.825986721816976442e-10
3.524229074889868030e-01 1.826228036604774895e-10
3.744493392070484816e-01 1.826228351392573555e-10
3.964757709251101603e-01 1.826160666180371994e-10
4.185022026431718389e-01 1.826160980968170396e-10
4.405286343612335176e-01 1.826040295755968742e-10
4.625550660792951962e-01 1.826040610543767143e-10
4.845814977973568749e-01 1.826040925331565545e-10
5.066079295154185536e-01 1.826103240119364324e-10
5.286343612334801767e-01 1.826103554907162725e-10
5.506607929515419109e-01 1.826006869694960967e-10
5.726872246696035340e-01 1.826007184482759369e-10
5.947136563876652682e-01 1.826017499270557856e-10
6.167400881057268913e-01 1.826017814058356258e-10
6.387665198237886255e-01 1.826018128846154660e-10
6.607929515418502486e-01 1.825994443633953424e-10
6.828193832599119828e-01 1.825994758421751826e-10
7.048458149779736059e-01 1.826062073209550130e-10
7.268722466960352291e-01 1.826062387997348532e-10
7.488986784140969633e-01 1.825964702785146972e-10
7.709251101321585864e-01 1.825965017572945374e-10
7.929515418502203206e-01 1.826174332360743966e-10
8.149779735682819437e-01 1.826174647148542367e-10
8.370044052863436779e-01 1.826174961936340769e-10
8.590308370044053010e-01 1.826098276724139182e-10
8.810572687224670352e-01 1.826098591511937584e-10
9.030837004405286583e-01 1.826167906299736009e-10
9.251101321585903925e-01 1.826168221087534411e-10
9.471365638766520156e-01 1.826111535875332996e-10
9.691629955947137498e-01 1.826111850663131397e-10
9.911894273127753729e-01 1.826112165450929799e-10
1.013215859030837107e+00 1.826092480238728288e-10
1.035242290748898730e+00 1.826092795026526690e-10
1.057268722466960353e+00 1.826057109814324989e-10
1.079295154185021977e+00 1.826057424602123650e-10
1.101321585903083822e+00 1.826060739389922232e-10
1.123348017621145445e+00 1.826061054177720634e-10
1.145374449339207068e+00 1.826080368965518888e-10
1.167400881057268691e+00 1.826080683753317290e-10
1.189427312775330536e+00 1.826080998541115692e-10
1.211453744493392159e+00 1.825992313328914157e-10
1.233480176211453783e+00 1.825992628116712817e-10
1.255506607929515406e+00 1.826208942904511314e-10
1.277533039647577251e+00 1.826209257692309716e-10
1.299559471365638874e+00 1.826045572480108055e-10
1.321585903083700497e+00 1.826045887267906457e-10
1.343612334801762120e+00 1.826072202055704875e-10
1.365638766519823966e+00 1.826072516843503535e-10
1.387665198237885589e+00 1.826072831631301937e-10
1.409691629955947212e+00 1.826192146419100274e-10
1.431718061674008835e+00 1.826192461206898675e-10
1.453744493392070458e+00 1.826003775994697059e-10
1.475770925110132303e+00 1.826004090782495460e-10
1.497797356828193927e+00 1.826058405570294015e-10
1.519823788546255550e+00 1.826058720358092675e-10
1.541850220264317173e+00 1.826059035145891077e-10
1.563876651982379018e+00 1.826023349933689377e-10
1.585903083700440641e+00 1.826023664721487778e-10
1.607929515418502264e+00 1.826075979509286213e-10
1.629955947136563887e+00 1.826076294297084614e-10
1.651982378854625733e+00 1.826008609084883312e-10
1.674008810572687356e+00 1.826008923872681713e-10
1.696035242290748979e+00 1.826137238660480076e-10
1.718061674008810602e+00 1.826137553448278478e-10
1.740088105726872447e+00 1.826137868236076879e-10
1.762114537444934070e+00 1.826051183023875207e-10
1.784140969162995694e+00 1.826051497811673609e-10
1.806167400881057317e+00 1.826126812599472395e-10
1.828193832599118940e+00 1.826127127387270797e-10
1.850220264317180785e+00 1.826214442175069014e-10
1.872246696035242408e+00 1.826214756962867416e-10
1.894273127753304031e+00 1.826215071750665818e-10
1.916299559471365654e+00 1.826215386538464220e-10
1.938325991189427500e+00 1.826026701326262861e-10
1.960352422907489123e+00 1.826027016114061263e-10
1.982378854625550746e+00 1.826193330901859848e-10
2.004405286343612591e+00 1.826193645689658250e-10
2.026431718061674214e+00 1.826062960477456510e-10
2.048458149779735837e+00 1.826063275265254912e-10
2.070484581497797461e+00 1.826063590053053313e-10
2.092511013215859084e+00 1.825999904840851993e-10
2.114537444933920707e+00 1.826000219628650395e-10
2.136563876651982330e+00 1.826167534416448782e-10
2.158590308370043953e+00 1.826167849204247183e-10
2.180616740088106020e+00 1.826168163992045585e-10
2.202643171806167643e+00 1.826078478779843990e-10
2.224669603524229267e+00 1.826078793567642651e-10
2.246696035242290890e+00 1.826121108355440999e-10
2.268722466960352513e+00 1.826121423143239401e-10
2.290748898678414136e+00 1.826184737931037981e-10
2.312775330396475759e+00 1.826185052718836383e-10
2.334801762114537382e+00 1.826211367506634801e-10
2.356828193832599450e+00 1.826211682294433202e-10
2.378854625550661073e+00 1.826211997082231863e-10
2.400881057268722696e+00 1.826150311870030146e-10
2.422907488986784319e+00 1.826150626657828548e-10
2.444933920704845942e+00 1.826106941445626882e-10
2.466960352422907565e+00 1.826107256233425284e-10
2.488986784140969188e+00 1.826062571021223817e-10
2.511013215859030812e+00 1.826062885809022477e-10
2.533039647577092435e+00 1.826063200596820879e-10
2.555066079295154502e+00 1.826005515384619145e-10
2.577092511013216125e+00 1.826005830172417546e-10
2.599118942731277748e+00 1.826136144960216029e-10
2.621145374449339371e+00 1.826136459748014431e-10
2.643171806167400995e+00 1.826136774535812833e-10
2.665198237885462618e+00 1.825928089323611561e-10
2.687224669603524241e+00 1.825928404111409963e-10
2.709251101321585864e+00 1.826170718899208218e-10
2.731277533039647931e+00 1.826171033687006620e-10
2.753303964757709554e+00 1.826128348474805014e-10
2.775330396475771177e+00 1.826128663262603416e-10
2.797356828193832801e+00 1.826130978050402197e-10
2.819383259911894424e+00 1.826131292838200599e-10
2.841409691629956047e+00 1.826166607625999042e-10
2.863436123348017670e+00 1.826166922413797444e-10
2.885462555066079293e+00 1.826167237201595845e-10
2.907488986784140916e+00 1.826126551989394102e-10
2.929515418502202984e+00 1.826126866777192504e-10
2.951541850220264607e+00 1.826062181564991382e-10
2.973568281938326230e+00 1.826062496352789784e-10
2.995594713656387853e+00 1.826062811140588186e-10
3.017621145374449476e+00 1.826110125928386577e-10
3.039647577092511099e+00 1.826110440716184979e-10
3.061674008810572722e+00 1.826103755503983217e-10
3.083700440528634346e+00 1.826104070291781877e-10
3.105726872246696413e+00 1.826002385079580334e-10
3.127753303964758036e+00 1.826002699867378736e-10
3.149779735682819659e+00 1.826232014655177241e-10
3.171806167400881282e+00 1.826232329442975643e-10
3.193832599118942905e+00 1.826232644230774045e-10
3.215859030837004529e+00 1.826020959018572334e-10
3.237885462555066152e+00 1.826021273806370994e-10
3.259911894273127775e+00 1.826158588594169382e-10
3.281938325991189398e+00 1.826158903381967784e-10
3.303964757709251465e+00 1.826221218169766304e-10
3.325991189427313088e+00 1.826221532957564706e-10
3.348017621145374711e+00 1.826077847745362958e-10
3.370044052863436335e+00 1.826078162533161618e-10
3.392070484581497958e+00 1.826078477320960020e-10
3.414096916299559581e+00 1.826019792108758484e-10
3.436123348017621204e+00 1.826020106896556886e-10
3.458149779735682827e+00 1.826066421684355217e-10
3.480176211453744894e+00 1.826066736472153618e-10
3.502202643171806518e+00 1.826006051259951962e-10
3.524229074889868141e+00 1.826006366047750622e-10
3.546255506607929764e+00 1.826006680835549024e-10
3.568281938325991387e+00 1.825979995623347608e-10
3.590308370044053010e+00 1.825980310411146010e-10
3.612334801762114633e+00 1.826155625198944362e-10
3.634361233480176256e+00 1.826155939986742763e-10
3.656387665198237880e+00 1.826156254774541423e-10
3.678414096916299947e+00 1.826040569562339812e-10
3.700440528634361570e+00 1.826040884350138214e-10
3.722466960352423193e+00 1.826041199137936616e-10
3.744493392070484816e+00 1.826207513925734942e-10
3.766519823788546439e+00 1.826207828713533344e-10
3.788546255506608063e+00 1.826217143501331771e-10
3.810572687224669686e+00 1.826217458289130432e-10
3.832599118942731309e+00 1.826150773076928931e-10
3.854625550660793376e+00 1.826151087864727332e-10
3.876651982378854999e+00 1.826151402652525734e-10
3.898678414096916622e+00 1.826172717440324109e-10
3.920704845814978245e+00 1.826173032228122511e-10
3.942731277533039869e+00 1.826119347015921277e-10
3.964757709251101492e+00 1.826119661803719678e-10
3.986784140969163115e+00 1.826049976591517997e-10
4.008810572687225182e+00 1.826050291379316398e-10
4.030837004405286805e+00 1.826139606167114736e-10
4.052863436123348428e+00 1.826139920954913138e-10
4.074889867841410052e+00 1.826140235742711540e-10
4.096916299559471675e+00 1.826035550530510333e-10
4.118942731277533298e+00 1.826035865318308735e-10
4.140969162995594921e+00 1.826138180106107081e-10
4.162995594713656544e+00 1.826138494893905483e-10
4.185022026431718167e+00 1.826200809681703744e-10
4.207048458149779790e+00 1.826201124469502146e-10
4.229074889867841414e+00 1.826159439257300601e-10
4.251101321585903037e+00 1.826159754045099261e-10
4.273127753303964660e+00 1.826160068832897663e-10
4.295154185022026283e+00 1.826186383620696081e-10
4.317180616740087906e+00 1.826186698408494483e-10
4.339207048458150418e+00 1.826227013196292969e-10
4.361233480176212041e+00 1.826227327984091371e-10
4.383259911894273664e+00 1.826152642771889905e-10
4.405286343612335287e+00 1.826152957559688306e-10
4.427312775330396910e+00 1.826153272347486708e-10
4.449339207048458533e+00 1.826042587135285140e-10
4.471365638766520156e+00 1.826042901923083542e-10
4.493392070484581780e+00 1.826181216710881990e-10
4.515418502202643403e+00 1.826181531498680392e-10
4.537444933920705026e+00 1.826017846286478989e-10
4.559471365638766649e+00 1.826018161074277391e-10
4.581497797356828272e+00 1.826193475862075743e-10
4.603524229074889895e+00 1.826193790649874145e-10
4.625550660792951518e+00 1.826194105437672546e-10
4.647577092511013142e+00 1.826207420225470956e-10
4.669603524229074765e+00 1.826207735013269616e-10
4.691629955947136388e+00 1.826140049801068055e-10
4.713656387665198899e+00 1.826140364588866457e-10
4.735682819383260522e+00 1.826160679376665030e-10
4.757709251101322145e+00 1.826160994164463432e-10
4.779735682819383769e+00 1.826161308952261834e-10
4.801762114537445392e+00 1.826158623740060055e-10
4.823788546255507015e+00 1.826158938527858715e-10
4.845814977973568638e+00 1.826112253315657127e-10
4.867841409691630261e+00 1.826112568103455529e-10
4.889867841409691884e+00 1.826120882891253896e-10
4.911894273127753507e+00 1.826121197679052297e-10
4.933920704845815131e+00 1.826106512466850829e-10
4.955947136563876754e+00 1.826106827254649489e-10
4.977973568281938377e+00 1.826107142042447891e-10
5.000000000000000000e+00 1.826013456830246314e-10
5.022026431718061623e+00 1.826013771618044715e-10
5.044052863436123246e+00 1.826237086405843117e-10
5.066079295154184869e+00 1.826237401193641519e-10
5.088105726872247381e+00 1.826139715981439959e-10
5.110132158590309004e+00 1.826140030769238619e-10
5.132158590308370627e+00 1.826239345557036784e-10
5.154185022026432250e+00 1.826239660344835186e-10
5.176211453744493873e+00 1.826239975132633588e-10
5.198237885462555496e+00 1.826220289920432076e-10
5.220264317180617120e+00 1.826220604708230478e-10
5.242290748898678743e+00 1.826176919496029071e-10
5.264317180616740366e+00 1.826177234283827473e-10
5.286343612334801989e+00 1.826095549071626102e-10
5.308370044052863612e+00 1.826095863859424503e-10
5.330396475770925235e+00 1.826096178647222905e-10
5.352422907488986858e+00 1.826132493435021151e-10
5.374449339207048482e+00 1.826132808222819552e-10
5.396475770925110105e+00 1.826138123010618255e-10
5.418502202643171728e+00 1.826138437798416657e-10
5.440528634361233351e+00 1.825992752586215047e-10
5.462555066079295862e+00 1.825993067374013449e-10
5.484581497797357486e+00 1.825993382161811851e-10
5.506607929515419109e+00 1.826199696949610262e-10
5.528634361233480732e+00 1.826200011737408922e-10
5.550660792951542355e+00 1.826200326525207324e-10
5.572687224669603978e+00 1.826246641313005655e-10
5.594713656387665601e+00 1.826246956100804056e-10
5.616740088105727224e+00 1.826317270888602542e-10
5.638766519823788848e+00 1.826317585676400943e-10
5.660792951541850471e+00 1.826380900464199265e-10
5.682819383259912094e+00 1.826381215251997925e-10
5.704845814977973717e+00 1.826381530039796327e-10
5.726872246696035340e+00 1.826230844827594674e-10
5.748898678414096963e+00 1.826231159615393076e-10
5.770925110132158586e+00 1.826337474403191663e-10
5.792951541850220210e+00 1.826337789190990065e-10
5.814977973568281833e+00 1.826291103978788736e-10
5.837004405286344344e+00 1.826291418766587137e-10
5.859030837004405967e+00 1.826291733554385539e-10
5.881057268722467590e+00 1.826223048342183918e-10
5.903083700440529213e+00 1.826223363129982319e-10
5.925110132158590837e+00 1.826278677917780676e-10
5.947136563876652460e+00 1.826278992705579078e-10
5.969162995594714083e+00 1.826283307493377721e-10
5.991189427312775706e+00 1.826283622281176122e-10
6.013215859030837329e+00 1.826189937068974545e-10
6.035242290748898952e+00 1.826190251856772947e-10
6.057268722466960575e+00 1.826190566644571348e-10
6.079295154185022199e+00 1.826333881432369839e-10
6.101321585903083822e+00 1.826334196220168500e-10
6.123348017621145445e+00 1.826373511007966926e-10
6.145374449339207068e+00 1.826373825795765327e-10
6.167400881057268691e+00 1.826252140583563613e-10
6.189427312775330314e+00 1.826252455371362015e-10
6.211453744493392826e+00 1.826252770159160417e-10
6.233480176211454449e+00 1.826431084946958691e-10
6.255506607929516072e+00 1.826431399734757351e-10
6.277533039647577695e+00 1.826175714522555832e-10
6.299559471365639318e+00 1.826176029310354233e-10
6.321585903083700941e+00 1.826224344098152685e-10
6.343612334801762564e+00 1.826224658885951087e-10
6.365638766519824188e+00 1.826319973673749528e-10
6.387665198237885811e+00 1.826320288461548188e-10
6.409691629955947434e+00 1.826320603249346590e-10
6.431718061674009057e+00 1.826143918037144921e-10
6.453744493392070680e+00 1.826144232824943323e-10
6.475770925110132303e+00 1.826217547612741730e-10
6.497797356828193927e+00 1.826217862400540132e-10
6.519823788546255550e+00 1.826150177188338571e-10
6.541850220264317173e+00 1.826150491976137231e-10
6.563876651982378796e+00 1.826213806763935553e-10
6.585903083700441307e+00 1.826214121551733954e-10
6.607929515418502930e+00 1.826214436339532356e-10
6.629955947136564554e+00 1.826119751127330718e-10
6.651982378854626177e+00 1.826120065915129120e-10
6.674008810572687800e+00 1.826156380702927882e-10
6.696035242290749423e+00 1.826156695490726284e-10
6.718061674008811046e+00 1.826048010278524578e-10
6.740088105726872669e+00 1.826048325066322980e-10
6.762114537444934292e+00 1.826048639854121381e-10
6.784140969162995916e+00 1.826094954641919971e-10
6.806167400881057539e+00 1.826095269429718373e-10
6.828193832599119162e+00 1.826095584217517033e-10
6.850220264317180785e+00 1.826095899005315435e-10
6.872246696035242408e+00 1.825996213793113754e-10
6.894273127753304031e+00 1.825996528580912156e-10
6.916299559471365654e+00 1.826208843368710670e-10
6.938325991189427278e+00 1.826209158156509072e-10
6.960352422907489789e+00 1.826209472944307732e-10
6.982378854625551412e+00 1.826195787732106065e-10
7.004405286343613035e+00 1.826196102519904467e-10
7.026431718061674658e+00 1.826293417307702770e-10
7.048458149779736281e+00 1.826293732095501172e-10
7.070484581497797905e+00 1.826294046883299574e-10
7.092511013215859528e+00 1.826294361671097976e-10
7.114537444933921151e+00 1.826558676458896781e-10
7.136563876651982774e+00 1.826558991246695183e-10
7.158590308370044397e+00 1.826343306034493489e-10
7.180616740088106020e+00 1.826343620822291891e-10
7.202643171806167643e+00 1.826418935610090419e-10
7.224669603524229267e+00 1.826419250397888821e-10
7.246696035242290890e+00 1.826419565185687481e-10
7.268722466960352513e+00 1.826388879973485824e-10
7.290748898678414136e+00 1.826389194761284225e-10
7.312775330396475759e+00 1.826264509549082589e-10
7.334801762114538271e+00 1.826264824336880990e-10
7.356828193832599894e+00 1.826521139124679313e-10
7.378854625550661517e+00 1.826521453912477715e-10
7.400881057268723140e+00 1.826431768700276379e-10
7.422907488986784763e+00 1.826432083488074781e-10
7.444933920704846386e+00 1.826432398275873182e-10
7.466960352422908009e+00 1.826492713063671582e-10
7.488986784140969633e+00 1.826493027851469984e-10
7.511013215859031256e+00 1.826453342639268559e-10
7.533039647577092879e+00 1.826453657427067219e-10
7.555066079295154502e+00 1.826596972214865452e-10
7.577092511013216125e+00 1.826597287002663854e-10
7.599118942731277748e+00 1.826412601790462219e-10
7.621145374449339371e+00 1.826412916578260621e-10
7.643171806167400995e+00 1.826413231366059023e-10
7.665198237885462618e+00 1.826488546153857551e-10
7.687224669603524241e+00 1.826488860941656211e-10
7.709251101321586752e+00 1.826363175729454514e-10
7.731277533039648375e+00 1.826363490517252916e-10
7.753303964757709998e+00 1.826340805305051482e-10
7.775330396475771622e+00 1.826341120092849884e-10
7.797356828193833245e+00 1.826341434880648286e-10
7.819383259911894868e+00 1.826442749668446830e-10
7.841409691629956491e+00 1.826443064456245232e-10
7.863436123348018114e+00 1.826430379244043626e-10
7.885462555066079737e+00 1.826430694031842027e-10
7.907488986784141360e+00 1.826482008819640401e-10
7.929515418502202984e+00 1.826482323607438803e-10
7.951541850220264607e+00 1.826464638395237154e-10
7.973568281938326230e+00 1.826464953183035814e-10
7.995594713656387853e+00 1.826465267970834216e-10
8.017621145374450364e+00 1.826463582758632755e-10
8.039647577092511099e+00 1.826463897546431157e-10
8.061674008810573611e+00 1.826348212334229546e-10
8.083700440528634346e+00 1.826348527122027948e-10
8.105726872246696857e+00 1.826495841909826680e-10
8.127753303964757592e+00 1.826496156697625082e-10
8.149779735682820103e+00 1.826360471485423299e-10
8.171806167400880838e+00 1.826360786273221701e-10
8.193832599118943349e+00 1.826361101061020102e-10
8.215859030837004084e+00 1.826330415848818703e-10
8.237885462555066596e+00 1.826330730636617105e-10
8.259911894273127331e+00 1.826486045424415544e-10
8.281938325991189842e+00 1.826486360212213946e-10
8.303964757709252353e+00 1.826310675000012337e-10
8.325991189427313088e+00 1.826310989787810739e-10
8.348017621145375600e+00 1.826311304575609141e-10
8.370044052863436335e+00 1.826528619363407698e-10
8.392070484581498846e+00 1.826528934151206358e-10
8.414096916299559581e+00 1.826450248939004651e-10
8.436123348017622092e+00 1.826450563726803052e-10
8.458149779735682827e+00 1.826514878514601434e-10
8.480176211453745339e+00 1.826515193302399836e-10
8.502202643171806073e+00 1.826452508090198318e-10
8.524229074889868585e+00 1.826452822877996720e-10
8.546255506607929320e+00 1.826453137665795380e-10
8.568281938325991831e+00 1.826382452453593896e-10
8.590308370044052566e+00 1.826382767241392298e-10
8.612334801762115077e+00 1.826341082029190495e-10
8.634361233480175812e+00 1.826341396816988896e-10
8.656387665198238324e+00 1.826348711604787461e-10
8.678414096916300835e+00 1.826349026392586122e-10
8.700440528634361570e+00 1.826349341180384523e-10
8.722466960352424081e+00 1.826365655968182856e-10
8.744493392070484816e+00 1.826365970755981257e-10
8.766519823788547328e+00 1.826282285543779766e-10
8.788546255506608063e+00 1.826282600331578167e-10
8.810572687224670574e+00 1.826430915119376443e-10
8.832599118942731309e+00 1.826431229907175103e-10
8.854625550660793820e+00 1.826431544694973505e-10
8.876651982378854555e+00 1.826436859482771949e-10
8.898678414096917066e+00 1.826437174270570351e-10
8.920704845814977801e+00 1.826437489058368753e-10
8.942731277533040313e+00 1.826450803846167163e-10
8.964757709251101048e+00 1.826451118633965823e-10
8.986784140969163559e+00 1.826565433421764117e-10
9.008810572687224294e+00 1.826565748209562519e-10
9.030837004405286805e+00 1.826397062997361073e-10
9.052863436123349317e+00 1.826397377785159475e-10
9.074889867841410052e+00 1.826397692572957877e-10
9.096916299559472563e+00 1.826413007360756149e-10
9.118942731277533298e+00 1.826413322148554809e-10
9.140969162995595809e+00 1.826393636936353298e-10
9.162995594713656544e+00 1.826393951724151699e-10
9.185022026431719055e+00 1.826376266511950050e-10
9.207048458149779790e+00 1.826376581299748452e-10
9.229074889867842302e+00 1.826376896087546854e-10
9.251101321585903037e+00 1.826442210875345554e-10
9.273127753303965548e+00 1.826513525663143841e-10
9.295154185022026283e+00 1.826513840450942243e-10
9.317180616740088794e+00 1.826514155238740645e-10
9.339207048458149529e+00 1.826435470026539196e-10
9.361233480176212041e+00 1.826435784814337598e-10
9.383259911894272776e+00 1.826432099602136017e-10
9.405286343612335287e+00 1.826432414389934677e-10
9.427312775330397798e+00 1.826432729177733079e-10
9.449339207048458533e+00 1.826603043965531388e-10
9.471365638766521045e+00 1.826603358753329790e-10
9.493392070484581780e+00 1.826376673541128209e-10
9.515418502202644291e+00 1.826376988328926610e-10
9.537444933920705026e+00 1.826432303116725226e-10
9.559471365638767537e+00 1.826432617904523627e-10
9.581497797356828272e+00 1.826432932692322029e-10
9.603524229074890783e+00 1.826445247480120379e-10
9.625550660792951518e+00 1.826445562267918780e-10
9.647577092511014030e+00 1.826346877055717160e-10
9.669603524229074765e+00 1.826347191843515562e-10
9.691629955947137276e+00 1.826512506631314345e-10
9.713656387665198011e+00 1.826512821419112747e-10
9.735682819383260522e+00 1.826485136206911270e-10
9.757709251101321257e+00 1.826485450994709672e-10
9.779735682819383769e+00 1.826485765782508074e-10
9.801762114537446280e+00 1.826359080570306316e-10
9.823788546255507015e+00 1.826359395358104977e-10
9.845814977973569526e+00 1.825997710145903530e-10
9.867841409691630261e+00 1.825998024933701932e-10
9.889867841409692772e+00 1.825992339721500230e-10
9.911894273127753507e+00 1.825992654509298632e-10
9.933920704845816019e+00 1.826304969297096970e-10
9.955947136563876754e+00 1.826305284084895372e-10
9.977973568281939265e+00 1.826305598872694032e-10
1.000000000000000000e+01 1.835419913660492502e-10
1.002202643171806251e+01 1.835420228448290904e-10
1.004405286343612325e+01 1.832625543236089368e-10
1.006607929515418576e+01 1.832625858023887770e-10
1.008810572687224649e+01 1.832470172811686074e-10
1.011013215859030900e+01 1.832470487599484734e-10
1.013215859030836974e+01 1.832470802387283136e-10
1.015418502202643225e+01 1.832446117175081582e-10
1.017621145374449476e+01 1.832446431962879984e-10
1.019823788546255550e+01 1.832334746750678355e-10
1.022026431718061801e+01 1.832335061538476757e-10
1.024229074889867874e+01 1.832451376326275171e-10
1.026431718061674125e+01 1.832451691114073832e-10
1.028634361233480199e+01 1.832452005901872233e-10
1.030837004405286450e+01 1.832343320689670527e-10
1.033039647577092524e+01 1.832343635477468929e-10
1.035242290748898775e+01 1.832181950265267389e-10
1.037444933920704848e+01 1.832182265053065790e-10
1.039647577092511099e+01 1.832109579840864445e-10
1.041850220264317173e+01 1.832109894628662846e-10
1.044052863436123424e+01 1.832110209416461248e-10
1.046255506607929497e+01 1.831952524204259690e-10
1.048458149779735749e+01 1.831952838992058092e-10
1.050660792951541822e+01 1.831953153779856494e-10
1.052863436123348073e+01 1.831947468567654792e-10
1.055066079295154324e+01 1.831947783355453453e-10
1.057268722466960398e+01 1.832097098143252047e-10
1.059471365638766649e+01 1.832097412931050449e-10
1.061674008810572722e+01 1.831879727718848893e-10
1.063876651982378974e+01 1.831880042506647295e-10
1.066079295154185047e+01 1.831880357294445697e-10
1.068281938325991298e+01 1.831914672082244338e-10
1.070484581497797372e+01 1.831914986870042740e-10
1.072687224669603623e+01 1.831820301657841102e-10
1.074889867841409696e+01 1.831820616445639504e-10
1.077092511013215947e+01 1.831820931233437906e-10
1.079295154185022021e+01 1.831733246021236173e-10
1.081497797356828272e+01 1.831733560809034575e-10
1.083700440528634346e+01 1.831443875596833332e-10
1.085903083700440597e+01 1.831444190384631734e-10
1.088105726872246670e+01 1.831456505172430083e-10
1.090308370044052921e+01 1.831456819960228485e-10
1.092511013215859172e+01 1.831113134748026831e-10
1.094713656387665246e+01 1.831113449535825233e-10
1.096916299559471497e+01 1.831113764323623893e-10
1.099118942731277571e+01 1.831145079111422354e-10
1.101321585903083822e+01 1.831145393899220755e-10
1.103524229074889895e+01 1.831135708687019071e-10
1.105726872246696146e+01 1.831136023474817473e-10
1.107929515418502220e+01 1.831025338262615905e-10
1.110132158590308471e+01 1.831025653050414307e-10
1.112334801762114544e+01 1.830997967838213089e-10
1.114537444933920796e+01 1.830998282626011490e-10
1.116740088105726869e+01 1.830998597413809892e-10
1.118942731277533120e+01 1.830974912201608140e-10
1.121145374449339194e+01 1.830975226989406541e-10
1.123348017621145445e+01 1.830881541777204964e-10
1.125550660792951518e+01 1.830881856565003624e-10
1.127753303964757770e+01 1.830830171352801993e-10
1.129955947136564021e+01 1.830830486140600395e-10
1.132158590308370094e+01 1.830830800928398797e-10
1.134361233480176345e+01 1.830977115716197210e-10
1.136563876651982419e+01 1.830977430503995612e-10
1.138766519823788670e+01 1.830791745291794176e-10
1.140969162995594743e+01 1.830792060079592836e-10
1.143171806167400995e+01 1.830895374867391243e-10
1.145374449339207068e+01 1.830895689655189644e-10
1.147577092511013319e+01 1.830961004442988087e-10
1.149779735682819393e+01 1.830961319230786488e-10
1.151982378854625644e+01 1.830961634018584890e-10
1.154185022026431717e+01 1.830713948806383336e-10
1.156387665198237968e+01 1.830714263594181737e-10
1.158590308370044042e+01 1.831127578381980218e-10
1.160792951541850293e+01 1.831127893169778620e-10
1.162995594713656367e+01 1.831293207957577145e-10
1.165198237885462618e+01 1.831293522745375546e-10
1.167400881057268869e+01 1.831702837533173786e-10
1.169603524229074942e+01 1.831703152320972446e-10
1.171806167400881193e+01 1.831703467108770848e-10
1.174008810572687267e+01 1.831836781896569253e-10
1.176211453744493518e+01 1.831837096684367655e-10
1.178414096916299592e+01 1.831935411472166019e-10
1.180616740088105843e+01 1.831935726259964420e-10
1.182819383259911916e+01 1.831828041047763292e-10
1.185022026431718167e+01 1.831828355835561693e-10
1.187224669603524241e+01 1.831935670623360082e-10
1.189427312775330492e+01 1.831935985411158484e-10
1.191629955947136565e+01 1.831936300198956886e-10
1.193832599118942817e+01 1.831960614986755183e-10
1.196035242290748890e+01 1.831960929774553585e-10
1.198237885462555141e+01 1.831830244562352362e-10
1.200440528634361215e+01 1.831830559350150764e-10
1.202643171806167466e+01 1.831993874137949168e-10
1.204845814977973717e+01 1.831994188925747570e-10
1.207048458149779790e+01 1.831935503713545776e-10
1.209251101321586042e+01 1.831935818501344177e-10
1.211453744493392115e+01 1.831936133289142579e-10
1.213656387665198366e+01 1.832063448076941398e-10
1.215859030837004440e+01 1.832063762864739800e-10
1.218061674008810691e+01 1.832038077652538185e-10
1.220264317180616764e+01 1.832038392440336587e-10
1.222466960352423015e+01 1.832038707228134989e-10
1.224669603524229089e+01 1.831903022015933465e-10
1.226872246696035340e+01 1.831903336803732125e-10
1.229074889867841414e+01 1.831903651591530527e-10
1.231277533039647665e+01 1.831891966379328722e-10
1.233480176211453738e+01 1.831892281167127124e-10
1.235682819383259989e+01 1.831901595954925551e-10
1.237885462555066063e+01 1.831901910742723953e-10
1.240088105726872314e+01 1.831854225530522305e-10
1.242290748898678565e+01 1.831854540318320965e-10
1.244493392070484639e+01 1.831854855106119367e-10
1.246696035242290890e+01 1.831915169893917766e-10
1.248898678414096963e+01 1.831915484681716168e-10
1.251101321585903214e+01 1.831957799469514775e-10
1.253303964757709288e+01 1.831958114257313176e-10
1.255506607929515539e+01 1.831853429045111711e-10
1.257709251101321613e+01 1.831853743832910113e-10
1.259911894273127864e+01 1.831854058620708515e-10
1.262114537444933937e+01 1.831951373408506818e-10
1.264317180616740188e+01 1.831951688196305220e-10
1.266519823788546262e+01 1.832039002984103696e-10
1.268722466960352513e+01 1.832039317771902098e-10
1.270925110132158586e+01 1.831802632559700689e-10
1.273127753303964838e+01 1.831802947347499091e-10
1.275330396475770911e+01 1.832010262135297562e-10
1.277533039647577162e+01 1.832010576923095964e-10
1.279735682819383413e+01 1.832010891710894366e-10
1.281938325991189487e+01 1.831946206498692727e-10
1.284140969162995738e+01 1.831946521286491387e-10
1.286343612334801811e+01 1.831808836074290001e-10
1.288546255506608063e+01 1.831809150862088403e-10
1.290748898678414136e+01 1.831949465649886713e-10
1.292951541850220387e+01 1.831949780437685115e-10
1.295154185022026461e+01 1.831892095225483381e-10
1.297356828193832712e+01 1.831892410013281783e-10
1.299559471365638785e+01 1.831892724801080443e-10
1.301762114537445036e+01 1.831928039588878886e-10
1.303964757709251110e+01 1.831928354376677288e-10
1.306167400881057361e+01 1.832000669164475635e-10
1.308370044052863435e+01 1.832000983952274037e-10
1.310572687224669686e+01 1.831906298740072658e-10
1.312775330396475759e+01 1.831906613527871318e-10
1.314977973568282010e+01 1.831906928315669720e-10
1.317180616740088261e+01 1.831890243103468131e-10
1.319383259911894335e+01 1.831890557891266533e-10
1.321585903083700586e+01 1.831994872679064741e-10
1.323788546255506660e+01 1.831995187466863142e-10
1.325991189427312911e+01 1.831813502254661689e-10
1.328193832599118984e+01 1.831813817042460349e-10
1.330396475770925235e+01 1.831814131830258751e-10
1.332599118942731309e+01 1.831827446618057161e-10
1.334801762114537560e+01 1.831827761405855563e-10
1.337004405286343633e+01 1.831901076193653970e-10
1.339207048458149885e+01 1.831901390981452372e-10
1.341409691629955958e+01 1.831901705769251032e-10
1.343612334801762209e+01 1.831850020557049401e-10
1.345814977973568283e+01 1.831850335344847803e-10
1.348017621145374534e+01 1.832013650132646207e-10
1.350220264317180607e+01 1.832013964920444609e-10
1.352422907488986858e+01 1.831986279708242874e-10
1.354625550660793110e+01 1.831986594496041276e-10
1.356828193832599183e+01 1.831986909283839936e-10
1.359030837004405434e+01 1.831985224071638475e-10
1.361233480176211508e+01 1.831985538859436877e-10
1.363436123348017759e+01 1.831923853647235161e-10
1.365638766519823832e+01 1.831924168435033562e-10
1.367841409691630084e+01 1.832019483222832004e-10
1.370044052863436157e+01 1.832019798010630664e-10
1.372246696035242408e+01 1.832020112798429066e-10
1.374449339207048482e+01 1.831849427586227500e-10
1.376651982378854733e+01 1.831849742374025901e-10
1.378854625550660806e+01 1.831890057161824388e-10
1.381057268722467057e+01 1.831890371949622789e-10
1.383259911894273131e+01 1.831935686737421060e-10
1.385462555066079382e+01 1.831936001525219721e-10
1.387665198237885456e+01 1.831936316313018122e-10
1.389867841409691707e+01 1.831772631100816461e-10
1.392070484581497958e+01 1.831772945888614863e-10
1.394273127753304031e+01 1.831972260676413369e-10
1.396475770925110282e+01 1.831972575464211771e-10
1.398678414096916356e+01 1.831959890252010423e-10
1.400881057268722607e+01 1.831960205039808825e-10
1.403083700440528681e+01 1.831960519827607226e-10
1.405286343612334932e+01 1.831960834615405628e-10
1.407488986784141005e+01 1.831919149403204083e-10
1.409691629955947256e+01 1.831919464191002485e-10
1.411894273127753330e+01 1.832044778978800925e-10
1.414096916299559581e+01 1.832045093766599585e-10
1.416299559471365654e+01 1.831831408554398012e-10
1.418502202643171906e+01 1.831831723342196414e-10
1.420704845814977979e+01 1.831832038129994816e-10
1.422907488986784230e+01 1.831912352917793128e-10
1.425110132158590304e+01 1.831912667705591530e-10
1.427312775330396555e+01 1.831878982493390209e-10
1.429515418502202806e+01 1.831879297281188611e-10
1.431718061674008879e+01 1.831842612068986850e-10
1.433920704845815131e+01 1.831842926856785252e-10
1.436123348017621204e+01 1.831870241644583730e-10
1.438325991189427455e+01 1.831870556432382132e-10
1.440528634361233529e+01 1.831870871220180533e-10
1.442731277533039780e+01 1.831960186007979130e-10
1.444933920704845853e+01 1.831960500795777532e-10
1.447136563876652104e+01 1.831839815583576136e-10
1.449339207048458178e+01 1.831840130371374538e-10
1.451541850220264429e+01 1.831935445159172979e-10
1.453744493392070503e+01 1.831935759946971381e-10
1.455947136563876754e+01 1.831936074734770041e-10
1.458149779735682827e+01 1.832009389522568190e-10
1.460352422907489078e+01 1.832009704310366592e-10
1.462555066079295152e+01 1.831782019098165209e-10
1.464757709251101403e+01 1.831782333885963611e-10
1.466960352422907654e+01 1.831869648673761828e-10
1.469162995594713728e+01 1.831869963461560230e-10
1.471365638766519979e+01 1.831866278249358908e-10
1.473568281938326052e+01 1.831866593037157309e-10
1.475770925110132303e+01 1.831763907824955706e-10
1.477973568281938377e+01 1.831764222612754108e-10
1.480176211453744628e+01 1.831764537400552510e-10
1.482378854625550701e+01 1.831979852188350947e-10
1.484581497797356953e+01 1.831980166976149607e-10
1.486784140969163026e+01 1.831896481763948115e-10
1.488986784140969277e+01 1.831896796551746517e-10
1.491189427312775351e+01 1.831897111339544919e-10
1.493392070484581602e+01 1.831962426127343361e-10
1.495594713656387675e+01 1.831962740915141763e-10
1.497797356828193927e+01 1.831937055702940148e-10
1.500000000000000000e+01 1.831937370490738808e-10
1.502202643171806251e+01 1.832016685278537061e-10
1.504405286343612502e+01 1.832017000066335462e-10
1.506607929515418576e+01 1.831877314854133956e-10
1.508810572687224827e+01 1.831877629641932357e-10
1.511013215859030900e+01 1.831877944429730759e-10
1.513215859030837152e+01 1.831930259217529452e-10
1.515418502202643225e+01 1.831930574005327854e-10
1.517621145374449476e+01 1.831852888793126207e-10
1.519823788546255550e+01 1.831853203580924608e-10
1.522026431718061801e+01 1.831838518368722881e-10
1.524229074889867874e+01 1.831838833156521283e-10
1.526431718061674125e+01 1.831954147944319896e-10
1.528634361233480199e+01 1.831954462732118556e-10
1.530837004405286450e+01 1.831954777519916958e-10
1.533039647577092524e+01 1.831923092307715240e-10
1.535242290748898775e+01 1.831923407095513642e-10
1.537444933920704848e+01 1.831942721883312155e-10
1.539647577092511099e+01 1.831943036671110557e-10
1.541850220264317350e+01 1.831982351458909241e-10
1.544052863436123424e+01 1.831982666246707643e-10
1.546255506607929675e+01 1.831982981034506045e-10
1.548458149779735749e+01 1.831938295822304319e-10
1.550660792951542000e+01 1.831938610610102721e-10
1.552863436123348073e+01 1.831846925397901264e-10
1.555066079295154324e+01 1.831847240185699665e-10
1.557268722466960398e+01 1.831956554973498175e-10
1.559471365638766649e+01 1.831956869761296577e-10
1.561674008810572722e+01 1.831869184549095102e-10
1.563876651982378974e+01 1.831869499336893504e-10
1.566079295154185047e+01 1.831822814124691916e-10
1.568281938325991298e+01 1.831823128912490318e-10
1.570484581497797372e+01 1.831823443700288978e-10
1.572687224669603623e+01 1.831958758488087246e-10
1.574889867841409696e+01 1.831959073275885647e-10
1.577092511013215947e+01 1.831860388063684027e-10
1.579295154185022199e+01 1.831860702851482429e-10
1.581497797356828272e+01 1.831861017639280830e-10
1.583700440528634523e+01 1.831953332427079349e-10
1.585903083700440597e+01 1.831953647214878010e-10
1.588105726872246848e+01 1.831953962002676411e-10
1.590308370044052921e+01 1.831908276790474625e-10
1.592511013215859172e+01 1.831908591578273027e-10
1.594713656387665246e+01 1.831868906366071603e-10
1.596916299559471497e+01 1.831869221153870004e-10
1.599118942731277571e+01 1.831869535941668664e-10
1.601321585903083644e+01 1.831987850729466941e-10
1.603524229074890073e+01 1.831988165517265343e-10
1.605726872246696146e+01 1.831873480305063792e-10
1.607929515418502220e+01 1.831873795092862194e-10
1.610132158590308293e+01 1.831868109880660492e-10
1.612334801762114722e+01 1.831868424668458894e-10
1.614537444933920796e+01 1.831955739456257629e-10
1.616740088105726869e+01 1.831956054244056030e-10
1.618942731277533298e+01 1.831798369031854472e-10
1.621145374449339371e+01 1.831798683819652874e-10
1.623348017621145445e+01 1.831798998607451276e-10
1.625550660792951518e+01 1.831894313395249717e-10
1.627753303964757947e+01 1.831894628183048377e-10
1.629955947136564021e+01 1.831943942970846631e-10
1.632158590308370094e+01 1.831944257758645033e-10
1.634361233480176168e+01 1.831908572546443591e-10
1.636563876651982596e+01 1.831908887334241992e-10
1.638766519823788670e+01 1.831909202122040394e-10
1.640969162995594743e+01 1.831866516909838789e-10
1.643171806167400817e+01 1.831866831697637449e-10
1.645374449339207246e+01 1.832035146485435896e-10
1.647577092511013319e+01 1.832035461273234298e-10
1.649779735682819393e+01 1.831769776061032693e-10
1.651982378854625466e+01 1.831770090848831094e-10
1.654185022026431895e+01 1.831770405636629496e-10
1.656387665198237968e+01 1.831837720424428059e-10
1.658590308370044042e+01 1.831838035212226461e-10
1.660792951541850471e+01 1.831838350000024862e-10
1.662995594713656544e+01 1.831838664787823264e-10
1.665198237885462618e+01 1.831751979575621592e-10
1.667400881057268691e+01 1.831752294363419993e-10
1.669603524229075120e+01 1.831752609151218395e-10
1.671806167400881193e+01 1.831841923939017250e-10
1.674008810572687267e+01 1.831842238726815652e-10
1.676211453744493340e+01 1.831897553514614008e-10
1.678414096916299769e+01 1.831897868302412410e-10
1.680616740088105843e+01 1.831938183090210638e-10
1.682819383259911916e+01 1.831938497878009040e-10
1.685022026431717990e+01 1.831897812665807814e-10
1.687224669603524418e+01 1.831898127453606215e-10
1.689427312775330492e+01 1.831981442241404709e-10
1.691629955947136565e+01 1.831981757029203110e-10
1.693832599118942994e+01 1.831982071817001512e-10
1.696035242290749068e+01 1.831903386604799805e-10
1.698237885462555141e+01 1.831903701392598207e-10
1.700440528634361215e+01 1.831899016180396824e-10
1.702643171806167643e+01 1.831899330968195226e-10
1.704845814977973717e+01 1.831912645755993635e-10
1.707048458149779790e+01 1.831912960543792037e-10
1.709251101321585864e+01 1.831764275331590505e-10
1.711453744493392293e+01 1.831764590119388907e-10
1.713656387665198366e+01 1.831764904907187567e-10
1.715859030837004440e+01 1.831972219694986038e-10
1.718061674008810513e+01 1.831972534482784440e-10
1.720264317180616942e+01 1.831825849270582770e-10
1.722466960352423015e+01 1.831826164058381172e-10
1.724669603524229089e+01 1.831870478846179641e-10
1.726872246696035162e+01 1.831870793633978042e-10
1.729074889867841591e+01 1.831871108421776702e-10
1.731277533039647665e+01 1.831856423209574976e-10
1.733480176211453738e+01 1.831856737997373377e-10
1.735682819383260167e+01 1.831811052785171850e-10
1.737885462555066240e+01 1.831811367572970251e-10
1.740088105726872314e+01 1.831811682360768653e-10
1.742290748898678387e+01 1.831811997148567313e-10
1.744493392070484816e+01 1.831649311936365713e-10
1.746696035242290890e+01 1.831649626724164114e-10
1.748898678414096963e+01 1.831584941511962476e-10
1.751101321585903037e+01 1.831585256299760877e-10
1.753303964757709466e+01 1.831389571087559355e-10
1.755506607929515539e+01 1.831389885875357757e-10
1.757709251101321613e+01 1.831390200663156417e-10
1.759911894273127686e+01 1.831279515450954849e-10
1.762114537444934115e+01 1.831279830238753251e-10
1.764317180616740188e+01 1.831292145026551600e-10
1.766519823788546262e+01 1.831292459814350002e-10
1.768722466960352691e+01 1.831148774602148513e-10
1.770925110132158764e+01 1.831149089389947173e-10
1.773127753303964838e+01 1.831257404177745364e-10
1.775330396475770911e+01 1.831257718965543766e-10
1.777533039647577340e+01 1.831202033753342152e-10
1.779735682819383413e+01 1.831202348541140554e-10
1.781938325991189487e+01 1.831202663328938956e-10
1.784140969162995560e+01 1.831180978116737582e-10
1.786343612334801989e+01 1.831181292904536242e-10
1.788546255506608063e+01 1.831325607692334535e-10
1.790748898678414136e+01 1.831325922480132937e-10
1.792951541850220210e+01 1.831126237267931433e-10
1.795154185022026638e+01 1.831126552055729834e-10
1.797356828193832712e+01 1.831126866843528236e-10
1.799559471365638785e+01 1.831138181631326784e-10
1.801762114537444859e+01 1.831138496419125186e-10
1.803964757709251288e+01 1.831252811206923480e-10
1.806167400881057361e+01 1.831253125994721881e-10
1.808370044052863435e+01 1.831283440782520282e-10
1.810572687224669863e+01 1.831283755570318684e-10
1.812775330396475937e+01 1.831284070358117085e-10
1.814977973568282010e+01 1.831272385145915798e-10
1.817180616740088084e+01 1.831272699933714199e-10
1.819383259911894513e+01 1.831450014721512672e-10
1.821585903083700586e+01 1.831450329509311074e-10
1.823788546255506660e+01 1.831450644297109475e-10
1.825991189427312733e+01 1.831450959084907877e-10
1.828193832599119162e+01 1.831451273872706537e-10
1.830396475770925235e+01 1.831423588660504802e-10
1.832599118942731309e+01 1.831423903448303204e-10
1.834801762114537382e+01 1.831490218236101707e-10
1.837004405286343811e+01 1.831490533023900108e-10
1.839207048458149885e+01 1.831352847811698464e-10
1.841409691629955958e+01 1.831353162599496865e-10
1.843612334801762387e+01 1.831446477387295703e-10
1.845814977973568460e+01 1.831446792175094105e-10
1.848017621145374534e+01 1.831222106962892386e-10
1.850220264317180607e+01 1.831222421750690788e-10
1.852422907488987036e+01 1.831222736538489189e-10
1.854625550660793110e+01 1.831061051326287649e-10
1.856828193832599183e+01 1.831061366114086309e-10
1.859030837004405257e+01 1.830807680901884652e-10
1.861233480176211685e+01 1.830807995689683053e-10
1.863436123348017759e+01 1.830971310477481457e-10
1.865638766519823832e+01 1.830971625265279859e-10
1.867841409691629906e+01 1.830981940053078347e-10
1.870044052863436335e+01 1.830982254840876748e-10
1.872246696035242408e+01 1.830982569628675409e-10
1.874449339207048482e+01 1.831057884416473678e-10
1.876651982378854555e+01 1.831058199204272080e-10
1.878854625550660984e+01 1.831134513992070668e-10
1.881057268722467057e+01 1.831134828779869070e-10
1.883259911894273131e+01 1.831135143567667472e-10
1.885462555066079560e+01 1.830937458355466088e-10
1.887665198237885633e+01 1.830937773143264490e-10
1.889867841409691707e+01 1.831017087931062742e-10
1.892070484581497780e+01 1.831017402718861144e-10
1.894273127753304209e+01 1.831088717506659689e-10
1.896475770925110282e+01 1.831089032294458091e-10
1.898678414096916356e+01 1.830991347082256531e-10
1.900881057268722429e+01 1.830991661870055191e-10
1.903083700440528858e+01 1.831249976657853376e-10
1.905286343612334932e+01 1.831250291445651778e-10
1.907488986784141005e+01 1.831250606233450180e-10
1.909691629955947079e+01 1.831165921021248628e-10
1.911894273127753507e+01 1.831166235809047029e-10
1.914096916299559581e+01 1.831111550596845735e-10
1.916299559471365654e+01 1.831111865384644137e-10
1.918502202643172083e+01 1.831112180172442538e-10
1.920704845814978157e+01 1.831112494960240940e-10
1.922907488986784230e+01 1.831244809748039285e-10
1.925110132158590304e+01 1.831245124535837687e-10
1.927312775330396732e+01 1.831120439323636050e-10
1.929515418502202806e+01 1.831120754111434710e-10
1.931718061674008879e+01 1.831095068899233096e-10
1.933920704845814953e+01 1.831095383687031498e-10
1.936123348017621382e+01 1.831095698474829899e-10
1.938325991189427455e+01 1.831233013262628546e-10
1.940528634361233529e+01 1.831233328050426948e-10
1.942731277533039602e+01 1.831229642838225367e-10
1.944933920704846031e+01 1.831229957626023768e-10
1.947136563876652104e+01 1.831301272413822314e-10
1.949339207048458178e+01 1.831301587201620716e-10
1.951541850220264251e+01 1.831566901989419064e-10
1.953744493392070680e+01 1.831567216777217466e-10
1.955947136563876754e+01 1.831507531565015870e-10
1.958149779735682827e+01 1.831507846352814530e-10
1.960352422907489256e+01 1.831508161140612932e-10
1.962555066079295329e+01 1.831631475928411251e-10
1.964757709251101403e+01 1.831631790716209653e-10
1.966960352422907476e+01 1.831621105504008167e-10
1.969162995594713905e+01 1.831621420291806569e-10
1.971365638766519979e+01 1.831511735079605320e-10
1.973568281938326052e+01 1.831512049867403721e-10
1.975770925110132126e+01 1.831512364655202123e-10
1.977973568281938554e+01 1.831631679443000460e-10
1.980176211453744628e+01 1.831631994230798862e-10
1.982378854625550701e+01 1.831490309018597234e-10
1.984581497797356775e+01 1.831490623806395636e-10
1.986784140969163204e+01 1.831524938594194278e-10
1.988986784140969277e+01 1.831525253381992680e-10
1.991189427312775351e+01 1.831525568169791081e-10
1.993392070484581780e+01 1.831581882957589498e-10
1.995594713656387853e+01 1.831582197745387900e-10
1.997797356828193927e+01 1.831681512533186324e-10
