0.000000000000000000e+00 2.015833000000000084e-10
2.202643171806167519e-02 2.015832740698552281e-10
4.405286343612335037e-02 2.016308481397104219e-10
6.607929515418502209e-02 2.016308222095656416e-10
8.810572687224670074e-02 2.015916962794208567e-10
1.101321585903083794e-01 2.015916703492760764e-10
1.321585903083700442e-01 2.016222444191312536e-10
1.541850220264317228e-01 2.016222184889864733e-10
1.762114537444934015e-01 2.016221925588416930e-10
1.982378854625550801e-01 2.016434666286969300e-10
2.202643171806167588e-01 2.016434406985521239e-10
2.422907488986784375e-01 2.015874147684073285e-10
2.643171806167400884e-01 2.015873888382625482e-10
2.863436123348017670e-01 2.015966629081177856e-10
3.083700440528634457e-01 2.015966369779729794e-10
3.303964757709251243e-01 2.015928110478282027e-10
3.524229074889868030e-01 2.015927851176834224e-10
3.744493392070484816e-01 2.015927591875386421e-10
3.964757709251101603e-01 2.015776332573938305e-10
4.185022026431718389e-01 2.015776073272490502e-10
4.405286343612335176e-01 2.015656813971042764e-10
4.625550660792951962e-01 2.015656554669594961e-10
4.845814977973568749e-01 2.016109295368146805e-10
5.066079295154185536e-01 2.016109036066699002e-10
5.286343612334801767e-01 2.015913776765251077e-10
5.506607929515419109e-01 2.015913517463803274e-10
5.726872246696035340e-01 2.015913258162355213e-10
5.947136563876652682e-01 2.015995998860907501e-10
6.167400881057268913e-01 2.015995739559459698e-10
6.387665198237886255e-01 2.016401480258011811e-10
6.607929515418502486e-01 2.016401220956563749e-10
6.828193832599119828e-01 2.015940961655116136e-10
7.048458149779736059e-01 2.015940702353668333e-10
7.268722466960352291e-01 2.015940443052220530e-10
7.488986784140969633e-01 2.015916183750772315e-10
7.709251101321585864e-01 2.015915924449324512e-10
7.929515418502203206e-01 2.015935665147876880e-10
8.149779735682819437e-01 2.015935405846429077e-10
8.370044052863436779e-01 2.015787146544980883e-10
8.590308370044053010e-01 2.015786887243533080e-10
8.810572687224670352e-01 2.015917627942085419e-10
9.030837004405286583e-01 2.015917368640637616e-10
9.251101321585903925e-01 2.015917109339189554e-10
9.471365638766520156e-01 2.016054850037741539e-10
9.691629955947137498e-01 2.016054590736293736e-10
9.911894273127753729e-01 2.016059331434845976e-10
1.013215859030837107e+00 2.016059072133397915e-10
1.035242290748898730e+00 2.016133812831950238e-10
1.057268722466960353e+00 2.016133553530502435e-10
1.079295154185021977e+00 2.016133294229054632e-10
1.101321585903083822e+00 2.016337034927606460e-10
1.123348017621145445e+00 2.016336775626158657e-10
1.145374449339207068e+00 2.015857516324710932e-10
1.167400881057268691e+00 2.015857257023263129e-10
1.189427312775330536e+00 2.015990997721815131e-10
1.211453744493392159e+00 2.015990738420367328e-10
1.233480176211453783e+00 2.015990479118919525e-10
1.255506607929515406e+00 2.015982219817471499e-10
1.277533039647577251e+00 2.015981960516023437e-10
1.299559471365638874e+00 2.015725701214575713e-10
1.321585903083700497e+00 2.015725441913127910e-10
1.343612334801762120e+00 2.015725182611680107e-10
1.365638766519823966e+00 2.016006923310231983e-10
1.387665198237885589e+00 2.016006664008784180e-10
1.409691629955947212e+00 2.016121404707336588e-10
1.431718061674008835e+00 2.016121145405888785e-10
1.453744493392070458e+00 2.016120886104440723e-10
1.475770925110132303e+00 2.016140626802992834e-10
1.497797356828193927e+00 2.016140367501545031e-10
1.519823788546255550e+00 2.016140108200096969e-10
1.541850220264317173e+00 2.016376848898649235e-10
1.563876651982379018e+00 2.016376589597201432e-10
1.585903083700440641e+00 2.015939330295753654e-10
1.607929515418502264e+00 2.015939070994305592e-10
1.629955947136563887e+00 2.016021811692857622e-10
1.651982378854625733e+00 2.016021552391409819e-10
1.674008810572687356e+00 2.016021293089962016e-10
1.696035242290748979e+00 2.016001033788514042e-10
1.718061674008810602e+00 2.016000774487066239e-10
1.740088105726872447e+00 2.015751515185618419e-10
1.762114537444934070e+00 2.015751255884170616e-10
1.784140969162995694e+00 2.016004996582722614e-10
1.806167400881057317e+00 2.016004737281274811e-10
1.828193832599118940e+00 2.016004477979827008e-10
1.850220264317180785e+00 2.016152218678379079e-10
1.872246696035242408e+00 2.016151959376931018e-10
1.894273127753304031e+00 2.015931700075483137e-10
1.916299559471365654e+00 2.015931440774035334e-10
1.938325991189427500e+00 2.016137181472587540e-10
1.960352422907489123e+00 2.016136922171139479e-10
1.982378854625550746e+00 2.016302662869691859e-10
2.004405286343612591e+00 2.016302403568244056e-10
2.026431718061674214e+00 2.016302144266796253e-10
2.048458149779735837e+00 2.015869884965348001e-10
2.070484581497797461e+00 2.015869625663900198e-10
2.092511013215859084e+00 2.016020366362452450e-10
2.114537444933920707e+00 2.016020107061004647e-10
2.136563876651982330e+00 2.015980847759556561e-10
2.158590308370043953e+00 2.015980588458108758e-10
2.180616740088106020e+00 2.015980329156660955e-10
2.202643171806167643e+00 2.015724069855213230e-10
2.224669603524229267e+00 2.015723810553765169e-10
2.246696035242290890e+00 2.015978551252317486e-10
2.268722466960352513e+00 2.015978291950869683e-10
2.290748898678414136e+00 2.016117032649421728e-10
2.312775330396475759e+00 2.016116773347973666e-10
2.334801762114537382e+00 2.015821514046525918e-10
2.356828193832599450e+00 2.015821254745078115e-10
2.378854625550661073e+00 2.015820995443630312e-10
2.400881057268722696e+00 2.016040736142182328e-10
2.422907488986784319e+00 2.016040476840734525e-10
2.444933920704845942e+00 2.016273217539286549e-10
2.466960352422907565e+00 2.016272958237838746e-10
2.488986784140969188e+00 2.015783698936390678e-10
2.511013215859030812e+00 2.015783439634942875e-10
2.533039647577092435e+00 2.015783180333495072e-10
2.555066079295154502e+00 2.016166921032047409e-10
2.577092511013216125e+00 2.016166661730599348e-10
2.599118942731277748e+00 2.015816402429151386e-10
2.621145374449339371e+00 2.015816143127703583e-10
2.643171806167400995e+00 2.015721883826255800e-10
2.665198237885462618e+00 2.015721624524807739e-10
2.687224669603524241e+00 2.016153365223360126e-10
2.709251101321585864e+00 2.016153105921912323e-10
2.731277533039647931e+00 2.016152846620464520e-10
2.753303964757709554e+00 2.016016587319016274e-10
2.775330396475771177e+00 2.016016328017568471e-10
2.797356828193832801e+00 2.016101068716120622e-10
2.819383259911894424e+00 2.016100809414672819e-10
2.841409691629956047e+00 2.016181550113224987e-10
2.863436123348017670e+00 2.016181290811777184e-10
2.885462555066079293e+00 2.016340031510329401e-10
2.907488986784140916e+00 2.016339772208881598e-10
2.929515418502202984e+00 2.016339512907433536e-10
2.951541850220264607e+00 2.015971253605985523e-10
2.973568281938326230e+00 2.015970994304537720e-10
2.995594713656387853e+00 2.016105735003089783e-10
3.017621145374449476e+00 2.016105475701641980e-10
3.039647577092511099e+00 2.016105216400194177e-10
3.061674008810572722e+00 2.015888957098746279e-10
3.083700440528634346e+00 2.015888697797298217e-10
3.105726872246696413e+00 2.015888438495850414e-10
3.127753303964758036e+00 2.015912179194402766e-10
3.149779735682819659e+00 2.015911919892954963e-10
3.171806167400881282e+00 2.016083660591506929e-10
3.193832599118942905e+00 2.016083401290059126e-10
3.215859030837004529e+00 2.016083141988611323e-10
3.237885462555066152e+00 2.015921882687163380e-10
3.259911894273127775e+00 2.015921623385715318e-10
3.281938325991189398e+00 2.016155364084267403e-10
3.303964757709251465e+00 2.016155104782819600e-10
3.325991189427313088e+00 2.016206845481371829e-10
3.348017621145374711e+00 2.016206586179923768e-10
3.370044052863436335e+00 2.015903326878476054e-10
3.392070484581497958e+00 2.015903067577028251e-10
3.414096916299559581e+00 2.015902808275580448e-10
3.436123348017621204e+00 2.016083548974132440e-10
3.458149779735682827e+00 2.016083289672684637e-10
3.480176211453744894e+00 2.015831030371236895e-10
3.502202643171806518e+00 2.015830771069789092e-10
3.524229074889868141e+00 2.015831511768340832e-10
3.546255506607929764e+00 2.015831252466893029e-10
3.568281938325991387e+00 2.015830993165445226e-10
3.590308370044053010e+00 2.015972733863997452e-10
3.612334801762114633e+00 2.015972474562549391e-10
3.634361233480176256e+00 2.015995215261101682e-10
3.656387665198237880e+00 2.015994955959653879e-10
3.678414096916299947e+00 2.015861696658206072e-10
3.700440528634361570e+00 2.015861437356758011e-10
3.722466960352423193e+00 2.016099178055310078e-10
3.744493392070484816e+00 2.016098918753862275e-10
3.766519823788546439e+00 2.016334659452414480e-10
3.788546255506608063e+00 2.016334400150966419e-10
3.810572687224669686e+00 2.016334140849518616e-10
3.832599118942731309e+00 2.015783881548071006e-10
3.854625550660793376e+00 2.015783622246623203e-10
3.876651982378854999e+00 2.016214362945175013e-10
3.898678414096916622e+00 2.016214103643727210e-10
3.920704845814978245e+00 2.016024844342279389e-10
3.942731277533039869e+00 2.016024585040831586e-10
3.964757709251101492e+00 2.016024325739383524e-10
3.986784140969163115e+00 2.015780066437935748e-10
4.008810572687225182e+00 2.015779807136487945e-10
4.030837004405286805e+00 2.016270547835040269e-10
4.052863436123348428e+00 2.016270288533592208e-10
4.074889867841410052e+00 2.016020029232144328e-10
4.096916299559471675e+00 2.016019769930696525e-10
4.118942731277533298e+00 2.016019510629248722e-10
4.140969162995594921e+00 2.016191251327800689e-10
4.162995594713656544e+00 2.016190992026352886e-10
4.185022026431718167e+00 2.016048732724905054e-10
4.207048458149779790e+00 2.016048473423457251e-10
4.229074889867841414e+00 2.016091214122009196e-10
4.251101321585903037e+00 2.016090954820561393e-10
4.273127753303964660e+00 2.015914695519113580e-10
4.295154185022026283e+00 2.015914436217665777e-10
4.317180616740087906e+00 2.015914176916217715e-10
4.339207048458150418e+00 2.016215917614769763e-10
4.361233480176212041e+00 2.016215658313321960e-10
4.383259911894273664e+00 2.015988399011874174e-10
4.405286343612335287e+00 2.015988139710426113e-10
4.427312775330396910e+00 2.015797880408978489e-10
4.449339207048458533e+00 2.015797621107530686e-10
4.471365638766520156e+00 2.015797361806082625e-10
4.493392070484581780e+00 2.016182102504634764e-10
4.515418502202643403e+00 2.016181843203186961e-10
4.537444933920705026e+00 2.015881583901739169e-10
4.559471365638766649e+00 2.015881324600291108e-10
4.581497797356828272e+00 2.016134065298843304e-10
4.603524229074889895e+00 2.016133805997395501e-10
4.625550660792951518e+00 2.016291546695947657e-10
4.647577092511013142e+00 2.016291287394499596e-10
4.669603524229074765e+00 2.016291028093051793e-10
4.691629955947136388e+00 2.016233768791603915e-10
4.713656387665198899e+00 2.016233509490156112e-10
4.735682819383260522e+00 2.016092250188708081e-10
4.757709251101322145e+00 2.016091990887260278e-10
4.779735682819383769e+00 2.016223731585812419e-10
4.801762114537445392e+00 2.016223472284364616e-10
4.823788546255507015e+00 2.016223212982916554e-10
4.845814977973568638e+00 2.015690953681468737e-10
4.867841409691630261e+00 2.015690694380020934e-10
4.889867841409691884e+00 2.015690435078573131e-10
4.911894273127753507e+00 2.015865175777125278e-10
4.933920704845815131e+00 2.015864916475677475e-10
4.955947136563876754e+00 2.015995657174229555e-10
4.977973568281938377e+00 2.015995397872781752e-10
5.000000000000000000e+00 2.016074138571333800e-10
5.022026431718061623e+00 2.016073879269885997e-10
5.044052863436123246e+00 2.016073619968438194e-10
5.066079295154184869e+00 2.016060360666990382e-10
5.088105726872247381e+00 2.016060101365542321e-10
5.110132158590309004e+00 2.016260842064094484e-10
5.132158590308370627e+00 2.016260582762646681e-10
5.154185022026432250e+00 2.015946323461198821e-10
5.176211453744493873e+00 2.015946064159750760e-10
5.198237885462555496e+00 2.016194804858302973e-10
5.220264317180617120e+00 2.016194545556855170e-10
5.242290748898678743e+00 2.016194286255407367e-10
5.264317180616740366e+00 2.015993026953959339e-10
5.286343612334801989e+00 2.015992767652511536e-10
5.308370044052863612e+00 2.015806508351063637e-10
5.330396475770925235e+00 2.015806249049615834e-10
5.352422907488986858e+00 2.016140989748167803e-10
5.374449339207048482e+00 2.016140730446720000e-10
5.396475770925110105e+00 2.016140471145272197e-10
5.418502202643171728e+00 2.015972211843824349e-10
5.440528634361233351e+00 2.015971952542376287e-10
5.462555066079295862e+00 2.016114693240928573e-10
5.484581497797357486e+00 2.016114433939480770e-10
5.506607929515419109e+00 2.016182174638032930e-10
5.528634361233480732e+00 2.016181915336584869e-10
5.550660792951542355e+00 2.016181656035137066e-10
5.572687224669603978e+00 2.016191396733689349e-10
5.594713656387665601e+00 2.016191137432241546e-10
5.616740088105727224e+00 2.016073878130793411e-10
5.638766519823788848e+00 2.016073618829345608e-10
5.660792951541850471e+00 2.016144359527897949e-10
5.682819383259912094e+00 2.016144100226450146e-10
5.704845814977973717e+00 2.015893840925002008e-10
5.726872246696035340e+00 2.015893581623554205e-10
5.748898678414096963e+00 2.015893322322106402e-10
5.770925110132158586e+00 2.015833063020658601e-10
5.792951541850220210e+00 2.015832803719210540e-10
5.814977973568281833e+00 2.016206544417762791e-10
5.837004405286344344e+00 2.016206285116314988e-10
5.859030837004405967e+00 2.015825025814866967e-10
5.881057268722467590e+00 2.015824766513418906e-10
5.903083700440529213e+00 2.015824507211971103e-10
5.925110132158590837e+00 2.016304247910523540e-10
5.947136563876652460e+00 2.016303988609075478e-10
5.969162995594714083e+00 2.016194729307627567e-10
5.991189427312775706e+00 2.016194470006179764e-10
6.013215859030837329e+00 2.016262210704731924e-10
6.035242290748898952e+00 2.016261951403283863e-10
6.057268722466960575e+00 2.016085692101836049e-10
6.079295154185022199e+00 2.016085432800388246e-10
6.101321585903083822e+00 2.016085173498940443e-10
6.123348017621145445e+00 2.016350914197492389e-10
6.145374449339207068e+00 2.016350654896044586e-10
6.167400881057268691e+00 2.015999395594596822e-10
6.189427312775330314e+00 2.015999136293149019e-10
6.211453744493392826e+00 2.015806876991701017e-10
6.233480176211454449e+00 2.015806617690253214e-10
6.255506607929516072e+00 2.015806358388805411e-10
6.277533039647577695e+00 2.016274099087357642e-10
6.299559471365639318e+00 2.016273839785909580e-10
6.321585903083700941e+00 2.015788580484461752e-10
6.343612334801762564e+00 2.015788321183013949e-10
6.365638766519824188e+00 2.016181061881566054e-10
6.387665198237885811e+00 2.016180802580117993e-10
6.409691629955947434e+00 2.016180543278670190e-10
6.431718061674009057e+00 2.016180283977222387e-10
6.453744493392070680e+00 2.016225024675774711e-10
6.475770925110132303e+00 2.016224765374326650e-10
6.497797356828193927e+00 2.015933506072878625e-10
6.519823788546255550e+00 2.015933246771430822e-10
6.541850220264317173e+00 2.016252987469983179e-10
6.563876651982378796e+00 2.016252728168535118e-10
6.585903083700441307e+00 2.016252468867087315e-10
6.607929515418502930e+00 2.015985209565639444e-10
6.629955947136564554e+00 2.015984950264191641e-10
6.651982378854626177e+00 2.015812690962743552e-10
6.674008810572687800e+00 2.015812431661295749e-10
6.696035242290749423e+00 2.016123172359848081e-10
6.718061674008811046e+00 2.016122913058400278e-10
6.740088105726872669e+00 2.015939653756952042e-10
6.762114537444934292e+00 2.015939394455504239e-10
6.784140969162995916e+00 2.015939135154056436e-10
6.806167400881057539e+00 2.016094875852608731e-10
6.828193832599119162e+00 2.016094616551160669e-10
6.850220264317180785e+00 2.016162357249712829e-10
6.872246696035242408e+00 2.016162097948265026e-10
6.894273127753304031e+00 2.016155838646817120e-10
6.916299559471365654e+00 2.016155579345369058e-10
6.938325991189427278e+00 2.016155320043921255e-10
6.960352422907489789e+00 2.016066060742473516e-10
6.982378854625551412e+00 2.016065801441025713e-10
7.004405286343613035e+00 2.016307542139577763e-10
7.026431718061674658e+00 2.016307282838129960e-10
7.048458149779736281e+00 2.015988023536682057e-10
7.070484581497797905e+00 2.015987764235234254e-10
7.092511013215859528e+00 2.015804504933786277e-10
7.114537444933921151e+00 2.015804245632338474e-10
7.136563876651982774e+00 2.015803986330890671e-10
7.158590308370044397e+00 2.016316727029442771e-10
7.180616740088106020e+00 2.016316467727994710e-10
7.202643171806167643e+00 2.015891208426546880e-10
7.224669603524229267e+00 2.015890949125099077e-10
7.246696035242290890e+00 2.016330689823651429e-10
7.268722466960352513e+00 2.016330430522203368e-10
7.290748898678414136e+00 2.016268171220755446e-10
7.312775330396475759e+00 2.016267911919307643e-10
7.334801762114538271e+00 2.016267652617859840e-10
7.356828193832599894e+00 2.016234393316411858e-10
7.378854625550661517e+00 2.016234134014964055e-10
7.400881057268723140e+00 2.016010874713516252e-10
7.422907488986784763e+00 2.016010615412068190e-10
7.444933920704846386e+00 2.016033356110620481e-10
7.466960352422908009e+00 2.016033096809172678e-10
7.488986784140969633e+00 2.016032837507724875e-10
7.511013215859031256e+00 2.016079578206276803e-10
7.533039647577092879e+00 2.016079318904829000e-10
7.555066079295154502e+00 2.015692059603381134e-10
7.577092511013216125e+00 2.015691800301933331e-10
7.599118942731277748e+00 2.015691541000485270e-10
7.621145374449339371e+00 2.016069281699037504e-10
7.643171806167400995e+00 2.016069022397589701e-10
7.665198237885462618e+00 2.015889763096141707e-10
7.687224669603524241e+00 2.015889503794693645e-10
7.709251101321586752e+00 2.016101244493245955e-10
7.731277533039648375e+00 2.016100985191798152e-10
7.753303964757709998e+00 2.016166725890350450e-10
7.775330396475771622e+00 2.016166466588902388e-10
7.797356828193833245e+00 2.016166207287454585e-10
7.819383259911894868e+00 2.015891947986006551e-10
7.841409691629956491e+00 2.015891688684558748e-10
7.863436123348018114e+00 2.015955429383110926e-10
7.885462555066079737e+00 2.015955170081663123e-10
7.907488986784141360e+00 2.015926910780215183e-10
7.929515418502202984e+00 2.015926651478767380e-10
7.951541850220264607e+00 2.015926392177319318e-10
7.973568281938326230e+00 2.015753132875871427e-10
7.995594713656387853e+00 2.015752873574423624e-10
8.017621145374450364e+00 2.015752614272975821e-10
8.039647577092511099e+00 2.016215354971527751e-10
8.061674008810573611e+00 2.016215095670079948e-10
8.083700440528634346e+00 2.016214836368632145e-10
8.105726872246696857e+00 2.015982577067184575e-10
8.127753303964757592e+00 2.015982317765736513e-10
8.149779735682820103e+00 2.016235058464288709e-10
8.171806167400880838e+00 2.016234799162840906e-10
8.193832599118943349e+00 2.016245539861392991e-10
8.215859030837004084e+00 2.016245280559944929e-10
8.237885462555066596e+00 2.016256021258497014e-10
8.259911894273127331e+00 2.016255761957049211e-10
8.281938325991189842e+00 2.016255502655601408e-10
8.303964757709252353e+00 2.015924243354153557e-10
8.325991189427313088e+00 2.015923984052705754e-10
8.348017621145375600e+00 2.016196724751257863e-10
8.370044052863436335e+00 2.016196465449810060e-10
8.392070484581498846e+00 2.016196206148361999e-10
8.414096916299559581e+00 2.016052946846914106e-10
8.436123348017622092e+00 2.016052687545466303e-10
8.458149779735682827e+00 2.015760428244018477e-10
8.480176211453745339e+00 2.015760168942570415e-10
8.502202643171806073e+00 2.016374909641122718e-10
8.524229074889868585e+00 2.016374650339674915e-10
8.546255506607929320e+00 2.016374391038227112e-10
8.568281938325991831e+00 2.015984131736779066e-10
8.590308370044052566e+00 2.015983872435331263e-10
8.612334801762115077e+00 2.016058613133883328e-10
8.634361233480175812e+00 2.016058353832435525e-10
8.656387665198238324e+00 2.016432094530987518e-10
8.678414096916300835e+00 2.016431835229539715e-10
8.700440528634361570e+00 2.015964575928091938e-10
8.722466960352424081e+00 2.015964316626644135e-10
8.744493392070484816e+00 2.015880057325196180e-10
8.766519823788547328e+00 2.015879798023748377e-10
8.788546255506608063e+00 2.015879538722300574e-10
8.810572687224670574e+00 2.015995279420852784e-10
8.832599118942731309e+00 2.015995020119404723e-10
8.854625550660793820e+00 2.015824760817956754e-10
8.876651982378854555e+00 2.015824501516508951e-10
8.898678414096917066e+00 2.015824242215060889e-10
8.920704845814977801e+00 2.015934982913613056e-10
8.942731277533040313e+00 2.015934723612165253e-10
8.964757709251101048e+00 2.016051464310717523e-10
8.986784140969163559e+00 2.016051205009269462e-10
9.008810572687224294e+00 2.015890945707821579e-10
9.030837004405286805e+00 2.015890686406373776e-10
9.052863436123349317e+00 2.016053427104925975e-10
9.074889867841410052e+00 2.016053167803477914e-10
9.096916299559472563e+00 2.016303908502030248e-10
9.118942731277533298e+00 2.016303649200582445e-10
9.140969162995595809e+00 2.016303389899134642e-10
9.162995594713656544e+00 2.015831130597686564e-10
9.185022026431719055e+00 2.015830871296238761e-10
9.207048458149779790e+00 2.016015611994790994e-10
9.229074889867842302e+00 2.016015352693343191e-10
9.251101321585903037e+00 2.015982093391895208e-10
9.273127753303965548e+00 2.015981834090447405e-10
9.295154185022026283e+00 2.015981574788999602e-10
9.317180616740088794e+00 2.015641315487551726e-10
9.339207048458149529e+00 2.015641056186103664e-10
9.361233480176212041e+00 2.015954796884655918e-10
9.383259911894272776e+00 2.015954537583208115e-10
9.405286343612335287e+00 2.016014278281760310e-10
9.427312775330397798e+00 2.016014018980312248e-10
9.449339207048458533e+00 2.016003759678864360e-10
9.471365638766521045e+00 2.016003500377416557e-10
9.493392070484581780e+00 2.016003241075968754e-10
9.515418502202644291e+00 2.016057981774520647e-10
9.537444933920705026e+00 2.016057722473072844e-10
9.559471365638767537e+00 2.016287463171624946e-10
9.581497797356828272e+00 2.016287203870177143e-10
9.603524229074890783e+00 2.015772944568729118e-10
9.625550660792951518e+00 2.015772685267281315e-10
9.647577092511014030e+00 2.015772425965833512e-10
9.669603524229074765e+00 2.016075166664385879e-10
9.691629955947137276e+00 2.016074907362937817e-10
9.713656387665198011e+00 2.015973648061489872e-10
9.735682819383260522e+00 2.015973388760042069e-10
9.757709251101321257e+00 2.015687129458594345e-10
9.779735682819383769e+00 2.015686870157146284e-10
9.801762114537446280e+00 2.015686610855698481e-10
9.823788546255507015e+00 2.015686351554250678e-10
9.845814977973569526e+00 2.016279092252802947e-10
9.867841409691630261e+00 2.016278832951354886e-10
9.889867841409692772e+00 2.015888573649907098e-10
9.911894273127753507e+00 2.015888314348459295e-10
9.933920704845816019e+00 2.015927055047011257e-10
9.955947136563876754e+00 2.015926795745563196e-10
9.977973568281939265e+00 2.015926536444115393e-10
1.000000000000000000e+01 2.024133277142667787e-10
1.002202643171806251e+01 2.024133017841219984e-10
1.004405286343612325e+01 2.017083758539771733e-10
1.006607929515418576e+01 2.017083499238323930e-10
1.008810572687224649e+01 2.016684239936876117e-10
1.011013215859030900e+01 2.016683980635428314e-10
1.013215859030836974e+01 2.016441721333980399e-10
1.015418502202643225e+01 2.016441462032532596e-10
1.017621145374449476e+01 2.016441202731084793e-10
1.019823788546255550e+01 2.016460943429636903e-10
1.022026431718061801e+01 2.016460684128188842e-10
1.024229074889867874e+01 2.016289424826741071e-10
1.026431718061674125e+01 2.016289165525293268e-10
1.028634361233480199e+01 2.016478906223845544e-10
1.030837004405286450e+01 2.016478646922397482e-10
1.033039647577092524e+01 2.016327387620949625e-10
1.035242290748898775e+01 2.016327128319501822e-10
1.037444933920704848e+01 2.016326869018053760e-10
1.039647577092511099e+01 2.016357609716606017e-10
1.041850220264317173e+01 2.016357350415158214e-10
1.044052863436123424e+01 2.016634091113710305e-10
1.046255506607929497e+01 2.016633831812262244e-10
1.048458149779735749e+01 2.016178572510814415e-10
1.050660792951541822e+01 2.016178313209366612e-10
1.052863436123348073e+01 2.016178053907918809e-10
1.055066079295154324e+01 2.016228794606470720e-10
1.057268722466960398e+01 2.016228535305022917e-10
1.059471365638766649e+01 2.016219276003575347e-10
1.061674008810572722e+01 2.016219016702127544e-10
1.063876651982378974e+01 2.016027757400679343e-10
1.066079295154185047e+01 2.016027498099231540e-10
1.068281938325991298e+01 2.016232238797783686e-10
1.070484581497797372e+01 2.016231979496335883e-10
1.072687224669603623e+01 2.016231720194887822e-10
1.074889867841409696e+01 2.016335460893440084e-10
1.077092511013215947e+01 2.016335201591992281e-10
1.079295154185022021e+01 2.016364942290544476e-10
1.081497797356828272e+01 2.016364682989096415e-10
1.083700440528634346e+01 2.016268423687648512e-10
1.085903083700440597e+01 2.016268164386200709e-10
1.088105726872246670e+01 2.016267905084752906e-10
1.090308370044052921e+01 2.016513645783304939e-10
1.092511013215859172e+01 2.016513386481857136e-10
1.094713656387665246e+01 2.016085127180409383e-10
1.096916299559471497e+01 2.016084867878961580e-10
1.099118942731277571e+01 2.016198608577513411e-10
1.101321585903083822e+01 2.016198349276065608e-10
1.103524229074889895e+01 2.016472089974617778e-10
1.105726872246696146e+01 2.016471830673169975e-10
1.107929515418502220e+01 2.016471571371721913e-10
1.110132158590308471e+01 2.015995312070274111e-10
1.112334801762114544e+01 2.015995052768826308e-10
1.114537444933920796e+01 2.016538793467378467e-10
1.116740088105726869e+01 2.016538534165930406e-10
1.118942731277533120e+01 2.016457274864482632e-10
1.121145374449339194e+01 2.016457015563034829e-10
1.123348017621145445e+01 2.016456756261587026e-10
1.125550660792951518e+01 2.016495496960138988e-10
1.127753303964757770e+01 2.016495237658691185e-10
1.129955947136564021e+01 2.016377978357243568e-10
1.132158590308370094e+01 2.016377719055795765e-10
1.134361233480176345e+01 2.016361459754347514e-10
1.136563876651982419e+01 2.016361200452899711e-10
1.138766519823788670e+01 2.016297941151451988e-10
1.140969162995594743e+01 2.016297681850004185e-10
1.143171806167400995e+01 2.016297422548556124e-10
1.145374449339207068e+01 2.016051163247108227e-10
1.147577092511013319e+01 2.016050903945660424e-10
1.149779735682819393e+01 2.016424644644212675e-10
1.151982378854625644e+01 2.016424385342764614e-10
1.154185022026431717e+01 2.016032126041316964e-10
1.156387665198237968e+01 2.016031866739869161e-10
1.158590308370044042e+01 2.016031607438421358e-10
1.160792951541850293e+01 2.016318348136973277e-10
1.162995594713656367e+01 2.016318088835525474e-10
1.165198237885462618e+01 2.016317829534077671e-10
1.167400881057268869e+01 2.016465570232629741e-10
1.169603524229074942e+01 2.016465310931181680e-10
1.171806167400881193e+01 2.016151051629733820e-10
1.174008810572687267e+01 2.016150792328286017e-10
1.176211453744493518e+01 2.016418533026838342e-10
1.178414096916299592e+01 2.016418273725390280e-10
1.180616740088105843e+01 2.016418014423942477e-10
1.182819383259911916e+01 2.016226755122494535e-10
1.185022026431718167e+01 2.016226495821046473e-10
1.187224669603524241e+01 2.016042236519598695e-10
1.189427312775330492e+01 2.016041977218150892e-10
1.191629955947136565e+01 2.016395717916703230e-10
1.193832599118942817e+01 2.016395458615255169e-10
1.196035242290748890e+01 2.016187199313807236e-10
1.198237885462555141e+01 2.016186940012359433e-10
1.200440528634361215e+01 2.016186680710911630e-10
1.202643171806167466e+01 2.016378421409463509e-10
1.204845814977973717e+01 2.016378162108015706e-10
1.207048458149779790e+01 2.016465902806568038e-10
1.209251101321586042e+01 2.016465643505120235e-10
1.211453744493392115e+01 2.016373384203672056e-10
1.213656387665198366e+01 2.016373124902224253e-10
1.215859030837004440e+01 2.016219865600776534e-10
1.218061674008810691e+01 2.016219606299328731e-10
1.220264317180616764e+01 2.016219346997880669e-10
1.222466960352423015e+01 2.016377087696432826e-10
1.224669603524229089e+01 2.016376828394985023e-10
1.226872246696035340e+01 2.016202569093537330e-10
1.229074889867841414e+01 2.016202309792089268e-10
1.231277533039647665e+01 2.016202050490641465e-10
1.233480176211453738e+01 2.016049791189193547e-10
1.235682819383259989e+01 2.016049531887745744e-10
1.237885462555066063e+01 2.016543272586297733e-10
1.240088105726872314e+01 2.016543013284849930e-10
1.242290748898678565e+01 2.016215753983402062e-10
1.244493392070484639e+01 2.016215494681954259e-10
1.246696035242290890e+01 2.016527235380506392e-10
1.248898678414096963e+01 2.016526976079058589e-10
1.251101321585903214e+01 2.016526716777610786e-10
1.253303964757709288e+01 2.016591457476162766e-10
1.255506607929515539e+01 2.016591198174714704e-10
1.257709251101321613e+01 2.016454938873266975e-10
1.259911894273127864e+01 2.016454679571819172e-10
1.262114537444933937e+01 2.016196420270371327e-10
1.264317180616740188e+01 2.016196160968923266e-10
1.266519823788546262e+01 2.016191901667475480e-10
1.268722466960352513e+01 2.016191642366027677e-10
1.270925110132158586e+01 2.016191383064579874e-10
1.273127753303964838e+01 2.016283123763131930e-10
1.275330396475770911e+01 2.016282864461684127e-10
1.277533039647577162e+01 2.016043605160236135e-10
1.279735682819383413e+01 2.016043345858788332e-10
1.281938325991189487e+01 2.016308086557340476e-10
1.284140969162995738e+01 2.016307827255892673e-10
1.286343612334801811e+01 2.016182567954444831e-10
1.288546255506608063e+01 2.016182308652997028e-10
1.290748898678414136e+01 2.016182049351548967e-10
1.292951541850220387e+01 2.016261790050101074e-10
1.295154185022026461e+01 2.016261530748653271e-10
1.297356828193832712e+01 2.016613271447205490e-10
1.299559471365638785e+01 2.016613012145757428e-10
1.301762114537445036e+01 2.016056752844309715e-10
1.303964757709251110e+01 2.016056493542861912e-10
1.306167400881057361e+01 2.016056234241414109e-10
1.308370044052863435e+01 2.016144974939965984e-10
1.310572687224669686e+01 2.016144715638518181e-10
1.312775330396475759e+01 2.016251456337070365e-10
1.314977973568282010e+01 2.016251197035622562e-10
1.317180616740088261e+01 2.016250937734174501e-10
1.319383259911894335e+01 2.015969678432726820e-10
1.321585903083700586e+01 2.015969419131279017e-10
1.323788546255506660e+01 2.015969159829831214e-10
1.325991189427312911e+01 2.016479900528382935e-10
1.328193832599118984e+01 2.016479641226935132e-10
1.330396475770925235e+01 2.016204381925487555e-10
1.332599118942731309e+01 2.016204122624039494e-10
1.334801762114537560e+01 2.016364863322591573e-10
1.337004405286343633e+01 2.016364604021143770e-10
1.339207048458149885e+01 2.016364344719695967e-10
1.341409691629955958e+01 2.016510085418247917e-10
1.343612334801762209e+01 2.016509826116800114e-10
1.345814977973568283e+01 2.016271566815352182e-10
1.348017621145374534e+01 2.016271307513904379e-10
1.350220264317180607e+01 2.016120048212456521e-10
1.352422907488986858e+01 2.016119788911008718e-10
1.354625550660793110e+01 2.016119529609560915e-10
1.356828193832599183e+01 2.016218270308113135e-10
1.359030837004405434e+01 2.016218011006665073e-10
1.361233480176211508e+01 2.016392751705217220e-10
1.363436123348017759e+01 2.016392492403769417e-10
1.365638766519823832e+01 2.016003233102321431e-10
1.367841409691630084e+01 2.016002973800873369e-10
1.370044052863436157e+01 2.016522714499425633e-10
1.372246696035242408e+01 2.016522455197977830e-10
1.374449339207048482e+01 2.016522195896530027e-10
1.376651982378854733e+01 2.016294936595081983e-10
1.378854625550660806e+01 2.016294677293634180e-10
1.381057268722467057e+01 2.016065417992186532e-10
1.383259911894273131e+01 2.016065158690738729e-10
1.385462555066079382e+01 2.016476899389290428e-10
1.387665198237885456e+01 2.016476640087842625e-10
1.389867841409691707e+01 2.016476380786394822e-10
1.392070484581497958e+01 2.016105121484947145e-10
1.394273127753304031e+01 2.016104862183499083e-10
1.396475770925110282e+01 2.016037602882051378e-10
1.398678414096916356e+01 2.016037343580603575e-10
1.400881057268722607e+01 2.016030084279155608e-10
1.403083700440528681e+01 2.016029824977707547e-10
1.405286343612334932e+01 2.016234565676259693e-10
1.407488986784141005e+01 2.016234306374811890e-10
1.409691629955947256e+01 2.016234047073364087e-10
1.411894273127753330e+01 2.016334787771916168e-10
1.414096916299559581e+01 2.016334528470468365e-10
1.416299559471365654e+01 2.016329269169020519e-10
1.418502202643171906e+01 2.016329009867572716e-10
1.420704845814977979e+01 2.016419750566124711e-10
1.422907488986784230e+01 2.016419491264676908e-10
1.425110132158590304e+01 2.016419231963229105e-10
1.427312775330396555e+01 2.016204972661781328e-10
1.429515418502202806e+01 2.016204713360333266e-10
1.431718061674008879e+01 2.016473454058885393e-10
1.433920704845815131e+01 2.016473194757437590e-10
1.436123348017621204e+01 2.016191935455989909e-10
1.438325991189427455e+01 2.016191676154541848e-10
1.440528634361233529e+01 2.016009416853093931e-10
1.442731277533039780e+01 2.016009157551646128e-10
1.444933920704845853e+01 2.016008898250198325e-10
1.447136563876652104e+01 2.016412638948750317e-10
1.449339207048458178e+01 2.016412379647302514e-10
1.451541850220264429e+01 2.016232120345854718e-10
1.453744493392070503e+01 2.016231861044406915e-10
1.455947136563876754e+01 2.016376601742958805e-10
1.458149779735682827e+01 2.016376342441511002e-10
1.460352422907489078e+01 2.016400083140063095e-10
1.462555066079295152e+01 2.016399823838615292e-10
1.464757709251101403e+01 2.016399564537167230e-10
1.466960352422907654e+01 2.016390305235719402e-10
1.469162995594713728e+01 2.016390045934271599e-10
1.471365638766519979e+01 2.016166786632823796e-10
1.473568281938326052e+01 2.016166527331375734e-10
1.475770925110132303e+01 2.016335268029928037e-10
1.477973568281938377e+01 2.016335008728480234e-10
1.480176211453744628e+01 2.016212749427032056e-10
1.482378854625550701e+01 2.016212490125584253e-10
1.484581497797356953e+01 2.016212230824136450e-10
1.486784140969163026e+01 2.015930971522688770e-10
1.488986784140969277e+01 2.015930712221240708e-10
1.491189427312775351e+01 2.016484452919792953e-10
1.493392070484581602e+01 2.016484193618345150e-10
1.495594713656387675e+01 2.016483934316897347e-10
1.497797356828193927e+01 2.016140675015449290e-10
1.500000000000000000e+01 2.016140415714001487e-10
1.502202643171806251e+01 2.016140156412553684e-10
1.504405286343612502e+01 2.016291897111105738e-10
1.506607929515418576e+01 2.016291637809657676e-10
1.508810572687224827e+01 2.016646378508210075e-10
1.511013215859030900e+01 2.016646119206762272e-10
1.513215859030837152e+01 2.016645859905314469e-10
1.515418502202643225e+01 2.016009600603866328e-10
1.517621145374449476e+01 2.016009341302418525e-10
1.519823788546255550e+01 2.016255082000970816e-10
1.522026431718061801e+01 2.016254822699523013e-10
1.524229074889867874e+01 2.016219563398074910e-10
1.526431718061674125e+01 2.016219304096627107e-10
1.528634361233480199e+01 2.015975044795179331e-10
1.530837004405286450e+01 2.015974785493731528e-10
1.533039647577092524e+01 2.015974526192283466e-10
1.535242290748898775e+01 2.016228266890835464e-10
1.537444933920704848e+01 2.016228007589387661e-10
1.539647577092511099e+01 2.016314748287939932e-10
1.541850220264317350e+01 2.016314488986491871e-10
1.544052863436123424e+01 2.016511229685044052e-10
1.546255506607929675e+01 2.016510970383596249e-10
1.548458149779735749e+01 2.016325711082148410e-10
1.550660792951542000e+01 2.016325451780700348e-10
1.552863436123348073e+01 2.016325192479252545e-10
1.555066079295154324e+01 2.016520933177804924e-10
1.557268722466960398e+01 2.016520673876357121e-10
1.559471365638766649e+01 2.016225414574908855e-10
1.561674008810572722e+01 2.016225155273461052e-10
1.563876651982378974e+01 2.016210895972013440e-10
1.566079295154185047e+01 2.016210636670565637e-10
1.568281938325991298e+01 2.016210377369117575e-10
1.570484581497797372e+01 2.016443118067669600e-10
1.572687224669603623e+01 2.016442858766221797e-10
1.574889867841409696e+01 2.015954599464774046e-10
1.577092511013215947e+01 2.015954340163325985e-10
1.579295154185022199e+01 2.016514080861878333e-10
1.581497797356828272e+01 2.016513821560430530e-10
1.583700440528634523e+01 2.016380562258982724e-10
1.585903083700440597e+01 2.016380302957534662e-10
1.588105726872246848e+01 2.016268043656086829e-10
1.590308370044052921e+01 2.016267784354639026e-10
1.592511013215859172e+01 2.016267525053191223e-10
1.594713656387665246e+01 2.016336265751743185e-10
1.596916299559471497e+01 2.016336006450295382e-10
1.599118942731277571e+01 2.016330747148847536e-10
1.601321585903083644e+01 2.016330487847399733e-10
1.603524229074890073e+01 2.016125228545951722e-10
1.605726872246696146e+01 2.016124969244503919e-10
1.607929515418502220e+01 2.016124709943056116e-10
1.610132158590308293e+01 2.016094450641608314e-10
1.612334801762114722e+01 2.016094191340160253e-10
1.614537444933920796e+01 2.016356932038712276e-10
1.616740088105726869e+01 2.016356672737264473e-10
1.618942731277533298e+01 2.016071413435816810e-10
1.621145374449339371e+01 2.016071154134368749e-10
1.623348017621145445e+01 2.016380894832920761e-10
1.625550660792951518e+01 2.016380635531472958e-10
1.627753303964757947e+01 2.016380376230024897e-10
1.629955947136564021e+01 2.016397116928577085e-10
1.632158590308370094e+01 2.016396857627129282e-10
1.634361233480176168e+01 2.016217598325681546e-10
1.636563876651982596e+01 2.016217339024233484e-10
1.638766519823788670e+01 2.016390079722785770e-10
1.640969162995594743e+01 2.016389820421337967e-10
1.643171806167400817e+01 2.016389561119890164e-10
1.645374449339207246e+01 2.016264301818442064e-10
1.647577092511013319e+01 2.016264042516994261e-10
1.649779735682819393e+01 2.016095783215546412e-10
1.651982378854625466e+01 2.016095523914098609e-10
1.654185022026431895e+01 2.016095264612650548e-10
1.656387665198237968e+01 2.016663005311202861e-10
1.658590308370044042e+01 2.016662746009755058e-10
1.660792951541850471e+01 2.016662486708307255e-10
1.662995594713656544e+01 2.016119227406859033e-10
1.665198237885462618e+01 2.016118968105411230e-10
1.667400881057268691e+01 2.016480708803963534e-10
1.669603524229075120e+01 2.016480449502515731e-10
1.671806167400881193e+01 2.016534190201067564e-10
1.674008810572687267e+01 2.016533930899619761e-10
1.676211453744493340e+01 2.016533671598171958e-10
1.678414096916299769e+01 2.016345412296724197e-10
1.680616740088105843e+01 2.016345152995276135e-10
1.682819383259911916e+01 2.016162893693828477e-10
1.685022026431717990e+01 2.016162634392380674e-10
1.687224669603524418e+01 2.016180375090932664e-10
1.689427312775330492e+01 2.016180115789484602e-10
1.691629955947136565e+01 2.016179856488036799e-10
1.693832599118942994e+01 2.016250597186589140e-10
1.696035242290749068e+01 2.016250337885141337e-10
1.698237885462555141e+01 2.015979078583693226e-10
1.700440528634361215e+01 2.015978819282245423e-10
1.702643171806167643e+01 2.016244559980797627e-10
1.704845814977973717e+01 2.016244300679349824e-10
1.707048458149779790e+01 2.016139041377901637e-10
1.709251101321585864e+01 2.016138782076453834e-10
1.711453744493392293e+01 2.016138522775006031e-10
1.713656387665198366e+01 2.016266263473558447e-10
1.715859030837004440e+01 2.016266004172110386e-10
1.718061674008810513e+01 2.016515744870662401e-10
1.720264317180616942e+01 2.016515485569214598e-10
1.722466960352423015e+01 2.016079226267766880e-10
1.724669603524229089e+01 2.016078966966318819e-10
1.726872246696035162e+01 2.016078707664871016e-10
1.729074889867841591e+01 2.016183448363423080e-10
1.731277533039647665e+01 2.016183189061975277e-10
1.733480176211453738e+01 2.016215929760527395e-10
1.735682819383260167e+01 2.016215670459079592e-10
1.737885462555066240e+01 2.016095411157631793e-10
1.740088105726872314e+01 2.016095151856183990e-10
1.742290748898678387e+01 2.016219892554735967e-10
1.744493392070484816e+01 2.016219633253288164e-10
1.746696035242290890e+01 2.016219373951840361e-10
1.748898678414096963e+01 2.016295114650392486e-10
1.751101321585903037e+01 2.016294855348944425e-10
1.753303964757709466e+01 2.016287596047496717e-10
1.755506607929515539e+01 2.016287336746048914e-10
1.757709251101321613e+01 2.016273077444601042e-10
1.759911894273127686e+01 2.016272818143152981e-10
1.762114537444934115e+01 2.016272558841705178e-10
1.764317180616740188e+01 2.016555299540257373e-10
1.766519823788546262e+01 2.016555040238809570e-10
1.768722466960352691e+01 2.016193780937361462e-10
1.770925110132158764e+01 2.016193521635913659e-10
1.773127753303964838e+01 2.016154262334465831e-10
1.775330396475770911e+01 2.016154003033017770e-10
1.777533039647577340e+01 2.016260743731569954e-10
1.779735682819383413e+01 2.016260484430122151e-10
1.781938325991189487e+01 2.016260225128674348e-10
1.784140969162995560e+01 2.016102965827226387e-10
1.786343612334801989e+01 2.016102706525778584e-10
1.788546255506608063e+01 2.016316447224330756e-10
1.790748898678414136e+01 2.016316187922882953e-10
1.792951541850220210e+01 2.016407928621434750e-10
1.795154185022026638e+01 2.016407669319986947e-10
1.797356828193832712e+01 2.016407410018539144e-10
1.799559471365638785e+01 2.016366150717091455e-10
1.801762114537444859e+01 2.016365891415643393e-10
1.803964757709251288e+01 2.016166632114195486e-10
1.806167400881057361e+01 2.016166372812747683e-10
1.808370044052863435e+01 2.016436113511299870e-10
1.810572687224669863e+01 2.016435854209851808e-10
1.812775330396475937e+01 2.016125594908404189e-10
1.814977973568282010e+01 2.016125335606956386e-10
1.817180616740088084e+01 2.016125076305508583e-10
1.819383259911894513e+01 2.016069817004060567e-10
1.821585903083700586e+01 2.016069557702612764e-10
1.823788546255506660e+01 2.016519298401164944e-10
1.825991189427312733e+01 2.016519039099717141e-10
1.828193832599119162e+01 2.016139779798268982e-10
1.830396475770925235e+01 2.016139520496821179e-10
1.832599118942731309e+01 2.016139261195373376e-10
1.834801762114537382e+01 2.016271001893925516e-10
1.837004405286343811e+01 2.016270742592477455e-10
1.839207048458149885e+01 2.016270483291029652e-10
1.841409691629955958e+01 2.016413223989581938e-10
1.843612334801762387e+01 2.016412964688134135e-10
1.845814977973568460e+01 2.016003705386685977e-10
1.848017621145374534e+01 2.016003446085238174e-10
1.850220264317180607e+01 2.016352186783790470e-10
1.852422907488987036e+01 2.016351927482342667e-10
1.854625550660793110e+01 2.016093668180894563e-10
1.856828193832599183e+01 2.016093408879446760e-10
1.859030837004405257e+01 2.016093149577998957e-10
1.861233480176211685e+01 2.015940890276551039e-10
1.863436123348017759e+01 2.015940630975102978e-10
1.865638766519823832e+01 2.016501371673655386e-10
1.867841409691629906e+01 2.016501112372207583e-10
1.870044052863436335e+01 2.016289853070759728e-10
1.872246696035242408e+01 2.016289593769311667e-10
1.874449339207048482e+01 2.016289334467863864e-10
1.876651982378854555e+01 2.016424075166415926e-10
1.878854625550660984e+01 2.016423815864968123e-10
1.881057268722467057e+01 2.016497556563520128e-10
1.883259911894273131e+01 2.016497297262072325e-10
1.885462555066079560e+01 2.016495037960624660e-10
1.887665198237885633e+01 2.016494778659176857e-10
1.889867841409691707e+01 2.016494519357728795e-10
1.892070484581497780e+01 2.016186260056280780e-10
1.894273127753304209e+01 2.016186000754832977e-10
1.896475770925110282e+01 2.016242741453385249e-10
1.898678414096916356e+01 2.016242482151937188e-10
1.900881057268722429e+01 2.016376222850489449e-10
1.903083700440528858e+01 2.016375963549041646e-10
1.905286343612334932e+01 2.016375704247593843e-10
1.907488986784141005e+01 2.015944444946145651e-10
1.909691629955947079e+01 2.015944185644697848e-10
1.911894273127753507e+01 2.016451926343250164e-10
1.914096916299559581e+01 2.016451667041802361e-10
1.916299559471365654e+01 2.016280407740354331e-10
1.918502202643172083e+01 2.016280148438906528e-10
1.920704845814978157e+01 2.016253889137458709e-10
1.922907488986784230e+01 2.016253629836010648e-10
1.925110132158590304e+01 2.016253370534562845e-10
1.927312775330396732e+01 2.016439111233114880e-10
1.929515418502202806e+01 2.016438851931667077e-10
1.931718061674008879e+01 2.016244592630219212e-10
1.933920704845814953e+01 2.016244333328771409e-10
1.936123348017621382e+01 2.016096074027323474e-10
1.938325991189427455e+01 2.016095814725875671e-10
1.940528634361233529e+01 2.016095555424427609e-10
1.942731277533039602e+01 2.016225296122979888e-10
1.944933920704846031e+01 2.016225036821532085e-10
1.947136563876652104e+01 2.016276777520084314e-10
1.949339207048458178e+01 2.016276518218636253e-10
1.951541850220264251e+01 2.015981258917188504e-10
1.953744493392070680e+01 2.015980999615740701e-10
1.955947136563876754e+01 2.016430740314292881e-10
1.958149779735682827e+01 2.016430481012844819e-10
1.960352422907489256e+01 2.016290221711396849e-10
1.962555066079295329e+01 2.016289962409949046e-10
1.964757709251101403e+01 2.016289703108501243e-10
1.966960352422907476e+01 2.016228443807053124e-10
1.969162995594713905e+01 2.016228184505605321e-10
1.971365638766519979e+01 2.016398925204157744e-10
1.973568281938326052e+01 2.016398665902709941e-10
1.975770925110132126e+01 2.016061406601261728e-10
1.977973568281938554e+01 2.016061147299813925e-10
1.980176211453744628e+01 2.016060887998366122e-10
1.982378854625550701e+01 2.016065628696918362e-10
1.984581497797356775e+01 2.016065369395470301e-10
1.986784140969163204e+01 2.016129110094022478e-10
1.988986784140969277e+01 2.016128850792574675e-10
1.991189427312775351e+01 2.016174591491126802e-10
1.993392070484581780e+01 2.016174332189678740e-10
1.995594713656387853e+01 2.016174072888230937e-10
1.997797356828193927e+01 2.016046813586783234e-10
